14, 18, 8, [-9.70997123081041, 37.19466387113058, -65.38887760631418, 30.072999723268147, 71.49668807362468, -109.8731191139167, 30.12399305996568, 35.00452386888158, -20.055521184850075], 15, 5.2512628298043116e-08, 1.3282938160601034e-20

14, 18, 8, [-9.709944207290913, 37.194389418198284, -65.38779119883361, 30.071136328583883, 71.49682516230112, -109.8682074781674, 30.115578149256102, 35.010621664419524, -20.057233115716947], 25, 4.347041772760839e-08, 1.1555339526431619e-20

14, 18, 8, [-9.709939132293988, 37.19433740834374, -65.38758317234421, 30.070774444272782, 71.49685954328618, -109.86725502448651, 30.11391980446134, 35.01183877210356, -20.05757900870562], 15, 5.229619213344375e-08, 1.3237666991945553e-20

14, 18, 8, [-9.709956743227076, 37.19451753836072, -65.3883018235653, 30.072019871188115, 71.49674891054816, -109.87053434183301, 30.119601594210963, 35.00768564280737, -20.056403482503722], 14, 5.26246073387584e-08, 1.330332555017412e-20

14, 18, 8, [-9.709967711395945, 37.194627203047745, -65.38872871910847, 30.07273658235519, 71.4967180707816, -109.8724273803693, 30.122775087557745, 35.00542335185776, -20.05577781492355], 12, 5.298588418246858e-08, 1.338143078570745e-20

14, 18, 8, [-9.709916726924204, 37.19411227718488, -65.3867019391122, 30.06928399162961, 71.49693990741366, -109.86332122327784, 30.107272260673515, 35.0166073862842, -20.05890569974439], 30, 3.215085421129715e-08, 8.682522230330398e-21

14, 18, 8, [-9.709982049354137, 37.19476947632843, -65.38927812435982, 30.073649674121206, 71.4966917177581, -109.87484138021296, 30.126782280463235, 35.00258742611154, -20.054998576258424], 30, 3.5542689667776555e-08, 9.027296859493575e-21

14, 18, 8, [-9.709946767566644, 37.19441411595199, -65.3878834847192, 30.071282749253776, 71.4968312496442, -109.86859641710608, 30.116190488234043, 35.01020700723361, -20.057124096162624], 20, 5.10787975817065e-08, 1.3002683743248355e-20

14, 18, 8, [-9.709949818644604, 37.19444836854838, -65.38803281825555, 30.071568753247288, 71.49676762770379, -109.8693426832786, 30.117605984248563, 35.009107172540496, -20.056796358031395], 35, 3.2289266250574135e-08, 9.169195023976084e-21

14, 18, 8, [-9.709968557076996, 37.19463308641337, -65.38874060070586, 30.072732133963598, 71.49675384049651, -109.87242198031393, 30.122651706131926, 35.00557460246915, -20.055836122259365], 30, 3.1078671070391556e-08, 8.67716010927122e-21

14, 18, 8, [-9.709954026350834, 37.19448914452815, -65.38818609210216, 30.071814202587056, 71.49677415854188, -109.86999402869696, 30.118643666494105, 35.0083970396355, -20.056607568302386], 35, 4.0201682296775704e-08, 1.0931506947302377e-20

14, 18, 8, [-9.70995202852355, 37.19447078539403, -65.38812152404117, 30.071721020129264, 71.4967560302143, -109.86974395566382, 30.118295417066335, 35.008606099048514, -20.05665520335557], 20, 5.242784854277594e-08, 1.3268525851067981e-20

14, 18, 8, [-9.709980356181536, 37.19475397862463, -65.38922383935221, 30.073571707851674, 71.49667612095168, -109.87463208595557, 30.12649152009152, 35.00276195104934, -20.055038447253484], 30, 3.2341888848374115e-08, 9.19106162967114e-21

14, 18, 8, [-9.709958143043796, 37.194530336325776, -65.38834655809563, 30.072083826864585, 71.49676229016714, -109.8707061419505, 30.1198381390065, 35.007545275157874, -20.056371964413813], 30, 3.1140820203210354e-08, 8.82641685828922e-21

14, 18, 8, [-9.7099246955394, 37.19419282184894, -65.38701916690478, 30.0698246503169, 71.49690499993787, -109.86474718724656, 30.109699788011177, 35.014856609774306, -20.05841628224886], 35, 4.786637874906059e-08, 1.0651224756913344e-20

14, 18, 8, [-9.709931857371204, 37.1942648530477, -65.3873014675229, 30.07030300657032, 71.49687775593199, -109.86600946026327, 30.111837991332386, 35.013319633985176, -20.057987789750328], 25, 4.572692634521954e-08, 1.1983584252506276e-20

14, 18, 8, [-9.709953967014204, 37.19448756255942, -65.38817568627778, 30.07178730089438, 71.49678911002505, -109.86992544143561, 30.11848422854868, 35.00853540735658, -20.056652293886554], 30, 4.364812241865389e-08, 1.0070773048197871e-20

14, 18, 8, [-9.709954117616576, 37.194489659676364, -65.38818640607752, 30.071811009387705, 71.49677969460616, -109.8699865584553, 30.118613870762484, 35.00842779990585, -20.056618544738484], 30, 3.104509363987598e-08, 8.757044193458936e-21

14, 18, 8, [-9.709954036872464, 37.19448967800637, -65.388189887366, 30.071824111171335, 71.49676891027788, -109.8700193643642, 30.118700594561123, 35.00834913569233, -20.056592581550063], 20, 4.917288565955705e-08, 1.2658007224398637e-20

14, 18, 8, [-9.709966748584977, 37.19461652906309, -65.38868280252989, 30.072650106136166, 71.49673513988957, -109.8722013333649, 30.122354292951176, 35.005745820904615, -20.055872692142287], 25, 3.3759697661488274e-08, 9.548421136848412e-21

14, 18, 8, [-9.709950908676689, 37.19445854187507, -65.38806934868832, 30.07162337350879, 71.4967749435122, -109.869488661329, 30.117820029877866, 35.0089712970338, -20.05676306044964], 50, 3.330376278121882e-08, 9.534852815350727e-21

14, 18, 8, [-9.709946662844152, 37.19441492895453, -65.387894535149, 30.071318558901957, 71.496804798193, -109.86868657852065, 30.116420875912507, 35.009999440885196, -20.057055546673624], 25, 3.536003747498215e-08, 9.90086931287616e-21

14, 18, 8, [-9.709930420989606, 37.19424992564278, -65.38724095223459, 30.070196120642827, 71.49689001477729, -109.86572850741867, 30.111342545699884, 35.01368626007985, -20.058092658628148], 30, 3.421538198205871e-08, 9.633259950949647e-21

14, 18, 8, [-9.709981246207878, 37.19476314920722, -65.38926071300345, 30.07363623443481, 71.49666950836033, -109.87480183898504, 30.1267884519232, 35.00254342940144, -20.05497623108327], 30, 3.4617722778109496e-08, 8.940658101463376e-21

14, 18, 8, [-9.709931863091763, 37.19426527755497, -65.38730478842058, 30.070312497664315, 71.49687135217779, -109.86603343419948, 30.111898340502538, 35.0132648584063, -20.05796943331343], 20, 5.163821376534255e-08, 1.3115049333495395e-20

14, 18, 8, [-9.709954334067744, 37.194491571686314, -65.38819268431264, 30.071818781374763, 71.49678363171374, -109.87000786247549, 30.118635145143923, 35.00842108622243, -20.056618998727007], 30, 3.6010125802533184e-08, 1.0049543909586448e-20

14, 18, 8, [-9.709937451234484, 37.194320301672406, -65.38751533482912, 30.070657869678282, 71.49686838202607, -109.8669477965783, 30.113392751336832, 35.012220978205704, -20.05768636221588], 40, 3.135118000171363e-08, 8.846423208355197e-21

14, 18, 8, [-9.709964761353461, 37.194597442453805, -65.38861180652037, 30.0725381150887, 71.49672958042372, -109.87190368321659, 30.121888291219527, 35.00605998599237, -20.05595493516061], 15, 5.2870350400821776e-08, 1.3358358099521377e-20

14, 18, 8, [-9.709930886262294, 37.19425545847511, -65.38726638313905, 30.070247709553776, 71.49687447794301, -109.86586236489276, 30.11161081777168, 35.01347001698539, -20.058026170457815], 30, 4.3908338759376195e-08, 1.1621346010315104e-20

14, 18, 8, [-9.709956841412524, 37.19451704991905, -65.38829364291504, 30.071992275713228, 71.49677027116206, -109.87046505733109, 30.119420729096525, 35.007850348392445, -20.056458335456046], 25, 3.504122173422063e-08, 9.828641434363646e-21

