14, 18, 16, [-18.770948868256617, 165.23390560998064, -901.6550200337254, 3386.5535531421556, -9146.825208479435, 17870.100855233562, -24272.35648192977, 19495.728108138843, -1122.2893047344835, -17721.566316260774, 17927.910618740952, 2152.961118139491, -22185.348521977852, 24832.239417080178, -14344.833447250474, 4486.960733344699, -605.0431062790351], 6, 0.00041880310174657013, 1.4045534038337912e-16

14, 18, 16, [-18.770948833769058, 165.2339047240141, -901.6550098382227, 3386.553483917472, -9146.824901921736, 17870.099936333772, -24272.354633538533, 19495.725819406667, -1122.2882283036774, -17721.56484089927, 17927.907874438875, 2152.9618245552037, -22185.34572912526, 24832.235242572297, -14344.83061902625, 4486.959737568263, -605.0429584137693], 3, 0.001444487858711992, 2.655535126709872e-16

14, 18, 16, [-18.77094883353092, 165.23390468315668, -901.6550089765152, 3386.5534754698024, -9146.824853260825, 17870.0997571373, -24272.35420439551, 19495.7251891475, -1122.2878236801562, -17721.564512888417, 17927.90702161352, 2152.962175469417, -22185.34492078391, 24832.23384450582, -14344.829602457427, 4486.95936107798, -605.0429002120699], 4, 0.0014684270622957198, 2.6806740500261104e-16

14, 18, 16, [-18.770948821073794, 165.23390436001407, -901.6550052078319, 3386.5534494500525, -9146.824735715973, 17870.099396515856, -24272.353458735644, 19495.72423152172, -1122.2873298800596, -17721.56393056181, 17927.905832764496, 2152.962544967631, -22185.34373852284, 24832.231976896343, -14344.828295597821, 4486.958888531447, -605.0428283483654], 4, 0.0013951437046866415, 2.591374119601673e-16

14, 18, 16, [-18.77094883803923, 165.233904802427, -901.6550103647841, 3386.5534848370257, -9146.824893734318, 17870.099873043175, -24272.354420862284, 19495.72542419171, -1122.287887962636, -17721.56470402595, 17927.907259003372, 2152.962189070757, -22185.345194160007, 24832.234130295776, -14344.829743077793, 4486.959394261398, -605.0429028637037], 6, 0.0010631568496604702, 2.1898508504697066e-16

14, 18, 16, [-18.770948894290836, 165.23390629586493, -901.6550280723282, 3386.5536083170095, -9146.825453519552, 17870.10158539114, -24272.357926438675, 19495.72983648306, -1122.2900224539133, -17721.567517073385, 17927.912597425206, 2152.9607779631283, -22185.350606407486, 24832.242245077552, -14344.835234477541, 4486.961321879384, -605.0431878791155], 6, 0.0006973426455365032, 1.74552603266746e-16

14, 18, 16, [-18.77094885353819, 165.23390520678632, -901.6550150798302, 3386.5535172169607, -9146.825038589941, 17870.10031146107, -24272.355311808784, 19495.726542024993, -1122.288432590506, -17721.565408396815, 17927.90861658483, 2152.961809338997, -22185.346562294017, 24832.236226133067, -14344.831185932262, 4486.959909675269, -605.042980480195], 5, 0.001328160059757886, 2.509420111826427e-16

14, 18, 18, [-18.787162962567404, 165.67930301863183, -907.0744535010801, 3424.7910457677453, -9317.957980796169, 18363.853139606155, -25136.08988712656, 20168.442385380862, -778.7603710092304, -18158.834819470874, 15248.692455596185, 7805.517844484179, -21292.50047153347, 5954.362471875914, 19803.065643025642, -28030.368110329982, 17687.80815027289, -5779.153812965408, 796.3146802394245], 4, 0.0005503022926231855, 8.010314376754407e-17

14, 18, 16, [-18.770948872506807, 165.23390574321994, -901.6550218290907, 3386.553566989674, -9146.825276543477, 17870.101077639578, -24272.3569632141, 19495.72874590898, -1122.2896419052538, -17721.566706233556, 17927.911414868347, 2152.9608852170695, -22185.34931814644, 24832.24063246093, -14344.83427109849, 4486.961020997244, -605.0431483660518], 6, 0.0009604041894656992, 2.0663395240951462e-16

14, 18, 16, [-18.770948860763937, 165.2339054301942, -901.6550181051692, 3386.553540957568, -9146.825158365533, 17870.10071613115, -24272.356224476676, 19495.727820819266, -1122.2892033876499, -17721.566106897495, 17927.910304307436, 2152.961158967138, -22185.348183644346, 24832.238968693648, -14344.8331640945, 4486.96063908511, -605.0430929433242], 7, 0.0006528374370512756, 1.6945296165154135e-16

14, 18, 16, [-18.770948845244362, 165.2339049884774, -901.6550124995315, 3386.5534991665586, -9146.824955918655, 17870.10005397015, -24272.35476998895, 19495.725830019328, -1122.288044751575, -17721.56499282662, 17927.907713191176, 2152.962121409577, -22185.345677457593, 24832.234776026064, -14344.83014980809, 4486.959528577342, -605.0429216362747], 6, 0.0011050373044119127, 2.235584374218948e-16

14, 18, 18, [-18.787163029355536, 165.67930490375974, -907.0744773144679, 3424.791223016672, -9317.958839807452, 18363.855951958427, -25136.0960569288, 20168.45074561629, -778.7649795057869, -18158.839740876563, 15248.702175535855, 7805.51700833834, -21292.511885262997, 5954.370529587249, 19803.07464750585, -28030.3873411422, 17687.82259933143, -5779.159139580259, 796.3154872263652], 5, 0.0005479980191636785, 7.683050474154907e-17

14, 18, 16, [-18.770948835201906, 165.2339047433019, -901.6550098343575, 3386.553482199474, -9146.824886130868, 17870.09986222721, -24272.354424148347, 19495.725466014857, -1122.2879522019664, -17721.564695664325, 17927.907349293768, 2152.9621028121237, -22185.345257575354, 24832.23432527027, -14344.829917570632, 4486.959468810183, -605.0429157940299], 6, 0.000415939752683976, 1.4043191077011924e-16

14, 18, 16, [-18.770948850052932, 165.23390511293198, -901.6550139498547, 3386.5535091955408, -9146.825001419798, 17870.100194572195, -24272.355063752413, 19495.72621315852, -1122.2882502869838, -17721.565218952896, 17927.90819647283, 2152.961958633906, -22185.34615266364, 24832.235548056527, -14344.830698966996, 4486.959729895397, -605.0429526390952], 6, 0.0014202365513250404, 2.6196223110237234e-16

14, 18, 16, [-18.77094885307183, 165.23390521888422, -901.6550155158635, 3386.553522299317, -9146.825070859788, 17870.100438506997, -24272.355632039966, 19495.727033801406, -1122.2887690514806, -17721.565649863463, 17927.90930163625, 2152.961506453844, -22185.347202706595, 24832.237363622804, -14344.832020488373, 4486.960219943077, -605.0430284878862], 6, 0.0014353148458422236, 2.639270540456028e-16

14, 18, 18, [-18.787163052397865, 165.67930553705384, -907.0744851487051, 3424.7912804342045, -9317.959115203008, 18363.856848467778, -25136.098021138125, 20168.453416666223, -778.7664771520168, -18158.84128559144, 15248.70530862203, 7805.516682276418, -21292.51555486103, 5954.373201986501, 19803.07751951642, -28030.393633247706, 17687.827380300398, -5779.160917400615, 796.3157585604077], 4, 0.0005651934172656563, 8.205755764768273e-17

14, 18, 16, [-18.770948864496802, 165.23390550547617, -901.6550187212117, 3386.5535433483824, -9146.82516055353, 17870.10069569115, -24272.35612281406, 19495.727599668182, -1122.288985863844, -17721.56605212845, 17927.90993465332, 2152.9614090262935, -22185.347875846677, 24832.238270929225, -14344.832596808781, 4486.960411974045, -605.0430555789187], 3, 0.001421992466065245, 2.62207418018976e-16

14, 18, 16, [-18.770948850069473, 165.2339051210637, -901.6550141285563, 3386.5535109528864, -9146.825011427027, 17870.100230631324, -24272.355147358525, 19495.726330022473, -1122.2883166074523, -17721.565288251197, 17927.90834600623, 2152.961912825829, -22185.346300947742, 24832.235774736368, -14344.830851248598, 4486.959782303765, -605.0429601646346], 3, 0.00140118532571396, 2.6030879333113025e-16

14, 18, 16, [-18.770948871838357, 165.2339056922423, -901.6550208453593, 3386.55355757076, -9146.825222502914, 17870.100877754983, -24272.35648024239, 19495.72802742695, -1122.2891684318633, -17721.56634272273, 17927.910430099117, 2152.961308279962, -22185.348391639924, 24832.239000029575, -14344.83307386523, 4486.960575028169, -605.0430791434152], 3, 0.0014008330027910105, 2.604295590961809e-16

14, 18, 18, [-18.78716299098192, 165.67930384254126, -907.0744641976042, 3424.79112759652, -9317.9583883209, 18363.854510614154, -25136.092980257094, 20168.44671396641, -778.7629195495717, -18158.837243074144, 15248.697649662914, 7805.5171745956895, -21292.506521477262, 5954.367014311162, 19803.070340331768, -28030.378616257, 17687.816181304515, -5779.156808884799, 796.315138356026], 5, 8.987420052001636e-05, 2.4133053999675514e-17

14, 18, 16, [-18.770948878123537, 165.23390588587782, -901.6550234478299, 3386.553577786015, -9146.825323262821, 17870.10121347631, -24272.357225235093, 19495.72904955827, -1122.2897562259668, -17721.56692640208, 17927.911751969423, 2152.9608443966417, -22185.349681011823, 24832.24109879353, -14344.834553779954, 4486.9611101187065, -605.0431601250334], 6, 0.0004106093511438366, 1.396177353358315e-16

14, 18, 16, [-18.77094887607783, 165.23390583661114, -901.6550229173758, 3386.5535744190997, -9146.82530931473, 17870.1011742919, -24272.357151229502, 19495.728963815487, -1122.2897211289935, -17721.566868093898, 17927.91165349608, 2152.9608656242294, -22185.34957865373, 24832.24095001305, -14344.834453615771, 4486.961074798853, -605.043154849154], 6, 0.0008168044389108317, 1.8904422687069917e-16

14, 18, 16, [-18.77094883154195, 165.23390461982956, -901.6550080879082, 3386.553468241836, -9146.824815543125, 17870.099625705916, -24272.353899362835, 19495.72474913301, -1122.2875450424056, -17721.564282645184, 17927.906428268365, 2152.9624201202573, -22185.34435764646, 24832.232866994804, -14344.828889292627, 4486.959096120543, -605.042859136336], 6, 0.0005373862098436272, 1.5520315124069532e-16

14, 18, 16, [-18.77094885140375, 165.23390517229518, -901.6550149412254, 3386.5535181856662, -9146.825052008588, 17870.100381265016, -24272.355518405242, 19495.726900697307, -1122.2887213525178, -17721.56554903614, 17927.90915716011, 2152.961512904642, -22185.34704304683, 24832.237179789765, -14344.831921684312, 4486.960193556774, -605.0430257892461], 3, 0.0014198980928226944, 2.6267318150372957e-16

14, 18, 18, [-18.787163024565448, 165.6793047931216, -907.0744762341352, 3424.7912174120797, -9317.958824984227, 18363.85594657758, -25136.096151147423, 20168.45105705512, -778.7653886542097, -18158.839723837493, 15248.702771735612, 7805.51658313645, -21292.512502734815, 5954.37146037051, 19803.07498728478, -28030.388997464193, 17687.824151086395, -5779.1598015797845, 796.3155997816332], 3, 0.0006131258835253712, 8.822356334393315e-17

14, 18, 16, [-18.770948858530097, 165.23390536057036, -901.6550171544022, 3386.5535334234746, -9146.825119891057, 17870.10058412355, -24272.355920736845, 19495.727382977395, -1122.2889216796366, -17721.565884936284, 17927.909709283795, 2152.9614204266736, -22185.34762576703, 24832.23796440642, -14344.832413420338, 4486.960353748701, -605.0430476903811], 7, 0.0007603804441103503, 1.8232887086434725e-16

14, 18, 16, [-18.770948846711185, 165.23390504077008, -901.6550132914842, 3386.553505983534, -9146.824993152992, 17870.100188957094, -24272.35509511023, 19495.72631802604, -1122.2883764728367, -17721.56522874439, 17927.908392962152, 2152.961807898457, -22185.346308511605, 24832.235930028124, -14344.831014068708, 4486.959856247707, -605.0429733288009], 6, 0.00045518733291823114, 1.4520557481392108e-16

14, 18, 16, [-18.770948869300533, 165.2339056311495, -901.6550201853258, 3386.553553364914, -9146.82520508446, 17870.10082932481, -24272.356391397367, 19495.727931452195, -1122.2891409716735, -17721.56626637456, 17927.910331356597, 2152.96130725138, -22185.34827950355, 24832.238875096064, -14344.83300745112, 4486.960557278862, -605.0430773025466], 6, 0.000436772112308693, 1.4294886448094142e-16

14, 18, 16, [-18.770948811191587, 165.23390408820902, -901.6550018681227, 3386.5534253133224, -9146.824622309477, 17870.099036881227, -24272.352694290676, 19495.723225790516, -1122.286792571631, -17721.563328099546, 17927.90456902877, 2152.9629465379944, -22185.342486981717, 24832.229997957158, -14344.826916536125, 4486.958393093937, -605.042753606459], 6, 0.0007272454358808398, 1.7820340557690347e-16

14, 18, 18, [-18.78716306059494, 165.67930575874428, -907.0744878011906, 3424.7912989124134, -9317.959197948103, 18363.857094995725, -25136.09850262342, 20168.453970377144, -778.7666637291366, -18158.841701793142, 15248.705832424022, 7805.516798456239, -21292.516203560626, 5954.373468550381, 19803.078081445736, -28030.39451137576, 17687.82795472679, -5779.161110080806, 796.315785898025], 3, 0.000603764765600122, 8.685252130142858e-17

