14, 18, 10, [-3.0884304272665077, -5.371463991261873, 17.92501077799246, 19.379037384335895, -30.375628241885806, -86.10587243070589, -14.121850578464748, 243.77422519337472, 252.42251466138478, -852.0040050381144, 466.26303766686755], 13, 9.553398917043684e-07, 2.47499038468711e-19

14, 18, 10, [-3.088414491732883, -5.371549098363827, 17.925097137050077, 19.379213494727292, -30.375729727835715, -86.1064151478863, -14.122108410655265, 243.77557995624292, 252.42427616324485, -852.0089342796147, 466.26560894711974], 10, 9.574641774286682e-07, 2.4820751667039614e-19

14, 18, 10, [-3.088415081464834, -5.371546179434652, 17.92509467020475, 19.379207536524607, -30.375727883196273, -86.10639896429144, -14.122097447891285, 243.7755449843924, 252.42422133171738, -852.008809765828, 466.26555099161783], 11, 9.571199444814296e-07, 2.4819458909294876e-19

14, 18, 10, [-3.088423945469998, -5.371499059080557, 17.92504733848438, 19.379110100523356, -30.37567330983762, -86.10610084397493, -14.121952516956627, 243.77480630764006, 252.42325135975068, -852.0061252249576, 466.26415797920436], 14, 9.558693506359964e-07, 2.468385279378333e-19

14, 18, 10, [-3.0884061172173984, -5.371594296439681, 17.925144012843077, 19.37930719025144, -30.3757869704758, -86.10670834243355, -14.122241006879799, 243.77632293742894, 252.4252230781746, -852.0116431460115, 466.26703628298895], 14, 9.554678338187055e-07, 2.4751179669523613e-19

14, 18, 10, [-3.0884154321342834, -5.371544499195897, 17.925093376726732, 19.379204129599678, -30.375727235365456, -86.10639027045302, -14.122090616613745, 243.77552775190784, 252.42419122002045, -852.008749254649, 466.26552514396235], 15, 9.54652984037394e-07, 2.4697574164707554e-19

14, 18, 10, [-3.0884055525204768, -5.371597252321929, 17.925146883733223, 19.379313285186377, -30.375790071372744, -86.10672656073486, -14.122250507623354, 243.77636701485662, 252.42528280248885, -852.0118028299376, 466.26711778725223], 2, 9.540182862543472e-07, 2.47940054001274e-19

14, 18, 10, [-3.0884222926595553, -5.371507552253025, 17.925055226184423, 19.379127568387602, -30.37568099299928, -86.10615142461326, -14.121981529064772, 243.77492426203224, 252.423419084456, -852.0065497852983, 466.26436841593295], 13, 9.550875442050464e-07, 2.473525078978194e-19

14, 18, 10, [-3.0884167855218227, -5.37153709011648, 17.925085475787917, 19.37918872906828, -30.375717147650125, -86.10634114166548, -14.122069746888377, 243.77540104059227, 252.42403348109448, -852.0082863495452, 466.26527855478497], 12, 9.560362775651012e-07, 2.4778120946090257e-19

14, 18, 10, [-3.088429738028655, -5.371467872608829, 17.925015141310418, 19.37904549136207, -30.375634263085907, -86.10589926957786, -14.1218605746101, 243.77429673636806, 252.42259985207463, -852.0042674707786, 466.26318030376706], 14, 9.55893333166291e-07, 2.468866561005472e-19

14, 18, 10, [-3.0884146973704545, -5.371548172530612, 17.925096556979987, 19.379211649275465, -30.375729787652578, -86.10641101310947, -14.12210418763083, 243.77557333858599, 252.424261191378, -852.0089117257146, 466.26560170565347], 12, 9.56743562991679e-07, 2.479989878210544e-19

14, 18, 10, [-3.0884277057673537, -5.37147826013719, 17.92502468542302, 19.379066817012827, -30.375643366643498, -86.10596061747692, -14.121896263085734, 243.77443904730515, 252.42280356127353, -852.0047799413077, 466.2634337585736], 15, 9.550471492810728e-07, 2.473097832644477e-19

14, 18, 10, [-3.088423342449226, -5.371502042641586, 17.925049845042803, 19.379116200728877, -30.37567511853919, -86.1061173183319, -14.12196392495352, 243.77484145090537, 252.4233073942387, -852.0062496960295, 466.2642149112862], 13, 9.55102760753675e-07, 2.473878877029055e-19

14, 18, 10, [-3.08841558836465, -5.371543712284068, 17.925092678107056, 19.37920251981179, -30.375726622600045, -86.10638574352636, -14.12208782739607, 243.77551750249793, 252.42417608424947, -852.0087124295245, 466.26550724418263], 14, 9.550785186542942e-07, 2.4730963759881715e-19

14, 18, 10, [-3.0884133620122065, -5.371555354046594, 17.92510395770284, 19.379226521679584, -30.37573874181052, -86.10645736310006, -14.122125380946674, 243.7756904350862, 252.42441102440887, -852.0093386922271, 466.2658263846341], 11, 9.567011343613785e-07, 2.4802703613602514e-19

14, 18, 10, [-3.0884281188761764, -5.371476221441578, 17.92502298010717, 19.379062654471518, -30.375642145189662, -86.1059493983378, -14.121888485257113, 243.77441511304372, 252.42276540720002, -852.0046950435453, 466.26339482858845], 12, 9.560500540611356e-07, 2.4774042899699824e-19

14, 18, 10, [-3.0884262755810443, -5.371486360639076, 17.925033902130664, 19.379083738895, -30.37565633266193, -86.10601716496056, -14.121916475052227, 243.77459124878771, 252.42298239540978, -852.0053394479052, 466.26373998838307], 11, 9.5663943800147e-07, 2.479831883430849e-19

14, 18, 10, [-3.088415329769686, -5.371544839174638, 17.925093277339, 19.37920476035553, -30.375726170520924, -86.10639025742661, -14.122093557793173, 243.77552283195243, 252.4241932546579, -852.0087288715803, 466.26550819310455], 14, 9.54442822167859e-07, 2.4711742956428403e-19

14, 18, 10, [-3.088439497322102, -5.371415546128839, 17.924961608886516, 19.378937137391063, -30.375570432818623, -86.10556344709137, -14.121703878029843, 243.7734537350523, 252.42151185818776, -852.0011980042249, 466.2615731823231], 15, 9.551015449842308e-07, 2.474158516507195e-19

14, 18, 10, [-3.0884085028552297, -5.371581549016168, 17.925131064575577, 19.379280809488268, -30.375771726972637, -86.10662698778762, -14.122202438699642, 243.77611972222033, 252.4249590785213, -852.0109037140337, 466.2666504156191], 14, 9.54744209008712e-07, 2.4709628876484865e-19

14, 18, 10, [-3.0884387563059827, -5.371419348582702, 17.924965128872913, 19.378944955630338, -30.375573835877763, -86.10558603678349, -14.121716912617616, 243.77350628696954, 252.42158682144452, -852.0013870884283, 466.2616667213909], 12, 9.556980686350788e-07, 2.4766271588178585e-19

14, 18, 10, [-3.0884113861402804, -5.3715659204750565, 17.925114707978896, 19.379248392600527, -30.375751432709244, -86.1065248838207, -14.122157284746775, 243.77585926743396, 252.42463005863038, -852.0099530849244, 466.2661472129321], 13, 9.547419088385812e-07, 2.4705615813827565e-19

14, 18, 10, [-3.0884219804880426, -5.371508868512517, 17.925055812986177, 19.37913016357453, -30.375680097865168, -86.10615613975199, -14.121988670930255, 243.7749279253772, 252.42343781931925, -852.0065591910846, 466.26436298984834], 13, 9.557497041781845e-07, 2.4762676472917135e-19

14, 18, 10, [-3.088417844503703, -5.371531242252998, 17.9250791161709, 19.379176571736593, -30.375708736903114, -86.10630176763665, -14.12205400946537, 243.7752977827238, 252.42390782544513, -852.0079077033827, 466.26507429480336], 15, 9.561382994461835e-07, 2.467531838650376e-19

14, 18, 10, [-3.08841297630645, -5.371557661042731, 17.925106835123437, 19.379231377829957, -30.375743279926372, -86.1064747052813, -14.122130001791833, 243.7757397450754, 252.424464743921, -852.0095213298438, 466.26592956144896], 13, 9.546702888604188e-07, 2.4706558374200674e-19

14, 18, 10, [-3.0884152692898117, -5.371545331250059, 17.92509414147946, 19.379205836894116, -30.375727967516994, -86.10639518528623, -14.122093463508111, 243.77553917682894, 252.42420752783465, -852.0087904400002, 466.2655455703484], 12, 9.56741001645191e-07, 2.4802354775999253e-19

14, 18, 10, [-3.088409056010058, -5.3715785492624555, 17.925127917476647, 19.37927459102651, -30.375767795906963, -86.10660735536091, -14.122193859875056, 243.77606945307684, 252.42489590802737, -852.0107199791634, 466.2665527941912], 12, 9.568126156323635e-07, 2.4799926544918344e-19

14, 18, 10, [-3.088433070098534, -5.371449740094259, 17.924996023918958, 19.379007846337956, -30.375610278483055, -86.10578011320725, -14.121808662047572, 243.77399152678922, 252.42221639235913, -852.0031532302492, 466.26258917975423], 15, 9.548543044257107e-07, 2.471514550759602e-19

14, 18, 10, [-3.0884193952702006, -5.371523043006806, 17.92507098013477, 19.379159629227413, -30.37569958099064, -86.10625038052095, -14.12202831000048, 243.7751716629631, 252.42374010411967, -852.007450128875, 466.2648385588317], 13, 9.550894511141956e-07, 2.472982811993398e-19

14, 18, 10, [-3.0884139157071537, -5.3715524257084395, 17.925101046995344, 19.379220473235904, -30.37573544819542, -86.10643898786883, -14.122116261200922, 243.77564520843018, 252.4243511124368, -852.0091744292749, 466.2657415049683], 11, 9.562674857459893e-07, 2.478618534571084e-19

