15, 17, 11, [19865.877867518022, -69610.40604927386, 30577.149388694994, 87092.32168794164, 17403.294308917233, -107877.48348085284, -133849.24648050452, 33974.08697332484, 258598.9638784518, 139553.86831877194, -493534.5193430522, 217940.04506056788], 3, 0.22410131496249386, 1.467052813475695e-11

15, 17, 12, [12732.082208809092, -39580.99460883483, 7078.829772561002, 48001.78973684562, 30571.82709005787, -34662.14892439019, -85941.81513484758, -52952.96829631082, 73574.55956772841, 176633.20025306745, 39212.992575976146, -347781.9858585538, 173267.542415971], 15, 0.229135047973276, 1.5004696969550054e-11

15, 17, 11, [19865.877873059435, -69610.4060688889, 30577.149397593916, 87092.3217126291, 17403.294313433467, -107877.48351200069, -133849.24651849773, 33974.086983941714, 258598.96395321106, 139553.86835806823, -493534.51948653586, 217940.045124536], 5, 0.22412350239486536, 1.4679360385147934e-11

15, 17, 10, [32040.383795546244, -127475.75729911175, 95535.47131474742, 148409.09951443973, -61265.15883287907, -254946.07536959206, -94683.32296139028, 354814.2981488404, 353099.70078699366, -728598.5586349325, 283187.32836988603], 25, 0.2194225020019357, 1.4350002332852464e-11

15, 17, 10, [32040.38375091816, -127475.75712009936, 95535.47117824333, 148409.0993057138, -61265.1587425192, -254946.07500668959, -94683.32283148933, 354814.2976377352, 353099.70028628164, -728598.5575838193, 283187.3279580777], 9, 0.22157133759722986, 1.4374414149028669e-11

15, 17, 12, [12732.082209087372, -39580.99460970528, 7078.829772724122, 48001.78973790705, 30571.82709072312, -34662.14892517319, -85941.81513675602, -52952.96829746547, 73574.55956939701, 176633.20025700808, 39212.992576808305, -347781.985866365, 173267.54241989335], 13, 0.23136531461448673, 1.502972941041135e-11

15, 17, 11, [19865.877882211218, -69610.40610127666, 30577.149412278435, 87092.32175338714, 17403.294320902325, -107877.48356340716, -133849.24658122103, 33974.08700144159, 258598.96407659288, 139553.8684229506, -493534.51972332015, 217940.04523008477], 2, 0.22383471096649252, 1.4662958378780723e-11

15, 17, 12, [12732.08220042713, -39580.99458261884, 7078.829767663573, 48001.78970488319, 30571.827069991148, -34662.14890086618, -85941.81507739915, -52952.968261460446, 73574.55951766658, 176633.20013453742, 39212.99255070755, -347781.9856239484, 173267.54229838293], 14, 0.23116939038925546, 1.5026882229498597e-11

15, 17, 12, [12732.082211247638, -39580.99461645181, 7078.829773970653, 48001.78974612177, 30571.827095900484, -34662.14893118837, -85941.81515150602, -52952.968306453164, 73574.55958218529, 176633.20028740665, 39212.992583369094, -347781.98592643335, 173267.54244994238], 14, 0.2317366461647986, 1.503580071237943e-11

15, 17, 12, [12732.082206451216, -39580.99460142508, 7078.829771131529, 48001.78972777523, 30571.827084425953, -34662.14891761846, -85941.81511849661, -52952.96828651003, 73574.55955328887, 176633.20021923195, 39212.99256898957, -347781.98579131643, 173267.54238211742], 14, 0.2304246380192524, 1.501597642577278e-11

