14, 18, 15, [276.4102713674775, -2905.655532462929, 12379.246300053333, -26353.84343685414, 24104.085007872036, 7398.938584118702, -29619.31197002481, 643.4971367020954, 32263.47475649614, -3857.1129934577693, -36063.092211773735, 11236.28993670459, 39259.847240298994, -45598.20772911784, 20209.98407654407, -3375.54933696657], 2, 0.0006124831519062319, 3.278979125331388e-14

14, 18, 15, [276.41026967590443, -2905.655515158392, 12379.246227508806, -26353.843285127132, 24104.084873453194, 7398.938537001414, -29619.31180420666, 643.497140352917, 32263.474577263387, -3857.112980711123, -36063.09201380587, 11236.28988462365, 39259.84702578013, -45598.20749103547, 20209.98397424489, -3375.549320359975], 7, 0.0005870999301256318, 3.239899816435833e-14

14, 18, 16, [185.9793939209659, -1859.1378427007865, 7315.835347651819, -13643.846067842587, 8704.174541942659, 8644.86857423367, -12041.09185357357, -8052.222879258582, 12639.369485049923, 10415.8082271614, -12313.606449986144, -13470.628466031201, 13632.500838026086, 14342.393324453362, -25025.33695235091, 12882.63716931397, -2358.696290555252], 2, 0.000685653343948298, 3.816481008334903e-14

14, 18, 16, [185.97939462048913, -1859.1378496331827, 7315.835375268772, -13643.846120421573, 8704.17457708298, 8644.868606621227, -12041.09190219826, -8052.222909232623, 12639.369536934406, 10415.808266980297, -12313.60650160118, -13470.62851894277, 13632.500895700847, 14342.39338147751, -25025.33705651638, 12882.637224062742, -2358.6963007484705], 4, 0.0006895769013397572, 3.825288183337296e-14

14, 18, 15, [276.41026989028404, -2905.655516200225, 12379.24622633739, -26353.843268066943, 24104.084835210175, 7398.9385539944515, -29619.31175986986, 643.4971055212097, 32263.47452218259, -3857.1129355167145, -36063.091941839586, 11236.28982138837, 39259.846943671764, -45598.20735064247, 20209.98389953435, -3375.549306095086], 6, 0.0005933970595996201, 3.2508504923461007e-14

14, 18, 15, [276.4102711257258, -2905.6555296760675, 12379.246286808662, -26353.843404901272, 24104.08497262769, 7398.938581074671, -29619.311927450082, 643.4971264853433, 32263.4747082703, -3857.1129769677336, -36063.0921549633, 11236.289907535778, 39259.847177356605, -45598.20764321551, 20209.984034876557, -3375.549329487694], 2, 0.0006153196232631904, 3.2925726962222926e-14

14, 18, 15, [276.41027522031663, -2905.6555729319957, 12379.24647484807, -26353.843816159828, 24104.085365898267, 7398.9386804557225, -29619.312408906742, 643.4971616436375, 32263.475237756167, -3857.113067865334, -36063.09275418837, 11236.290122848815, 39259.84783217762, -45598.20843471876, 20209.984394089042, -3375.5493906669653], 5, 0.0006111110920291093, 3.275771185788793e-14

14, 18, 16, [185.97939544130887, -1859.1378574896312, 7315.835405275924, -13643.846174318465, 8704.174608287924, 8644.868642966754, -12041.091945324515, -8052.222943917483, 12639.369580106395, 10415.808309785833, -12313.60654065506, -13470.62857094221, 13632.50093699753, 14342.393435037598, -25025.33713636407, 12882.637261636166, -2358.696307069164], 2, 0.0006915462680422885, 3.820550573862487e-14

14, 18, 15, [276.410277937744, -2905.655601766665, 12379.246600673681, -26353.84409224428, 24104.08563071647, 7398.938746950473, -29619.312733200266, 643.4971852566299, 32263.475594500687, -3857.1131283503196, -36063.09315768607, 11236.29026629678, 39259.84827280547, -45598.2089647348, 20209.984633626806, -3375.5494312826877], 6, 0.0006049426135172261, 3.264742239074919e-14

14, 18, 15, [276.41027325705807, -2905.6555524178184, 12379.246386632203, -26353.843625414076, 24104.085186371223, 7398.93863204522, -29619.312188946908, 643.4971487227774, 32263.47499657238, -3857.1130294649433, -36063.09248201996, 11236.290027599423, 39259.847534858, -45598.20807743432, 20209.984232257102, -3375.5493631177037], 6, 0.0005982599186366163, 3.25612859381428e-14

