13, 18, 13, [3853.0728776794535, -22023.648053668945, 37889.95055645161, 951.2293063370963, -46956.57837185747, -15539.366699273683, 57040.44155617676, 55417.69369344335, -50346.94932335789, -112194.90625386368, 35178.441173518564, 194175.57820160637, -190391.41893621284, 52946.39689908305], 10, 0.020226469942216704, 1.284748355022429e-12

13, 18, 13, [3853.0728799612207, -22023.64806791731, 37889.950583973434, 951.2293032614573, -46956.5784077179, -15539.3667051959, 57040.44160531771, 55417.69373171291, -50346.949375106225, -112194.90634540247, 35178.44121888428, 194175.57837117685, -190391.4191207859, 52946.39695390235], 2, 0.020520742990737403, 1.2910239290518549e-12

13, 18, 13, [3853.0728741102366, -22023.648033817783, 37889.950523654785, 951.2293037923823, -46956.57833199807, -15539.366683334447, 57040.441510337674, 55417.69364449205, -50346.94928684311, -112194.90616133492, 35178.44115240383, 194175.57804678447, -190391.4187931848, 52946.39686099969], 15, 0.02016342908720224, 1.2774171912527823e-12

13, 18, 13, [3853.0728755192504, -22023.648041900437, 37889.950537641314, 951.229304045093, -46956.57834938046, -15539.366688937014, 57040.441531594064, 55417.69366491254, -50346.949305801405, -112194.9062030173, 35178.44116585125, 194175.5781191697, -190391.41886454922, 52946.39688091493], 11, 0.02023373767852564, 1.2849635304598555e-12

13, 18, 12, [6173.514840997365, -38718.03040087914, 79620.30422965472, -26297.85909339982, -92977.8944020025, 27737.161747438142, 137062.50957300008, 3562.3882864427305, -206209.5247245568, -34882.07086700984, 357432.93252278503, -283653.0363291458, 71149.4181715461], 13, 0.019974512015152983, 1.205266025168742e-12

13, 18, 12, [6173.514813037482, -38718.030224012, 79620.30386189705, -26297.858966812702, -92977.89397171415, 27737.16161050704, 137062.50893306645, 3562.3882807568616, -206209.52375346204, -34882.07071632117, 357432.9308349519, -283653.03497726354, 71149.41783023483], 15, 0.018818763285068756, 1.1992574640929742e-12

13, 18, 12, [6173.514811256545, -38718.03021174456, 79620.3038336626, -26297.858953412706, -92977.89393828833, 27737.16159332393, 137062.50887921735, 3562.388289130732, -206209.52366489905, -34882.0707141276, 357432.9306763855, -283653.03483864834, 71149.41779300841], 15, 0.018754088965154295, 1.1963602877053081e-12

13, 18, 12, [6173.514832695311, -38718.030347895765, 79620.30411824454, -26297.85905341379, -92977.89427144841, 27737.16170303231, 137062.50937701008, 3562.388288499457, -206209.52442421872, -34882.070825283045, 357432.9319988974, -283653.03590474825, 71149.41806349761], 15, 0.018789968180217848, 1.1956787107163153e-12

13, 18, 12, [6173.514814178139, -38718.0302306862, 79620.30387433268, -26297.85896919124, -92977.89398603333, 27737.161611738265, 137062.50895223918, 3562.388285350755, -206209.5237791498, -34882.0707259969, 357432.93087740004, -283653.035005666, 71149.41783635011], 11, 0.020949387079355022, 1.215953563852594e-12

13, 18, 13, [3853.0728820000513, -22023.648079893177, 37889.95060538125, 951.2293028069154, -46956.57843471989, -15539.366712585055, 57040.441639570956, 55417.693762551644, -50346.949407470296, -112194.90641144948, 35178.44124379104, 194175.57848826854, -190391.41924012065, 52946.396987933564], 11, 0.01998773122969909, 1.2782453316970001e-12

