13, 18, 9, [-5.1550927722749345, 6.97369884248513, 3.1265891961662846, -6.730860449505788, -9.617408618639647, 2.318616146751888, 19.714990254321815, 10.529909934195416, -43.71575253556189, 21.672557366571287], 13, 1.3279651379280493e-11, 1.4905032606195553e-23

13, 18, 8, [-5.727572758475484, 9.740546667695767, 0.4834539281242146, -11.558917927645243, -6.0002381898183295, 16.512487963771104, 18.4488166133271, -39.668300924792355, 16.830453491998036], 15, 1.2261322153472852e-10, 1.3727429444683186e-22

13, 18, 9, [-5.155121229642713, 6.973794191784713, 3.126579025817218, -6.731014392824735, -9.617527925731734, 2.3187895520691613, 19.715441638486755, 10.52996561558933, -43.71693167033274, 21.67328306536459], 13, 1.9413813260569685e-11, 2.1775290571952983e-23

13, 18, 9, [-5.15512669971529, 6.97381237309201, 3.126577281338206, -6.731043532714784, -9.617550860449608, 2.318821772935178, 19.715526817939438, 10.529977209364578, -43.71715254445985, 21.67341790036155], 12, 1.1822991354420687e-11, 1.3272142441188917e-23

13, 18, 7, [-6.443161608889505, 13.839254796079125, -5.876313808599729, -15.752915459789014, 9.037136705991816, 27.959268015909178, -36.96381377387675, 13.230809053126253], 25, 1.0849432918355008e-10, 1.2156714842773054e-22

13, 18, 9, [-5.155089611693742, 6.97368827587824, 3.1265902930966623, -6.730843422996824, -9.617395369565255, 2.318597058903617, 19.714940369983754, 10.52990361903169, -43.71562246524224, 21.672477474713045], 13, 1.813072515491295e-11, 2.0336621984192477e-23

13, 18, 9, [-5.155065767331256, 6.973608667189166, 3.126598405672262, -6.730715309021907, -9.617295395855466, 2.318453924973762, 19.714565234085903, 10.52985521824787, -43.714645719294246, 21.67187850005491], 13, 1.955232491058673e-11, 2.1930651407488555e-23

13, 18, 9, [-5.155141950773787, 6.973863261191194, 3.1265721346250506, -6.731125383171737, -9.617614801413508, 2.318913101967007, 19.715766436313245, 10.53000833242954, -43.71777613476767, 21.673800104121124], 13, 2.2393992273123778e-11, 2.5106963802763712e-23

13, 18, 7, [-6.443192463267775, 13.839400683077331, -5.876469560213846, -15.753110265330948, 9.037419731519694, 27.959722333570575, -36.96470164978755, 13.231197814681853], 30, 5.869416377046147e-11, 6.582577220771715e-23

13, 18, 9, [-5.155137346620316, 6.973848155791891, 3.126573319889636, -6.731101463810195, -9.617595496908658, 2.3188874751047264, 19.71569687539652, 10.529997382362827, -43.71759799142362, 21.673692865842106], 13, 1.0382364634880302e-11, 1.1566535698854584e-23

13, 18, 7, [-6.443186384614569, 13.839371091911204, -5.876436453291427, -15.753070833394617, 9.037358038019795, 27.959627844531738, -36.96450854042149, 13.231111138882282], 15, 2.0239449343216683e-10, 2.266283450043762e-22

13, 18, 9, [-5.155141112869911, 6.973860560623574, 3.1265722805267706, -6.731121179235999, -9.617611286860859, 2.31890880716631, 19.71575430183577, 10.530006040860052, -43.71774563485213, 21.673782140548145], 12, 1.567029674875858e-11, 1.7582146641393177e-23

13, 18, 9, [-5.155120141834701, 6.973790271074704, 3.1265798079545912, -6.731007661466045, -9.61752336167923, 2.3187808504196834, 19.715421412712033, 10.529965127531149, -43.716875820178466, 21.673246670314228], 10, 4.623045282212978e-11, 5.178090833957271e-23

13, 18, 9, [-5.155140104023304, 6.97385728262582, 3.126572494470723, -6.731116036069232, -9.617607056377883, 2.318903433626448, 19.715739404417814, 10.530003447052046, -43.71770785812055, 21.673759657530574], 9, 5.90243893698617e-11, 6.60880389209632e-23

13, 18, 9, [-5.155116294789173, 6.973777621360323, 3.126580839928826, -6.730987587892794, -9.617507234789903, 2.3187592163024697, 19.715362980437945, 10.529956165388679, -43.71672581678808, 21.673156120890273], 15, 1.487395539422804e-11, 1.657329959904787e-23

13, 18, 7, [-6.443191658572977, 13.839396993300742, -5.876465833915918, -15.753105320415523, 9.037413187468674, 27.959711161539012, -36.96468108528366, 13.231189140860494], 20, 1.8503991664884757e-10, 2.0722987047019832e-22

13, 18, 9, [-5.155101352350942, 6.973727491452751, 3.126586272809819, -6.730906558411575, -9.617444592654804, 2.318667673594169, 19.715125273089733, 10.529927332548523, -43.716104118942084, 21.672772992220136], 13, 6.294875350138798e-12, 7.019077089243663e-24

13, 18, 9, [-5.155128038811888, 6.973816769077746, 3.1265769320414667, -6.731050498169962, -9.61755647303505, 2.3188292516489293, 19.71554708135535, 10.529980367058531, -43.7172044898491, 21.673449207983634], 12, 1.1547338712816884e-11, 1.2963725808659404e-23

13, 18, 9, [-5.155105691701883, 6.973742006128619, 3.126584755896328, -6.730929957466151, -9.617462781357634, 2.3186939388099956, 19.71519384212333, 10.5299359503678, -43.716283005638886, 21.67288293588044], 13, 4.801277609912268e-12, 5.360343728469315e-24

13, 18, 9, [-5.155093205914678, 6.973700691150991, 3.126588473625626, -6.730864011815499, -9.617410432635369, 2.318621785414992, 19.715001408498207, 10.529908380706747, -43.7157860881313, 21.672580988714998], 11, 3.475939660536724e-11, 3.894671003031321e-23

13, 18, 7, [-6.443233258521224, 13.839592446780848, -5.876672281842028, -15.753366440179454, 9.037786074429963, 27.960316421821467, -36.96585146424812, 13.231698449235516], 35, 9.011943220595845e-11, 1.0046409810783561e-22

13, 18, 7, [-6.443191773203359, 13.839397291604561, -5.876465712111528, -15.753105747208036, 9.03741251196078, 27.959711418630135, -36.964679072311284, 13.231187619134847], 40, 7.980351387325887e-12, 8.997761698105254e-24

13, 18, 9, [-5.1551139304308675, 6.9737697833242525, 3.126581564410212, -6.730975055869007, -9.61749732129908, 2.318745445310937, 19.715326385358505, 10.529951028929712, -43.71663115851531, 21.673098494598246], 13, 9.218311376906054e-12, 1.0354476503470325e-23

13, 18, 9, [-5.1551336069308284, 6.97383540998135, 3.1265749642691625, -6.731080571585968, -9.617579816874679, 2.318863064107886, 19.715635233528513, 10.529991353840675, -43.717434597757844, 21.67359071483137], 12, 1.875163155991844e-11, 2.103293644448824e-23

13, 18, 9, [-5.155106093732099, 6.973743434313047, 3.1265844949128034, -6.730932382301739, -9.617464463605447, 2.3186970092334334, 19.715201099778636, 10.52993623117996, -43.716302894276424, 21.672895805155925], 12, 2.0187533759566156e-11, 2.2639217212996348e-23

13, 18, 9, [-5.155110270539901, 6.973757299125096, 3.1265831907167905, -6.730954576271398, -9.617481981619697, 2.3187214621517116, 19.715265937580245, 10.529945222900889, -43.71647076217115, 21.672998099380038], 12, 4.7933888420622225e-11, 5.368128754911603e-23

13, 18, 9, [-5.155084425325021, 6.973670911579336, 3.126592126179013, -6.730815408201891, -9.617373621512352, 2.3185655660930444, 19.714858254155118, 10.529893368734855, -43.71540814502445, 21.672345702397674], 11, 3.688377829035423e-11, 4.13245173510622e-23

13, 18, 7, [-6.44316850118129, 13.83928762214765, -5.87634928430251, -15.752959264684717, 9.03720161555799, 27.959370897330995, -36.964017299423425, 13.23089879618821], 30, 5.1027904406438356e-11, 5.724130893554417e-23

13, 18, 8, [-5.7275503080419945, 9.740458109720809, 0.483500318243094, -11.558769313491297, -6.000238861834924, 16.512182771005122, 18.448623884693383, -39.667536596798755, 16.830054832433667], 14, 1.6238667005850705e-10, 1.817611360567664e-22

13, 18, 9, [-5.15512679751597, 6.973812463023979, 3.126577585256207, -6.731043332189289, -9.617551267284375, 2.318820583106911, 19.715525809380104, 10.529978813298026, -43.71714731345585, 21.673412939513835], 13, 4.167087265488005e-12, 4.680517525327446e-24

