14, 18, 8, [2240.7532850832313, -26697.617335512492, 123697.06187048787, -247544.62292459025, 15384.260995597002, 917084.4516462538, -1834680.1821516196, 1558845.2177598432, -513826.9219061877], 6, 0.00021283450738279356, 8.046724433665334e-13

14, 18, 8, [2240.753272820513, -26697.61718724363, 123697.06117146465, -247544.62149440963, 15384.260854065291, 917084.4463591799, -1834680.1713431757, 1558845.2084305498, -513826.9187877309], 7, 0.00021292315784246632, 8.0484831371972e-13

14, 18, 6, [524.9942296517371, -6283.49322604447, 31065.66544278886, -81737.85130460541, 120862.55234486623, -95264.04614483315, 31274.304307846738], 2, 0.001420677718830805, 5.153455909933139e-12

14, 18, 8, [2240.753290180867, -26697.61739768881, 123697.06216646046, -247544.62353784114, 15384.261069872464, 917084.4539102404, -1834680.1868439852, 1558845.2218529938, -513826.92328797106], 3, 0.0002126889506975107, 8.031278912339111e-13

14, 18, 6, [524.9942291758084, -6283.493220196357, 31065.665412882583, -81737.85122313559, 120862.55222017126, -95264.04604316126, 31274.30427334434], 2, 0.0014198082393186364, 5.148929106899058e-12

14, 18, 6, [524.9942293837552, -6283.493222777843, 31065.66542621642, -81737.85125981532, 120862.55227684983, -95264.04608980789, 31274.304289318916], 6, 0.00142093436516791, 5.150064993466376e-12

14, 18, 8, [2240.753277719053, -26697.617245641144, 123697.06144262757, -247544.62203848618, 15384.260889827543, 917084.4483745008, -1834680.1753814304, 1558845.2118641494, -513826.91991979483], 4, 0.00021266536586932037, 8.035352983880276e-13

14, 18, 8, [2240.7532702906633, -26697.61715639346, 123697.06102472883, -247544.621190909, 15384.26081854529, 917084.4452384171, -1834680.169027401, 1558845.2064161624, -513826.9181097394], 7, 0.0002129684911677256, 8.048276461418005e-13

14, 18, 6, [524.9942291607689, -6283.493220050079, 31065.665412326158, -81737.85122212766, 120862.55221938557, -95264.04604312214, 31274.3042735301], 12, 0.001420970732514957, 5.149798364239862e-12

14, 18, 8, [2240.753270896953, -26697.61716389954, 123697.0610610314, -247544.6212676478, 15384.260830466947, 917084.4455211265, -1834680.1696256641, 1558845.206946109, -513826.9182911547], 3, 0.0002126243320073172, 8.0330111014439e-13

14, 18, 6, [524.9942289109852, -6283.493216964263, 31065.665396452565, -81737.85117860924, 120862.55215232432, -95264.04598804977, 31274.30425470071], 15, 0.0014210938988961177, 5.149952853793514e-12

14, 18, 8, [2240.7532823117876, -26697.617301456026, 123697.0617071201, -247544.6225829097, 15384.260948930836, 917084.4503860034, -1834680.1795158247, 1558845.2154458154, -513826.921120628], 3, 0.00021280847468529353, 8.045077945513614e-13

14, 18, 6, [524.9942292474577, -6283.493221070466, 31065.66541731812, -81737.85123511917, 120862.55223835327, -95264.04605785095, 31274.304278281903], 8, 0.0014209901188382019, 5.150375714635559e-12

14, 18, 8, [2240.7532657110387, -26697.61710036934, 123697.0607572112, -247544.62063448402, 15384.260747599286, 917084.4431849889, -1834680.1647554124, 1558845.202679732, -513826.91684544703], 8, 0.00021296394870088772, 8.045905369872462e-13

14, 18, 6, [524.9942291849344, -6283.493220460172, 31065.66541498409, -81737.85123084986, 120862.55223493573, -95264.0460575429, 31274.30427899784], 2, 0.0014187695202470606, 5.140193992572209e-12

14, 18, 6, [524.9942289563102, -6283.493217567333, 31065.66539977132, -81737.85118828576, 120862.55216810064, -95264.04600169408, 31274.304259593377], 5, 0.0014205695010641294, 5.149765596399154e-12

14, 18, 6, [524.9942302645414, -6283.493233452241, 31065.66548007517, -81737.85140463228, 120862.55249570467, -95264.04626606332, 31274.304348416437], 4, 0.0014208068433837176, 5.151270873478006e-12

14, 18, 8, [2240.7532819871435, -26697.617297216202, 123697.06168550631, -247544.622534347, 15384.260936553363, 917084.4502081856, -1834680.1791169653, 1558845.2150780968, -513826.92099035816], 3, 0.0002127194567700565, 8.041961185660909e-13

14, 18, 6, [524.994230018917, -6283.493230487589, 31065.665465171984, -81737.85136469344, 120862.55243552619, -95264.04621772534, 31274.304332245953], 3, 0.001420710202433769, 5.148263238216073e-12

14, 18, 6, [524.9942295819835, -6283.49322514525, 31065.665437983604, -81737.8512909742, 120862.55232320867, -95264.04612655392, 31274.304301442124], 5, 0.0014207488578623338, 5.1504254227628485e-12

14, 18, 6, [524.9942291687493, -6283.493220150394, 31065.66541284588, -81737.85122354914, 120862.55222155091, -95264.04604486421, 31274.304274108345], 2, 0.0014189942811368632, 5.1489934716089644e-12

14, 18, 8, [2240.7532778969426, -26697.617248659088, 123697.06146121972, -247544.62208784893, 15384.260913927965, 917084.4485527403, -1834680.175833098, 1558845.2123099358, -513826.9200857564], 4, 0.00021248686749941967, 8.038602562357162e-13

14, 18, 8, [2240.7532740842444, -26697.61720327414, 123697.06125097159, -247544.62166770504, 15384.260889909081, 917084.4469956034, -1834680.172732099, 1558845.2096880716, -513826.919226571], 6, 0.00021278492232056044, 8.045453473021523e-13

14, 18, 8, [2240.753279653202, -26697.617270185772, 123697.06156421409, -247544.6223025861, 15384.260942159732, 917084.4493450104, -1834680.1774852332, 1558845.2137574244, -513826.9205762955], 5, 0.0002125175164184777, 8.040322747094434e-13

14, 18, 8, [2240.7532765847104, -26697.61723332924, 123697.06139175552, -247544.62195333038, 15384.260914007662, 917084.4480524288, -1834680.1748733385, 1558845.211523695, -513826.9198362646], 5, 0.00021267242952509373, 8.037322259522137e-13

14, 18, 8, [2240.7532750752966, -26697.61721330225, 123697.06128816286, -247544.6217169184, 15384.260848077538, 917084.4471879902, -1834680.1729083797, 1558845.20969726, -513826.9191851384], 5, 0.0002126536702740794, 8.046458164557777e-13

14, 18, 6, [524.994228797006, -6283.493215620476, 31065.665389870665, -81737.85116146818, 120862.55212729506, -95264.045968624, 31274.304248441334], 2, 0.0014207100429437464, 5.1483504608151626e-12

14, 18, 8, [2240.7532758219745, -26697.617223992413, 123697.06134708264, -247544.62186002033, 15384.260901206831, 917084.4477083043, -1834680.1741522145, 1558845.2108888472, -513826.9196199686], 8, 0.00021292830764616162, 8.048511365139746e-13

14, 18, 6, [524.9942292968024, -6283.493221728837, 31065.665420948186, -81737.8512457171, 120862.55225564622, -95264.04607281413, 31274.304283648722], 3, 0.0014209097597802478, 5.148919851923192e-12

14, 18, 8, [2240.7532692609966, -26697.61714358773, 123697.0609625673, -247544.62105910762, 15384.260797704432, 917084.44475288, -1834680.1679996264, 1558845.205506731, -513826.91779907147], 4, 0.00021284605006776332, 8.030601956255624e-13

