15, 17, 13, [13858.721783446226, -38380.56712718057, -1879.8366676882238, 42350.16297670741, 43251.93545640432, -7039.6246695083555, -72124.58171437676, -89788.34084992827, -13771.119956585262, 128535.18146581344, 195089.77604691384, -12977.940216826302, -422806.6708439669, 235977.6466771381], 4, 0.0017933802543235518, 6.565354865053788e-12

15, 17, 12, [20880.481211063805, -64816.32824833489, 11355.489604329236, 78659.19013183388, 50554.77711372168, -56436.414144434646, -141343.26691203317, -88007.52741223527, 120312.11485158505, 291777.14284648286, 66428.5759271956, -575504.5706036754, 286396.6944014271], 15, 0.0017498655845644847, 6.34402172517739e-12

15, 17, 12, [20880.481220772308, -64816.32827872864, 11355.489609983904, 78659.19016898966, 50554.77713714817, -56436.41417178795, -141343.26697915164, -88007.52745317746, 120312.11491007985, 291777.1429857441, 66428.57595728872, -575504.5708802233, 286396.69454012456], 14, 0.0017480495040096053, 6.342011900930331e-12

15, 17, 13, [13858.721794633091, -38380.56715854465, -1879.8366687704229, 42350.163011792385, 43251.935491584576, -7039.62467637086, -72124.58177485739, -89788.34092393023, -13771.119966105598, 128535.18157495666, 195089.77620965918, -12977.940230963548, -422806.67120129825, 235977.64687886398], 11, 0.0017929365244895913, 6.56122774946414e-12

15, 17, 12, [20880.48120604215, -64816.32823258291, 11355.489601361121, 78659.19011254565, 50554.77710160999, -56436.41413015978, -141343.26687715168, -88007.52739104585, 120312.11482104572, 291777.14277403767, 66428.57591169988, -575504.5704596358, 286396.694329088], 3, 0.0017759748766728034, 6.384023523464755e-12

15, 17, 12, [20880.481211057333, -64816.32824820661, 11355.489604164604, 78659.19013156409, 50554.7771137486, -56436.41414393349, -141343.26691139463, -88007.52741222283, 120312.1148504172, 291777.1428448375, 66428.57592757317, -575504.570599537, 286396.6943988485], 11, 0.001775825332625784, 6.377982383095638e-12

15, 17, 13, [13858.721788067229, -38380.56714041932, -1879.8366678064294, 42350.16299186744, 43251.93547111694, -7039.624673251111, -72124.5817410607, -89788.34088160227, -13771.119959233982, 128535.1815150362, 195089.7761180933, -12977.940225626136, -422806.6710039533, 235977.64676929652], 4, 0.0017933828368585846, 6.565085603382791e-12

15, 17, 13, [13858.72177229218, -38380.56709589153, -1879.8366666291038, 42350.16294168531, 43251.93542131688, -7039.624662610622, -72124.58165397099, -89788.34077607785, -13771.119947173007, 128535.181356738, 195089.7758844081, -12977.940202544465, -422806.6704869254, 235977.64647545683], 10, 0.0017933364046132613, 6.563667008750602e-12

15, 17, 12, [20880.48122397543, -64816.32828888345, 11355.489612040225, 78659.19018153695, 50554.77714482379, -56436.41418138677, -141343.26700199698, -88007.52746665952, 120312.11493072766, 291777.1430335326, 66428.57596672636, -575504.5709761865, 286396.6945888692], 15, 0.0017497632348020687, 6.3438881223764445e-12

15, 17, 12, [20880.481223287083, -64816.32828658701, 11355.489611428759, 78659.19017858167, 50554.77714321818, -56436.414178815474, -141343.26699646085, -88007.52746377522, 120312.11492510384, 291777.14302162715, 66428.57596511152, -575504.5709514068, 286396.6945757844], 14, 0.0017563383920730904, 6.351638908206179e-12

15, 17, 12, [20880.48121334999, -64816.328255695305, 11355.489605965173, 78659.1901410448, 50554.77711915419, -56436.41415179164, -141343.26692895874, -88007.5274218386, 120312.1148675078, 291777.14288221643, 66428.5759335066, -575504.5706763207, 286396.69443883584], 15, 0.001746264111677164, 6.340343651215939e-12

15, 17, 13, [13858.721781695662, -38380.56712235827, -1879.8366674199328, 42350.16297141884, 43251.93545095486, -7039.624668706844, -72124.58170542505, -89788.34083868368, -13771.119954713546, 128535.18144997652, 195089.77602263878, -12977.940215494153, -422806.67079176335, 235977.64664821094], 11, 0.001792192105178121, 6.553607015419752e-12

15, 17, 11, [32381.978919832425, -113335.89292512956, 49422.79758760553, 142042.21301599452, 29115.55225570049, -175651.3348931585, -219475.49916064908, 54125.837508475306, 423474.3188832979, 230960.07519901326, -810417.5145884092, 357580.5745860544], 2, 0.001681496972459651, 6.198559200333972e-12

15, 17, 12, [20880.481231665424, -64816.32831301553, 11355.489616605966, 78659.19021109838, 50554.77716335457, -56436.41420331464, -141343.26705547905, -88007.52749907541, 120312.11497767703, 291777.14314467815, 66428.57599033431, -575504.5711973937, 286396.6947000968], 15, 0.0017361773278138923, 6.334186718084452e-12

15, 17, 13, [13858.721784030493, -38380.56712899623, -1879.8366675373898, 42350.16297895907, 43251.93545835306, -7039.624670441095, -72124.58171860696, -89788.34085448501, -13771.119956264345, 128535.18147412993, 195089.77605790267, -12977.940219452441, -422806.67087046406, 235977.6466932781], 10, 0.0017930026515658403, 6.56190373472163e-12

15, 17, 12, [20880.481211893704, -64816.328250897066, 11355.4896047606, 78659.19013492885, 50554.77711573482, -56436.4141466185, -141343.26691757582, -88007.52741573115, 120312.1148562313, 291777.14285788755, 66428.5759298763, -575504.5706260734, 286396.69441251806], 12, 0.0017701994124421862, 6.370471547857653e-12

15, 17, 12, [20880.481226768243, -64816.328297574255, 11355.489613589012, 78659.19019210647, 50554.777151582806, -56436.41418902197, -141343.26702101674, -88007.52747844261, 120312.11494701046, 291777.14307284215, 66428.57597557135, -575504.5710538336, 286396.69462757243], 13, 0.0017605475032530327, 6.356710463486757e-12

15, 17, 13, [13858.721785833812, -38380.56713406934, -1879.8366676925168, 42350.162984654984, 43251.93546403636, -7039.624671599551, -72124.58172845711, -89788.34086648266, -13771.119957729174, 128535.18149196272, 195089.7760843721, -12977.940221891406, -422806.67092877603, 235977.64672629203], 10, 0.0017929743486193798, 6.561708897122418e-12

15, 17, 12, [20880.481219061017, -64816.32827334882, 11355.48960895472, 78659.19016238973, 50554.777133025585, -56436.414166870076, -141343.26696719936, -88007.52744595855, 120312.11489954795, 291777.1429608851, 66428.57595205253, -575504.5708307007, 286396.694515198], 15, 0.0017704875994609495, 6.370555487829438e-12

15, 17, 12, [20880.481218337784, -64816.328271102386, 11355.489608559004, 78659.19015966183, 50554.77713127544, -56436.414164908085, -141343.26696229525, -88007.5274429111, 120312.11489536337, 291777.142950756, 66428.57594975892, -575504.5708107068, 286396.6945052389], 15, 0.0017380355872661346, 6.334485733926921e-12

15, 17, 12, [20880.481218194363, -64816.32827066821, 11355.489608500606, 78659.19015914731, 50554.77713091657, -56436.41416458287, -141343.26696139094, -88007.5274422869, 120312.11489469688, 291777.1429489452, 66428.5759492129, -575504.570807309, 286396.69450365263], 13, 0.001770400747367494, 6.37062657123806e-12

15, 17, 13, [13858.721775804272, -38380.56710587983, -1879.836666805725, 42350.1629530332, 43251.935432454346, -7039.624665213531, -72124.5816738041, -89788.34079986568, -13771.119949534768, 128535.18139304918, 195089.77593746784, -12977.94020842779, -422806.67060522304, 235977.64654313045], 12, 0.001792244030047198, 6.552670156546456e-12

15, 17, 12, [20880.481214276388, -64816.328258221816, 11355.48960594733, 78659.19014374234, 50554.77712153879, -56436.4141527272, -141343.26693330717, -88007.52742580153, 120312.11486917148, 291777.1428901238, 66428.57593776751, -575504.5706889856, 286396.6944434331], 20, 0.0017541442041707868, 6.3478131223589056e-12

15, 17, 13, [13858.721783766612, -38380.56712814565, -1879.8366676410333, 42350.16297787012, 43251.93545745356, -7039.624669921639, -72124.58171651272, -89788.34085230791, -13771.119956548642, 128535.18146992623, 195089.7760525128, -12977.940217944668, -422806.67085715674, 235977.64668503142], 2, 0.0017933520128690906, 6.568524902429765e-12

15, 17, 12, [20880.48121304804, -64816.328254577835, 11355.489605535078, 78659.19013949914, 50554.77711848835, -56436.41415018012, -141343.2669259288, -88007.52742057623, 120312.11486391997, 291777.1428754346, 66428.5759331705, -575504.5706615209, 286396.6944306466], 15, 0.0017428998759199397, 6.337450185639681e-12

15, 17, 11, [32381.978928326516, -113335.89295508072, 49422.79760097513, 142042.21305369813, 29115.55226298383, -175651.3349403926, -219475.49921897388, 54125.83752387401, 423474.3189972487, 230960.07526007778, -810417.5148072721, 357580.574683228], 14, 0.001688227783785044, 6.190550886020473e-12

15, 17, 13, [13858.721785324486, -38380.567132526965, -1879.8366677767933, 42350.16298278754, 43251.93546236282, -7039.624670917332, -72124.58172501347, -89788.34086266755, -13771.119957822086, 128535.18148530906, 195089.77607535926, -12977.940220033437, -422806.67090746324, 235977.64671350064], 11, 0.0017922235414668483, 6.555654262060299e-12

15, 17, 13, [13858.721786160964, -38380.56713496919, -1879.8366677436702, 42350.16298564045, 43251.935465052884, -7039.624671747476, -72124.58173012416, -89788.3408685777, -13771.11995807828, 128535.18149491318, 195089.7760888943, -12977.940222142997, -422806.67093850864, 235977.6467316908], 10, 0.0017926160579125614, 6.559425810459665e-12

15, 17, 12, [20880.481226634176, -64816.32829723093, 11355.48961362437, 78659.19019176658, 50554.777151230075, -56436.41418898433, -141343.2670205093, -88007.52747786907, 120312.11494699588, 291777.1430720131, 66428.57597488066, -575504.5710527931, 286396.6946274003], 15, 0.0017633194700854846, 6.360533781818488e-12

15, 17, 13, [13858.721779906587, -38380.56711725137, -1879.8366673520238, 42350.162965593685, 43251.935445269715, -7039.624667319674, -72124.58169520806, -89788.34082649292, -13771.119953598089, 128535.18143120052, 195089.77599534544, -12977.94021229463, -422806.67073066626, 235977.64661313835], 12, 0.001792260228764084, 6.553681238919122e-12

