14, 18, 8, [9376.030410146832, -79091.48660132746, 202967.9360574845, 19211.026455667805, -729231.6531805549, 74726.52602734497, 3147071.6334145213, -4826686.366303504, 2253214.6093690014], 25, 0.0015834766511939027, 5.757419047313122e-12

14, 18, 8, [9376.03040701748, -79091.48657463862, 202967.93598797126, 19211.026450855883, -729231.6529293673, 74726.52599447269, 3147071.6323242644, -4826686.364606669, 2253214.608568109], 6, 0.0015819268419435862, 5.7614402184062185e-12

14, 18, 8, [9376.030423078679, -79091.48671227465, 202967.9363486328, 19211.026472189198, -729231.6542355977, 74726.52617977427, 3147071.6380063104, -4826686.373498501, 2253214.612781603], 8, 0.0015820452325055676, 5.761340733609326e-12

14, 18, 8, [9376.03040742794, -79091.48657860328, 202967.93599988864, 19211.026448933695, -729231.6529746436, 74726.52601157551, 3147071.632530617, -4826686.364966959, 2253214.6087520756], 5, 0.0015833623222277229, 5.7619116344751945e-12

14, 18, 8, [9376.030414584677, -79091.4866389713, 202967.93615479502, 19211.026463733677, -729231.6535311398, 74726.52606761424, 3147071.6349311904, -4826686.368643504, 2253214.6104658665], 11, 0.0015828583124361064, 5.758879113788668e-12

14, 18, 8, [9376.03040131037, -79091.48652644815, 202967.93586413932, 19211.026439327612, -729231.6524842605, 74726.52594841574, 3147071.630403109, -4826686.36166004, 2253214.607193003], 7, 0.001583047131667444, 5.76547343614694e-12

14, 18, 8, [9376.030421603933, -79091.48669953567, 202967.93631489706, 19211.026470818873, -729231.6541129183, 74726.52615977621, 3147071.637470354, -4826686.372650466, 2253214.6123763607], 8, 0.001583384511883243, 5.764732371859552e-12

14, 18, 8, [9376.030419692976, -79091.48668235738, 202967.93626715895, 19211.02647264978, -729231.6539362665, 74726.52611588189, 3147071.6366853826, -4826686.37135651, 2253214.6117400937], 5, 0.0015827079074660956, 5.7655373191130385e-12

14, 18, 8, [9376.030412693684, -79091.48662339654, 202967.93611612124, 19211.02645779367, -729231.6533940196, 74726.52606293825, 3147071.634347702, -4826686.36778182, 2253214.610075674], 6, 0.0015832343869121505, 5.761729668988329e-12

14, 18, 8, [9376.030410275142, -79091.48660262022, 202967.93606150828, 19211.026454853447, -729231.6531959906, 74726.52603367408, 3147071.6334852567, -4826686.366428094, 2253214.609432749], 10, 0.0015830229706360562, 5.7615869611505245e-12

14, 18, 8, [9376.03042089003, -79091.48669255775, 202967.93629370967, 19211.02647449328, -729231.654032194, 74726.52612849498, 3147071.637101833, -4826686.372005229, 2253214.6120466264], 7, 0.0015826047695476192, 5.763899617106992e-12

14, 18, 8, [9376.030414878956, -79091.48664198337, 202967.93616436963, 19211.02646139721, -729231.6535681488, 74726.52608470565, 3147071.6351026213, -4826686.368953376, 2253214.610627509], 5, 0.0015832837380867553, 5.764803671267365e-12

14, 18, 8, [9376.030415969819, -79091.48665075334, 202967.93618537803, 19211.026466027164, -729231.6536415096, 74726.5260813496, 3147071.635409624, -4826686.369385662, 2253214.610815291], 9, 0.0015828096165345295, 5.759472509651091e-12

14, 18, 8, [9376.030404694871, -79091.48655505107, 202967.93593770973, 19211.026446075404, -729231.6527487957, 74726.52597612444, 3147071.631545151, -4826686.363412527, 2253214.60801102], 4, 0.0015827329097810997, 5.768300106774209e-12

14, 18, 8, [9376.030410264295, -79091.48660233188, 202967.93606010868, 19211.026455837244, -729231.6531900482, 74726.52602862887, 3147071.6334557636, -4826686.366367798, 2253214.6093993685], 4, 0.0015820489508833575, 5.760020147713135e-12

14, 18, 8, [9376.030410376788, -79091.48660292159, 202967.93606036465, 19211.02645808754, -729231.6531891841, 74726.52601935482, 3147071.6334439213, -4826686.366316957, 2253214.6093637184], 8, 0.0015826994620729568, 5.76137839763639e-12

14, 18, 8, [9376.030419943161, -79091.48668465285, 202967.936273706, 19211.026472097536, -729231.6539607245, 74726.52612325657, 3147071.6367952465, -4826686.371542476, 2253214.6118333326], 2, 0.0015823332430832287, 5.760372912988212e-12

14, 18, 8, [9376.030399364421, -79091.48650972114, 202967.93582011515, 19211.02643708563, -729231.6523245354, 74726.52592418068, 3147071.6297068833, -4826686.360564555, 2253214.6066716188], 8, 0.0015830062169705683, 5.761462426163215e-12

14, 18, 8, [9376.030394740079, -79091.4864699296, 202967.93571528056, 19211.02643186639, -729231.6519440623, 74726.52586618142, 3147071.6280482817, -4826686.357954795, 2253214.605429874], 6, 0.0015831768743718403, 5.763813998889981e-12

14, 18, 8, [9376.03040873178, -79091.48658991381, 202967.936030002, 19211.026449886624, -729231.6530843688, 74726.52603054905, 3147071.6330109322, -4826686.365730708, 2253214.6091183475], 5, 0.0015823871395345853, 5.7587371159196896e-12

14, 18, 8, [9376.030408135088, -79091.4865844964, 202967.9360147594, 19211.026450798054, -729231.65302771, 74726.52601509375, 3147071.6327579203, -4826686.365308607, 2253214.608908982], 5, 0.001581096544068137, 5.7578224855463416e-12

14, 18, 8, [9376.030413709703, -79091.4866315939, 202967.93613586997, 19211.026461925376, -729231.6534631561, 74726.52606073712, 3147071.6346378876, -4826686.368194048, 2253214.6102562137], 5, 0.0015835638740884976, 5.764317583356261e-12

14, 18, 8, [9376.030414137947, -79091.48663482348, 202967.93614282177, 19211.026464946397, -729231.653486239, 74726.52605335585, 3147071.6347288997, -4826686.368298977, 2253214.6102925637], 3, 0.0015803471643314293, 5.769092446721152e-12

14, 18, 8, [9376.030416436639, -79091.48665537167, 202967.93619958538, 19211.026463256356, -729231.6536958731, 74726.52610372048, 3147071.6356589976, -4826686.369827134, 2253214.6110426257], 4, 0.0015804420883631044, 5.757933189884915e-12

14, 18, 8, [9376.030412300805, -79091.48662003006, 202967.9361073184, 19211.0264572111, -729231.6533621771, 74726.52605876894, 3147071.634209536, -4826686.367567212, 2253214.60997469], 6, 0.0015815581134445546, 5.759462264954373e-12

14, 18, 8, [9376.030403047962, -79091.4865410246, 202967.93590124883, 19211.02644341721, -729231.6526171488, 74726.52595947147, 3147071.6309742704, -4826686.362526154, 2253214.607593448], 8, 0.0015833602262598973, 5.760542371036583e-12

14, 18, 8, [9376.030408678587, -79091.48658880978, 202967.93602489366, 19211.026453394737, -729231.6530628029, 74726.52601198819, 3147071.632903471, -4826686.365508232, 2253214.6089936467], 3, 0.001581751477532238, 5.771421886589873e-12

14, 18, 8, [9376.030410008178, -79091.48660027598, 202967.93605516606, 19211.026454831597, -729231.6531727399, 74726.52602890416, 3147071.6333828066, -4826686.366262475, 2253214.609352337], 11, 0.001582794787994862, 5.757532738398306e-12

14, 18, 8, [9376.030420969793, -79091.48669408854, 202967.93630061418, 19211.02646993104, -729231.6540612017, 74726.52615280882, 3147071.6372457966, -4826686.372301166, 2253214.6122118873], 6, 0.0015829830704797985, 5.765850380602589e-12

14, 18, 8, [9376.030414853854, -79091.48664150428, 202967.93616221048, 19211.026462825277, -729231.6535590772, 74726.52607708813, 3147071.635057582, -4826686.368860719, 2253214.6105757407], 9, 0.001582690653586843, 5.7595851354110544e-12

