14, 18, 14, [162.8869379870591, -1707.2036545793353, 6861.430946736245, -12248.29205490315, 4273.95747925693, 15810.214996762166, -11359.91767916221, -23491.82555094683, 18280.07117178276, 38173.256419568934, -33466.04046688679, -56582.912692720114, 103638.02223497657, -61634.048191456335, 13289.670670394897], 9, 1.1719439879758859e-06, 4.372684882543622e-15

14, 18, 14, [162.88692974129842, -1707.203566654558, 6861.43057742338, -12248.29135316181, 4273.957171082613, 15810.214105782938, -11359.916899344842, -23491.824202465123, 18280.069881038828, 38173.25414712505, -33466.03810926897, -56582.90925978644, 103638.01532868628, -61634.04389299477, 13289.669709574362], 9, 1.0956186492814827e-06, 4.2741621703202014e-15

14, 18, 10, [158.89332288962166, -1882.4334651467905, 9223.323713772616, -24051.2182343703, 32789.74338150901, -10410.175599862618, -40593.992571709096, 74981.06014775894, -61758.390637219294, 26177.75277694281, -4635.637106164346], 20, 4.186783621873815e-06, 1.6403555709018563e-14

14, 18, 10, [158.89332404355025, -1882.4334791914696, 9223.323786226925, -24051.218434649465, 32789.74367458013, -10410.175717534092, -40593.992920435, 74981.06085340153, -61758.39125064772, 26177.7530489213, -4635.637156316538], 20, 4.145224993149735e-06, 1.6342855620074194e-14

14, 18, 10, [158.89332286048133, -1882.4334651268068, 9223.323715305401, -24051.21824306395, 32789.743401594336, -10410.17561647718, -40593.99259062918, 74981.06020856577, -61758.39070109607, 26177.752809230766, -4635.637112763429], 20, 4.089101591694827e-06, 1.6254725808315305e-14

14, 18, 14, [162.8869384683078, -1707.2036587657074, 6861.430959997798, -12248.292069667184, 4273.957470577147, 15810.21501982428, -11359.917663964461, -23491.825580717294, 18280.071137202092, 38173.25644960216, -33466.040401302445, -56582.912721651264, 103638.0221248638, -61634.048072314654, 13289.670634651759], 8, 1.2463784366368182e-06, 4.461084755653853e-15

14, 18, 10, [158.89332026880282, -1882.4334345321442, 9223.32356209216, -24051.217832069324, 32789.74282072388, -10410.175406915512, -40593.99188576273, 74981.05884419878, -61758.38954494999, 26177.752307246854, -4635.637021898488], 14, 4.215643753502646e-06, 1.6447504863873427e-14

14, 18, 14, [162.8869342007881, -1707.2036145922493, 6861.430780534459, -12248.291743323434, 4273.957348545451, 15810.214599425743, -11359.917345658696, -23491.824951662296, 18280.07062354873, 38173.255417771565, -33466.03946645365, -56582.911185936886, 103638.01927133207, -61634.04636722047, 13289.670266288103], 10, 1.1084048796616124e-06, 4.287634280708146e-15

14, 18, 14, [162.8869337728758, -1707.2036092152673, 6861.43075426077, -12248.291684590315, 4273.957310101087, 15810.214528329177, -11359.917254156448, -23491.82483962726, 18280.070464625343, 38173.255212279524, -33466.03917479, -56582.91086203036, 103638.01848453406, -61634.04583745398, 13289.670140752058], 7, 1.2837534237973301e-06, 4.5095532321899626e-15

14, 18, 14, [162.88693054071513, -1707.2035754166013, 6861.4306153340685, -12248.291427921416, 4273.9572079495465, 15810.214199498956, -11359.916990902144, -23491.824345618275, 18280.07003526374, 38173.25439380762, -33466.038391839415, -56582.909636968674, 103638.01613416319, -61634.044408450594, 13289.669827342754], 8, 1.215372936625741e-06, 4.423377919195594e-15

14, 18, 10, [158.8933214418907, -1882.4334479534477, 9223.323627046, -24051.217999658566, 32789.74304570066, -10410.175473178553, -40593.99216766923, 74981.05935019872, -61758.389952540936, 26177.75247606728, -4635.637051051579], 20, 4.1251603361078155e-06, 1.6310965064384532e-14

14, 18, 10, [158.89331931168638, -1882.4334228062344, 9223.32350117411, -24051.217662368643, 32789.74256996673, -10410.175303117814, -40593.99158930315, 74981.05823555225, -61758.3890111426, 26177.752068733327, -4635.636977596003], 15, 4.194627459502198e-06, 1.6417437339326198e-14

14, 18, 14, [162.8869350335438, -1707.2036228036152, 6861.430811901536, -12248.291795209405, 4273.957359852171, 15810.21466877951, -11359.917379156113, -23491.825052965316, 18280.070671210917, 38173.25557301674, -33466.03955070126, -56582.91140756966, 103638.01958167512, -61634.04651886011, 13289.670292591198], 7, 1.2791610565310104e-06, 4.4988853548748725e-15

14, 18, 14, [162.8869345570576, -1707.203617811212, 6861.430791425995, -12248.29175773424, 4273.957345841226, 15810.214620208877, -11359.91734293417, -23491.824979955545, 18280.070613689597, 38173.25545351843, -33466.039447448224, -56582.91123029517, 103638.01926397314, -61634.04633403419, 13289.670253794722], 9, 1.1186819456151744e-06, 4.304471093728026e-15

14, 18, 10, [158.8933210723007, -1882.4334435259218, 9223.323604622912, -24051.217939031016, 32789.742959622345, -10410.17544214067, -40593.99206301154, 74981.05914862185, -61758.389783012375, 26177.752403228038, -4635.637038043645], 20, 4.00038879910292e-06, 1.6120377270454827e-14

14, 18, 14, [162.8869347901312, -1707.2036203335342, 6861.430802177653, -12248.291778509938, 4273.957355415487, 15810.214646503691, -11359.917366914004, -23491.825019959215, 18280.070653521336, 38173.255521497646, -33466.039520041304, -56582.91133340014, 103638.0194744693, -61634.04646573945, 13289.67028331941], 9, 1.1944639544414592e-06, 4.395189040047387e-15

14, 18, 10, [158.89332310722835, -1882.433467810869, 9223.323727548768, -24051.218272405553, 32789.7434368408, -10410.175621409562, -40593.992638053634, 74981.06027966145, -61758.39075028223, 26177.752826324595, -4635.637115120533], 14, 4.213339263008469e-06, 1.644113519034319e-14

14, 18, 10, [158.89332115985255, -1882.4334446206713, 9223.32361037079, -24051.217955063097, 32789.742983076074, -10410.175451265153, -40593.992091206084, 74981.05920432633, -61758.3898303182, 26177.752423622598, -4635.637041680132], 20, 4.064280283389066e-06, 1.6224910460668943e-14

14, 18, 14, [162.88693603903462, -1707.2036335922828, 6861.430857549844, -12248.291882819509, 4273.957399705562, 15810.214779533067, -11359.917479486377, -23491.825220955674, 18280.07083841292, 38173.255858033175, -33466.03985675836, -56582.91183982042, 103638.0204701451, -61634.04707787067, 13289.670418685046], 8, 1.2764916829778918e-06, 4.499224869940676e-15

14, 18, 10, [158.89332047315455, -1882.4334366050423, 9223.323570707535, -24051.217850067816, 32789.742837181286, -10410.175401761666, -40593.99191229305, 74981.05886635512, -61758.38954839253, 26177.75230294079, -4635.637020135105], 4, 4.21116312030809e-06, 1.644840132008209e-14

14, 18, 14, [162.8869353541285, -1707.2036262585864, 6861.430826703468, -12248.29182435935, 4273.95737464134, 15810.21470482872, -11359.917416132765, -23491.82510776149, 18280.070734881254, 38173.255668401136, -33466.03966921643, -56582.9115546429, 103638.01991535652, -61634.046739473786, 13289.670344478256], 9, 1.0962370903690345e-06, 4.274068482031498e-15

14, 18, 14, [162.88693944620147, -1707.2036700521141, 6861.431011401807, -12248.292177174091, 4273.957532362268, 15810.215151947295, -11359.917814056947, -23491.82578536544, 18280.071395397223, 38173.2568140525, -33466.04087632903, -56582.913288488664, 103638.02343600396, -61634.04894061671, 13289.670838289006], 9, 1.104042615639938e-06, 4.28654771892773e-15

14, 18, 10, [158.8933187759107, -1882.433415952667, 9223.323464061385, -24051.21755461479, 32789.742403073695, -10410.175224663508, -40593.9913976479, 74981.05781616402, -61758.3886300418, 26177.751893429762, -4635.6369441789775], 3, 4.214065397621278e-06, 1.6475206092727392e-14

14, 18, 10, [158.89332174554949, -1882.433451611435, 9223.323645778151, -24051.21805119964, 32789.743120985484, -10410.175503545639, -40593.99225705136, 74981.05953202334, -61758.39011154508, 26177.752547083954, -4635.637064261644], 20, 3.997600187920437e-06, 1.6118065774388706e-14

14, 18, 14, [162.88693376360968, -1707.2036096757356, 6861.430758738217, -12248.291699185234, 4273.957325251687, 15810.214544479179, -11359.917288497178, -23491.82486717748, 18280.070526562675, 38173.25527027187, -33466.03928870089, -56582.910958955246, 103638.01877155871, -61634.04604310812, 13289.670191469026], 2, 1.2807988615517332e-06, 4.511032515662293e-15

14, 18, 14, [162.88693530320649, -1707.2036255713372, 6861.4308231148525, -12248.291815735383, 4273.957368063392, 15810.214694802058, -11359.917400584816, -23491.825091776445, 18280.070707011684, 38173.25563760819, -33466.03961727454, -56582.911504809446, 103638.01977922517, -61634.04664353071, 13289.670320951558], 2, 1.2742424737563566e-06, 4.514017919548352e-15

14, 18, 14, [162.88693340470326, -1707.203606019879, 6861.4307441161955, -12248.291673057876, 4273.957316031965, 15810.214510761132, -11359.917264030768, -23491.824816986966, 18280.070487167217, 38173.25518851933, -33466.039216735946, -56582.91083763041, 103638.01854936103, -61634.04591124871, 13289.670163143968], 8, 1.2868484734463212e-06, 4.509929858354832e-15

14, 18, 14, [162.88693908383337, -1707.2036656455684, 6861.430990345198, -12248.292130837652, 4273.957502548353, 15810.215096025418, -11359.917742597645, -23491.82569776182, 18280.071270564265, 38173.256653634424, -33466.040645770016, -56582.91303543639, 103638.02281330111, -61634.04851804078, 13289.670737396931], 9, 1.1711471795151282e-06, 4.365084702714315e-15

14, 18, 10, [158.89332166570136, -1882.4334506185112, 9223.323640550945, -24051.218036462786, 32789.74309894646, -10410.175494150772, -40593.992231141834, 74981.05947817041, -61758.39006404183, 26177.752525776683, -4635.637060292672], 20, 4.034379111729571e-06, 1.6172396988292316e-14

14, 18, 14, [162.8869328208074, -1707.2035998289105, 6861.43071823612, -12248.291624078543, 4273.957294637147, 15810.21444868828, -11359.917209689458, -23491.824723258178, 18280.070396834548, 38173.25503060944, -33466.03905099297, -56582.910598936796, 103638.01806416255, -61634.04560703179, 13289.670094619518], 5, 1.2823508436010487e-06, 4.504235993226979e-15

