14, 18, 11, [4493.119445463034, -26149.239404320113, 41749.268615889385, 18450.676070024816, -68333.83728965417, -62346.2058587175, 95799.73429792922, 182084.9501513745, -118215.07578710746, -438215.48660316196, 568413.6116242276, -197963.28358771498], 3, 0.00025458941945273806, 9.683337639691955e-13

14, 18, 11, [4493.119437178478, -26149.239355040565, 41749.268534582734, 18450.67603749314, -68333.83715374256, -62346.20574187246, 95799.73409978005, 182084.94979437537, -118215.07553132692, -438215.4857243429, 568413.6104469965, -197963.2831692444], 13, 0.0002547969493429356, 9.67876575135225e-13

14, 18, 11, [4493.119444661217, -26149.239399307964, 41749.26860703089, 18450.676067236753, -68333.83727422125, -62346.20584703566, 95799.73427371972, 182084.95011198815, -118215.07575333747, -438215.48650164716, 568413.6114796269, -197963.28353437642], 15, 0.00025483447177717826, 9.677706922527785e-13

14, 18, 11, [4493.119441023221, -26149.239378271363, 41749.26857378252, 18450.676052062918, -68333.8372201897, -62346.20579666526, 95799.73419916474, 182084.94996721638, -118215.07566331101, -438215.48615650844, 568413.611038555, -197963.28338237287], 2, 0.0002544983450116943, 9.692734679166015e-13

14, 18, 11, [4493.119435492716, -26149.239345359332, 41749.2685194494, 18450.67603035911, -68333.83712933658, -62346.205718625395, 95799.7340666399, 182084.9497286191, -118215.07549216232, -438215.4855689962, 568413.6102512829, -197963.28310247272], 2, 0.0002543169999321949, 9.663534438847917e-13

14, 18, 11, [4493.11944543999, -26149.239404077376, 41749.26861521937, 18450.676070119895, -68333.8372882382, -62346.20585828623, 95799.73429499875, 182084.95014823906, -118215.0757819632, -438215.4865930554, 568413.6116059914, -197963.2835801241], 20, 0.0002546078748431708, 9.682603620954295e-13

14, 18, 10, [7369.747109729849, -48153.241316626714, 98461.52867102597, -10247.470431776066, -166375.3321666127, 6242.458579430609, 329511.2975066183, 17257.679468182447, -754397.451658426, 752604.2751485903, -232456.7779718515], 30, 0.00024032042747087768, 9.019004513497374e-13

14, 18, 11, [4493.119432735093, -26149.239328874148, 41749.26849206946, 18450.676019614533, -68333.83708338995, -62346.2056795356, 95799.73399923419, 182084.94960821664, -118215.07540463163, -438215.48527157697, 568413.6098511282, -197963.28295989218], 4, 0.0002547499230623505, 9.687992472904157e-13

14, 18, 10, [7369.747113741914, -48153.241344242255, 98461.52873132311, -10247.470443243335, -166375.33227080308, 6242.458594377248, 329511.29772204603, 17257.679459432155, -754397.4521631475, 752604.275682281, -232456.77814368546], 35, 0.00023609961241064471, 9.01275802143855e-13

14, 18, 10, [7369.747128843247, -48153.241443787985, 98461.52893723395, -10247.470467745557, -166375.33262017908, 6242.458613786999, 329511.2984191835, 17257.679484904987, -754397.4537652417, 752604.2772964084, -232456.77864574722], 2, 0.00024666988926149856, 9.23250940792748e-13

14, 18, 10, [7369.747129239334, -48153.24144683914, 98461.52894478646, -10247.470470388118, -166375.33263372348, 6242.458618368374, 329511.29844935116, 17257.67947886441, -754397.4538388578, 752604.2773817936, -232456.77867499308], 30, 0.00023547708550525784, 8.986725534633346e-13

14, 18, 11, [4493.119447336778, -26149.23941555987, 41749.268634660875, 18450.67607724528, -68333.83732127237, -62346.205885292766, 95799.73434467925, 182084.9502339846, -118215.07584841523, -438215.48680826125, 568413.6119022592, -197963.2836872874], 20, 0.000254632594362094, 9.687916547946608e-13

14, 18, 11, [4493.1194570002235, -26149.239472781275, 41749.26872841115, 18450.676115638293, -68333.83747726309, -62346.206021300364, 95799.73457001528, 182084.95064512867, -118215.07613604932, -438215.4878146497, 568413.6132392247, -197963.28415993432], 10, 0.0002548364821515649, 9.678824285963205e-13

14, 18, 11, [4493.119436989092, -26149.23935391096, 41749.26853273205, 18450.676036709512, -68333.83715067832, -62346.20573911014, 95799.7340954799, 182084.94978621425, -118215.07552615077, -438215.48570481694, 568413.6104221811, -197963.28316080128], 6, 0.00025474852503513945, 9.682045580662342e-13

14, 18, 11, [4493.119444031474, -26149.239395486962, 41749.268600557196, 18450.676064848743, -68333.83726322977, -62346.2058379894, 95799.7342572771, 182084.95008340204, -118215.07573156123, -438215.4864302234, 568413.6113820825, -197963.2834993165], 7, 0.00025484365305944207, 9.68007283343252e-13

14, 18, 11, [4493.11944987097, -26149.239430587342, 41749.268659338486, 18450.6760872716, -68333.83736239777, -62346.205920972905, 95799.73440428429, 182084.95034224537, -118215.07592482392, -438215.48707381263, 568413.6122561576, -197963.28381267094], 7, 0.00025470015735414286, 9.680456220296938e-13

14, 18, 11, [4493.119444612139, -26149.23939909861, 41749.268606878395, 18450.676066937423, -68333.83727416546, -62346.20584650117, 95799.73427415224, 182084.95011149475, -118215.07575460897, -438215.48650176177, 568413.6114822004, -197963.28353580955], 20, 0.0002546230963692207, 9.68408779596038e-13

14, 18, 11, [4493.119432229016, -26149.239325525137, 41749.26848569924, 18450.676018180082, -68333.8370718278, -62346.20567197455, 95799.73397978033, 182084.94957959588, -118215.07537554581, -438215.48519406165, 568413.6097336313, -197963.28291496504], 20, 0.0002546048099603993, 9.687019437139137e-13

14, 18, 10, [7369.747111720661, -48153.24133047692, 98461.52870164906, -10247.470438087557, -166375.3322197426, 6242.458588071137, 329511.2976173093, 17257.67946190735, -754397.4519187906, 752604.2754265317, -232456.7780619199], 30, 0.00023677772256509234, 9.032116594924221e-13

14, 18, 11, [4493.119437946511, -26149.239359916526, 41749.26854335953, 18450.67604008207, -68333.83716918, -62346.205753232534, 95799.73412432811, 182084.9498335466, -118215.07556594847, -438215.48582614376, 568413.6105933741, -197963.28322348677], 3, 0.000254716471591326, 9.684386261766796e-13

14, 18, 11, [4493.119442251195, -26149.239385303186, 41749.26858470389, 18450.67605733179, -68333.83723770925, -62346.205813649285, 95799.73422260718, 182084.95001465167, -118215.07569034603, -438215.48626756005, 568413.611176215, -197963.28342872934], 20, 0.0002546063864504442, 9.679048433544468e-13

14, 18, 11, [4493.119443506677, -26149.239392354968, 41749.26859534364, 18450.676062848743, -68333.83725445012, -62346.205830659674, 95799.73424421198, 182084.950060518, -118215.07571417633, -438215.486373064, 568413.611303679, -197963.28347095707], 8, 0.00025469709999335606, 9.676443665455958e-13

14, 18, 11, [4493.119441605898, -26149.23938102557, 41749.26857659372, 18450.676055422726, -68333.83722304535, -62346.2058038229, 95799.73419824889, 182084.9499781454, -118215.07565457597, -438215.48616980866, 568413.6110304858, -197963.2833736345], 5, 0.0002546478376015838, 9.680671261115192e-13

14, 18, 11, [4493.119433273424, -26149.23933220265, 41749.268497856945, 18450.676021563628, -68333.83709336995, -62346.20568736508, 95799.73401457843, 182084.94963389382, -118215.07542555107, -438215.48533684935, 568413.6099423494, -197963.28299313766], 2, 0.0002546405895597695, 9.682538957248819e-13

14, 18, 11, [4493.119441910905, -26149.23938322906, 41749.26858117572, 18450.67605603707, -68333.83723171054, -62346.205808710176, 95799.73421364768, 182084.94999904014, -118215.07567855649, -438215.48622864345, 568413.6111233557, -197963.2834098287], 15, 0.0002548130875547386, 9.678335679941825e-13

14, 18, 11, [4493.119450797417, -26149.239436063508, 41749.26866827788, 18450.676090986024, -68333.83737723033, -62346.20593403408, 95799.73442555945, 182084.95038144078, -118215.07595170217, -438215.48716930236, 568413.6123820422, -197963.28385692192], 3, 0.0002546139406408833, 9.684860669331715e-13

14, 18, 11, [4493.1194485196, -26149.239422565843, 41749.268646148084, 18450.676081933565, -68333.83734039824, -62346.20590192865, 95799.7343723557, 182084.95028436356, -118215.07588383397, -438215.4869317238, 568413.6120665893, -197963.2837454624], 15, 0.00025476674071491504, 9.678576541622159e-13

14, 18, 11, [4493.11943674817, -26149.239352702953, 41749.268531261754, 18450.676035479297, -68333.83714875775, -62346.205736154014, 95799.73409405365, 182084.94978024162, -118215.07552619737, -438215.48569365055, 568413.610413623, -197963.28315911902], 2, 0.00025466627231112733, 9.687912542588683e-13

14, 18, 11, [4493.119440160827, -26149.2393730229, 41749.268564849925, 18450.676048821475, -68333.83720497927, -62346.20578426102, 95799.73417628455, 182084.94992774047, -118215.07563281908, -438215.4860575284, 568413.6109027219, -197963.28333340478], 3, 0.00025480451069400604, 9.683955490228564e-13

14, 18, 11, [4493.119431944992, -26149.23932425414, 41749.26848462605, 18450.676016424488, -68333.8370711268, -62346.205668574, 95799.73398178657, 182084.94957571293, -118215.07538265997, -438215.4851926347, 568413.6097472289, -197963.2829233257], 20, 0.00025457689158955935, 9.684642444891837e-13

