14, 18, 9, [56.110680426904295, -948.1822111283219, 6482.02666974492, -25299.08835233774, 62921.9862144586, -103822.61491537353, 113824.98897098184, -80009.82669886974, 32730.789397394707, -5938.157172272757], 35, 3.0603765170928105e-06, 1.2371041240889612e-14

14, 18, 9, [56.11068179839455, -948.1822323890385, 6482.026815792228, -25299.088935841744, 62921.98770873708, -103822.61745901732, 113824.99184919984, -80009.82878645966, 32730.790278096854, -5938.1573369305115], 15, 3.068131351098748e-06, 1.2388033797186514e-14

14, 18, 9, [56.110682642644186, -948.182245488559, 6482.02690573031, -25299.089294478952, 62921.98862413946, -103822.61901010026, 113824.99359403427, -80009.83004309154, 32730.790803913136, -5938.157434332868], 5, 3.0555367327263685e-06, 1.2381018517137399e-14

14, 18, 9, [56.11068255475476, -948.1822441786721, 6482.026897174132, -25299.089262377172, 62921.98854805296, -103822.61889228824, 113824.99347534873, -80009.8299685468, 32730.79077769561, -5938.157430471222], 30, 3.071456547506593e-06, 1.238945066199417e-14

14, 18, 9, [56.11068221838878, -948.1822387410791, 6482.026858314984, -25299.089101224356, 62921.98812059237, -103822.61814012185, 113824.9925972591, -80009.82931267245, 32730.79049324732, -5938.157375891946], 30, 3.066586935817117e-06, 1.2377703899143493e-14

14, 18, 9, [56.11068192862782, -948.1822342449103, 6482.026827327231, -25299.088976736864, 62921.987799385905, -103822.61758818227, 113824.99196575524, -80009.8288488286, 32730.79029481548, -5938.157338227743], 35, 3.063608807683969e-06, 1.2371448041329142e-14

14, 18, 9, [56.11068197728387, -948.18223514209, 6482.026834383268, -25299.08900813265, 62921.98788705587, -103822.61774820727, 113824.99215727745, -80009.82899408575, 32730.79035827571, -5938.15735041228], 30, 3.0604318981217845e-06, 1.2375439131164083e-14

14, 18, 9, [56.11068254015293, -948.1822435974511, 6482.026890675997, -25299.089226153767, 62921.98842843171, -103822.61864207925, 113824.99313869342, -80009.82968505846, 32730.790641363852, -5938.157401834956], 20, 3.0769913155190206e-06, 1.2390656785444136e-14

14, 18, 9, [56.1106828947485, -948.1822492099359, 6482.026930015587, -25299.0893864349, 62921.988846775785, -103822.61936751386, 113824.9939744776, -80009.83030199748, 32730.79090612731, -5938.157452168128], 30, 3.064002320288009e-06, 1.2373865418045558e-14

14, 18, 9, [56.11068199813564, -948.1822355192014, 6482.026837474056, -25299.089022981152, 62921.987932705204, -103822.61784085164, 113824.99228107183, -80009.82909900407, 32730.790409447516, -5938.157361359566], 7, 3.0662139869138483e-06, 1.24088446930824e-14

14, 18, 9, [56.110679360103305, -948.1821944503178, 6482.026554179622, -25299.087886523153, 62921.985010867305, -103822.61284808516, 113824.98661070735, -80009.82497162133, 32730.78866225732, -5938.157033630511], 35, 3.058374759110807e-06, 1.2369919087640088e-14

14, 18, 9, [56.11068208180103, -948.1822370627385, 6482.026849675782, -25299.089077723518, 62921.98808720441, -103822.61812642174, 113824.99262771412, -80009.82936601118, 32730.79052805538, -5938.1573845379635], 13, 3.0558223190893503e-06, 1.23791074459942e-14

14, 18, 9, [56.11068089672771, -948.1822185057692, 6482.026721071379, -25299.088559983058, 62921.98675276813, -103822.6158427465, 113824.9900326336, -80009.8274776542, 32730.789729566466, -5938.157235038536], 11, 3.068341959169507e-06, 1.2408483900220915e-14

14, 18, 9, [56.11068067295238, -948.1822149130387, 6482.026695560194, -25299.088454828445, 62921.986475487174, -103822.6153576711, 113824.98946963102, -80009.82705958432, 32730.7895493262, -5938.157200663012], 30, 3.0638225881991844e-06, 1.2373035285211434e-14

14, 18, 9, [56.11067975778205, -948.1822007394682, 6482.026598290887, -25299.08806659251, 62921.98548227317, -103822.61366871212, 113824.98756050876, -80009.82567632759, 32730.788966364813, -5938.157091780713], 25, 3.0672912644192948e-06, 1.2380598790282322e-14

14, 18, 9, [56.11067945522663, -948.1821957916555, 6482.026562607822, -25299.087917573408, 62921.9850849746, -103822.61296720976, 113824.98673994737, -80009.82506300395, 32730.78870048862, -5938.157040837602], 6, 3.0593166821401884e-06, 1.2383224983802384e-14

14, 18, 9, [56.11068041131008, -948.1822110253922, 6482.026669933325, -25299.08835644216, 62921.986232991985, -103822.61495965935, 113824.9890345091, -80009.82675398813, 32730.78942418588, -5938.15717789425], 30, 3.065131192020991e-06, 1.2377081929874065e-14

14, 18, 9, [56.1106821209086, -948.1822374932423, 6482.026851507581, -25299.0890808844, 62921.98808554069, -103822.61810851275, 113824.99259213268, -80009.82933035241, 32730.79050937937, -5938.157380462946], 30, 3.0634366890928663e-06, 1.2379082003325687e-14

14, 18, 9, [56.11068247447532, -948.1822428518257, 6482.026887402619, -25299.089220360052, 62921.98843197091, -103822.61867888091, 113824.99321455855, -80009.82976444667, 32730.790684930987, -5938.157411824538], 30, 3.0613588447513464e-06, 1.2376714939543412e-14

14, 18, 9, [56.110683209094994, -948.1822542509047, 6482.026965788513, -25299.08953389516, 62921.989235921035, -103822.62004936919, 113824.9947677933, -80009.830893022, 32730.791161984478, -5938.157501207659], 30, 3.060030511943912e-06, 1.2373578360529445e-14

14, 18, 9, [56.11067940409255, -948.1821954171097, 6482.026562822941, -25299.087929205, 62921.98514134168, -103822.61310659989, 113824.98694469537, -80009.8252440262, 32730.788789893264, -5938.157059861495], 9, 3.070256061854253e-06, 1.2390913352438313e-14

14, 18, 9, [56.11068173938739, -948.1822319888767, 6482.026816510238, -25299.088952271362, 62921.98778475485, -103822.61764481032, 113824.99212162262, -80009.8290279654, 32730.790398003162, -5938.157362623491], 4, 3.0637961331100097e-06, 1.2439290480146758e-14

14, 18, 9, [56.110681618281546, -948.1822295889957, 6482.02679637972, -25299.08885708956, 62921.98750281144, -103822.61709928694, 113824.99142964491, -80009.82847164039, 32730.79014027914, -5938.157310130199], 15, 3.0711303176637578e-06, 1.2384277804304377e-14

14, 18, 9, [56.11068075183911, -948.1822162794933, 6482.026705914611, -25299.088499983398, 62921.98660059476, -103822.61558635219, 113824.98974568662, -80009.82727198285, 32730.789643905257, -5938.15721924431], 25, 3.0641950706416464e-06, 1.2377293553508099e-14

14, 18, 9, [56.11068202665678, -948.182236034204, 6482.02684143243, -25299.08904016504, 62921.98797944332, -103822.61792379532, 113824.99237738003, -80009.82916968725, 32730.79043923643, -5938.157366855797], 30, 3.063737337497219e-06, 1.2375466841858083e-14

14, 18, 9, [56.11068291676368, -948.1822497067488, 6482.026934481254, -25299.089408407574, 62921.98891340051, -103822.61949813394, 113824.99414124148, -80009.83043632231, 32730.79096827084, -5938.157464779337], 30, 3.063929870507959e-06, 1.2379694911939621e-14

14, 18, 9, [56.11068300991283, -948.1822510924496, 6482.02694356813, -25299.089442871882, 62921.98899668266, -103822.61963103367, 113824.99428119622, -80009.830530027, 32730.791004423478, -5938.157470893566], 12, 3.0682698523405363e-06, 1.239549297738286e-14

14, 18, 9, [56.11067991844845, -948.1822032770281, 6482.026616009214, -25299.088138394043, 62921.98566840952, -103822.6139888883, 113824.9879260047, -80009.82594337476, 32730.789079702132, -5938.157113071853], 30, 3.0612394834206537e-06, 1.2372221882674703e-14

14, 18, 9, [56.11068222373613, -948.1822388208283, 6482.026858761616, -25299.089102310194, 62921.98812089447, -103822.61813535658, 113824.99258482324, -80009.82929786113, 32730.79048430566, -5938.157373676771], 30, 3.066088339017726e-06, 1.237681648587384e-14

14, 18, 9, [56.110680568797605, -948.182213461861, 6482.026686703817, -25299.08842383806, 62921.986407225566, -103822.61526007438, 113824.98937986798, -80009.8270091643, 32730.789534107244, -5938.157198919703], 4, 3.0592060791306222e-06, 1.2391756283307925e-14

