12, 15, 15, [4003.9278036747824, -17024.76589016469, 17508.188553774267, 11695.095055028249, -13542.412914227558, -20049.82804308777, -301.95132423872667, 22188.365728791163, 20442.273771626507, -7263.62273057429, -31297.012674952864, -17121.89363239999, 28836.59532325879, 36740.95784776069, -49533.68376263711, 14718.769078725913], 4, 4.780245371432298e-05, 1.8254337090836037e-13

15, 15, 15, [4003.9278036648307, -17024.765890587267, 17508.188555089393, 11695.095054923848, -13542.412916014284, -20049.82804411952, -301.9513227566591, 22188.365731617167, 20442.27377260631, -7263.622733329213, -31297.012679202446, -17121.893632806212, 28836.595329042164, 36740.9578521302, -49533.68377193657, 14718.769082035646], 6, 4.7721637152449195e-05, 1.8255802692516158e-13

13, 15, 15, [4003.9277939944086, -17024.765848184295, 17508.18850913596, 11695.09502673645, -13542.412878497105, -20049.82799261166, -301.95132564886967, 22188.36567046988, 20442.273720149824, -7263.622709041012, -31297.012592433093, -17121.89358971974, 28836.595244973993, 36740.95775176216, -49533.68362922283, 14718.769038493338], 7, 4.7696889043992e-05, 1.8273244595741206e-13

14, 15, 15, [4003.927796605456, -17024.76585978343, 17508.188521962333, 11695.095034351742, -13542.41288916816, -20049.82800688344, -301.95132448218425, 22188.365687827918, 20442.273734689727, -7263.622716313591, -31297.012617103213, -17121.893601595264, 28836.595269213056, 36740.95778016394, -49533.68367020416, 14718.769051076664], 5, 4.7811178198531994e-05, 1.8253864779498393e-13

13, 15, 15, [4003.9278079488436, -17024.765908897178, 17508.188574077758, 11695.095067461702, -13542.41293081799, -20049.828065819605, -301.9513229041056, 22188.36575583842, 20442.27379475302, -7263.622741421161, -31297.012713363798, -17121.893651347895, 28836.595360623196, 36740.95789216441, -49533.68382607565, 14718.769098137418], 6, 4.774293833323798e-05, 1.825462805978699e-13

14, 15, 15, [4003.927777021632, -17024.765774190455, 17508.18842967795, 11695.094977275729, -13542.412814196516, -20049.827903247824, -301.9513296193065, 22188.365565572494, 20442.273629153024, -7263.622668461904, -31297.01244369404, -17121.89351478083, 28836.59510184012, 36740.957579325404, -49533.68338576534, 14718.768964447227], 6, 4.776432646490782e-05, 1.8255268505570373e-13

14, 15, 15, [4003.9277969115437, -17024.765861128595, 17508.188523412842, 11695.095035261407, -13542.412890337704, -20049.82800852918, -301.95132443844636, 22188.36568972934, 20442.273736381383, -7263.622716989582, -31297.012619779664, -17121.893603017543, 28836.595271698494, 36740.95778328112, -49533.68367442338, 14718.769052325337], 6, 4.7735001189532233e-05, 1.8252296886754036e-13

15, 15, 15, [4003.927787294498, -17024.765819412, 17508.18847902029, 11695.095007177806, -13542.412854764563, -20049.827958369908, -301.9513259424907, 22188.365631662426, 20442.273685251308, -7263.622695397649, -31297.012537584746, -17121.893560680986, 28836.595193527013, 36740.957687705646, -49533.68354121492, 14718.769012085679], 6, 4.7731616813730186e-05, 1.8255192079105904e-13

13, 15, 15, [4003.9277877634777, -17024.765821262772, 17508.188480660243, 11695.095008560538, -13542.412855807444, -20049.827960380528, -301.9513264010913, 22188.36563340403, 20442.273687313478, -7263.622695458751, -31297.0125399737, -17121.893562513964, 28836.595195226753, 36740.95769068496, -49533.68354432841, 14718.769012870547], 3, 4.7798692978015004e-05, 1.826361032840767e-13

14, 15, 15, [4003.9277992943425, -17024.765871233063, 17508.188533765715, 11695.095042214041, -13542.412898315803, -20049.82802039752, -301.9513246657305, 22188.36570280697, 20442.273748475778, -7263.622721225112, -31297.012638223976, -17121.893613147215, 28836.59528866574, 36740.95780495094, -49533.683703603536, 14718.769060995804], 5, 4.780562600278619e-05, 1.8258926283386347e-13

14, 15, 15, [4003.9278034549184, -17024.765889382616, 17508.188553256907, 11695.095054364248, -13542.412914076875, -20049.82804234333, -301.9513237449352, 22188.36572851058, 20442.273770846678, -7263.622731068022, -31297.012674639864, -17121.893631617037, 28836.595323562866, 36740.957847194404, -49533.683762951114, 14718.769078990583], 7, 4.7759802067554464e-05, 1.8302690731971226e-13

14, 15, 15, [4003.9277986789352, -17024.765868628736, 17508.188531117874, 11695.095040403137, -13542.41289630024, -20049.828017338215, -301.95132454401886, 22188.36569950506, 20442.273745344806, -7263.622720251566, -31297.012633589035, -17121.89361049261, 28836.595284521147, 36740.9577994772, -49533.68369646102, 14718.76905891466], 6, 4.772136276370951e-05, 1.8258304302529889e-13

15, 15, 14, [6006.957262904692, -27764.504844778334, 34726.35921426874, 12504.60543110456, -32121.99075323391, -27536.24162619255, 18263.184565671003, 44191.433009661574, 11930.47725324344, -44245.04022974138, -45109.56523759147, 33021.63850556356, 71695.98002922627, -76216.61410983601, 20652.323611398468], 7, 4.467839451655193e-05, 1.6845061033741498e-13

15, 15, 15, [4003.927806319694, -17024.765901517945, 17508.188565653396, 11695.09506274267, -13542.412923588883, -20049.82805658995, -301.9513241150541, 22188.36574410158, 20442.27378538185, -7263.622735976025, -31297.01269659883, -17121.89364383575, 28836.595343593035, 36740.95787303645, -49533.68379742544, 14718.769089176612], 6, 4.7741327224237956e-05, 1.825341482560896e-13

13, 15, 15, [4003.9277872247676, -17024.765818538843, 17508.188477068135, 11695.095007012776, -13542.412852359243, -20049.827956650588, -301.95132759909166, 22188.365627858755, 20442.273683534673, -7263.622692174184, -31297.012531967026, -17121.893559642805, 28836.595186426202, 36740.957681795684, -49533.68352979117, 14718.769008159297], 6, 4.77553997899855e-05, 1.8252735977520648e-13

14, 15, 15, [4003.9277992174884, -17024.76587076594, 17508.18853302313, 11695.095042007031, -13542.412897514883, -20049.828019683562, -301.95132509032436, 22188.365701526574, 20442.27374776494, -7263.622720280978, -31297.012636345444, -17121.893612666787, 28836.595286406988, 36740.9578029249, -49533.683699912835, 14718.769059747063], 6, 4.7786968602195446e-05, 1.8255162335309102e-13

14, 15, 15, [4003.9277983826432, -17024.76586754857, 17508.188530343425, 11695.0950395131, -13542.412895993146, -20049.82801627365, -301.95132396379023, 22188.365698961938, 20442.273744235015, -7263.622720758069, -31297.012632919195, -17121.89360941089, 28836.595284596802, 36740.95779845802, -49533.683696348635, 14718.769059082399], 7, 4.771046169750028e-05, 1.825556139192401e-13

15, 15, 15, [4003.927782589184, -17024.765798463, 17508.18845575078, 11695.09499349081, -13542.412835306919, -20049.827932559256, -301.95132828558934, 22188.36560001341, 20442.273658992886, -7263.622681832175, -31297.012492541387, -17121.893539338485, 28836.59514890545, 36740.95763594247, -49533.68346581353, 14718.768988812724], 5, 4.780094784203917e-05, 1.8257244770683486e-13

14, 15, 15, [4003.9277969096192, -17024.765861428292, 17508.188524309113, 11695.095035198838, -13542.412891548152, -20049.828009232126, -301.95132343465497, 22188.365691646897, 20442.273737043342, -7263.62271886677, -31297.01262266844, -17121.89360328266, 28836.59527564806, 36740.9577862515, -49533.68368078562, 14718.769054596727], 4, 4.780070458958564e-05, 1.825491822903864e-13

11, 15, 15, [4003.927787276321, -17024.76581950332, 17508.1884794537, 11695.095007068841, -13542.412855410057, -20049.82795865709, -301.9513253125059, 22188.365632689303, 20442.273685491276, -7263.622696547732, -31297.012539166877, -17121.89356067388, 28836.59519586249, 36740.95768929553, -49533.68354498706, 14718.769013478426], 4, 4.7801060323201057e-05, 1.8261204875070167e-13

13, 15, 15, [4003.9277989672414, -17024.765869431445, 17508.188531127926, 11695.095041333785, -13542.412895585565, -20049.82801780678, -301.9513259777074, 22188.3656984216, 20442.27374590518, -7263.622718128554, -31297.012631794587, -17121.893611376123, 28836.5952810345, 36740.95779796291, -49533.683691061065, 14718.769056766063], 7, 4.7791375259078555e-05, 1.825353223092066e-13

15, 15, 15, [4003.927793433065, -17024.76584646359, 17508.1885086043, 11695.095025021756, -13542.412879152549, -20049.827991366747, -301.95132358988496, 22188.365671392196, 20442.273718809585, -7263.622711788942, -31297.012594067164, -17121.89358807333, 28836.595248918093, 36740.957752843686, -49533.68363509504, 14718.76904093195], 2, 4.7794215167854884e-05, 1.8272361035404852e-13

15, 15, 15, [4003.927791569788, -17024.76583784957, 17508.188498465755, 11695.095019644103, -13542.412870215807, -20049.827980400292, -301.95132550235144, 22188.365656912785, 20442.273707691405, -7263.622704576495, -31297.012573316744, -17121.893579282707, 28836.59522735205, 36740.957729335234, -49533.683598977004, 14718.769029507224], 3, 4.7804961414923474e-05, 1.8256824785375388e-13

13, 15, 15, [4003.92779994778, -17024.765874337907, 17508.188537568014, 11695.09504408428, -13542.412901781901, -20049.82802443756, -301.95132372088125, 22188.36570841093, 20442.27375255766, -7263.622724268339, -31297.01264629355, -17121.89361630373, 28836.59529731169, 36740.95781401055, -49533.683718015105, 14718.769065625469], 8, 4.7681883588195666e-05, 1.826741434938024e-13

15, 15, 15, [4003.927791131849, -17024.76583659752, 17508.18849830872, 11695.095018300002, -13542.412871066359, -20049.82797964191, -301.95132363428934, 22188.36565816634, 20442.27370685434, -7263.622707210435, -31297.012575385925, -17121.893578105188, 28836.595231474552, 36740.95773100236, -49533.68360523796, 14718.76903199879], 7, 4.76863479328041e-05, 1.8269471609582076e-13

14, 15, 15, [4003.927795315144, -17024.765854256566, 17508.18851620494, 11695.095030580891, -13542.412884655314, -20049.828000319707, -301.9513244871581, 22188.365680445644, 20442.273727993797, -7263.622713785212, -31297.012606680713, -17121.893596002985, 28836.595259514124, 36740.95776796938, -49533.6836535994, 14718.769046120513], 7, 4.7767191078008313e-05, 1.8305090446652598e-13

15, 15, 15, [4003.9277836472893, -17024.765803280163, 17508.188461294816, 11695.094996550151, -13542.412840100289, -20049.827938609476, -301.95132741585644, 22188.365607792006, 20442.27366513003, -7263.622685525567, -31297.012503665825, -17121.893544233393, 28836.59516029639, 36740.957648607065, -49533.68348495649, 14718.768994826689], 6, 4.7752376224113915e-05, 1.8256230057395558e-13

14, 15, 14, [6006.95729474002, -27764.504994931205, 34726.359407983, 12504.605494714864, -32121.990936506718, -27536.241775308663, 18263.184677290945, 44191.43326038901, 11930.477311320272, -44245.040491065585, -45109.56549179726, 33021.63870827094, 71695.9804444999, -76216.61456479353, 20652.323736862712], 7, 4.464763207866266e-05, 1.6853223099631335e-13

15, 15, 15, [4003.927798125343, -17024.765866659895, 17508.18852982042, 11695.095038724872, -13542.412895932004, -20049.828015460804, -301.9513232793095, 22188.365698817954, 20442.273743371214, -7263.6227215370645, -31297.01263283722, -17121.893608497674, 28836.595285369967, 36740.95779808331, -49533.68369739477, 14718.769059643048], 7, 4.774515531237409e-05, 1.8248415237605129e-13

14, 15, 15, [4003.9277955825887, -17024.76585522957, 17508.1885169078, 11695.095031371126, -13542.412884947078, -20049.82800126977, -301.951324974197, 22188.365680963183, 20442.273728972905, -7263.6227133990515, -31297.01260734047, -17121.89359693626, 28836.595259580346, 36740.95776893695, -49533.68365392853, 14718.769046067406], 6, 4.7704499477082364e-05, 1.8260922914695673e-13

