14, 18, 13, [49.58152687152492, -612.8644383160994, 2847.033333947003, -6390.282375495846, 5585.3064025834265, 4068.8440475642574, -10721.798292947678, -1634.7853317449596, 17000.62869018552, -4073.519003052745, -25498.722044332102, 33090.64214431215, -17071.103536357707, 3360.0744975208586], 10, 1.008801176726364e-06, 3.8189253871191525e-15

14, 18, 13, [49.581526308117205, -612.864431645238, 2847.0333016615145, -6390.282297959755, 5585.30632577544, 4068.844006082476, -10721.798147084377, -1634.7853299642024, 17000.62845559884, -4073.5189166608025, -25498.72169143136, 33090.64163974429, -17071.103260073956, 3360.0744403853787], 10, 9.614464646795627e-07, 3.7582003748378324e-15

14, 18, 13, [49.58152807621525, -612.8644523081583, 2847.033400367158, -6390.2825316657745, 5585.306552219452, 4068.8441354288225, -10721.798578012182, -1634.7853451888943, 17000.629147121697, -4073.5191568513046, -25498.72273128313, 33090.64310415953, -17071.104054943597, 3360.07460361976], 13, 9.593522231564575e-07, 3.7537772183100664e-15

14, 18, 13, [49.58152717734607, -612.8644419995808, 2847.033352108894, -6390.282420077724, 5585.306448382792, 4068.8440698531253, -10721.798379649836, -1634.785329074524, 17000.628830257832, -4073.519060422177, -25498.72225535086, 33090.642455487796, -17071.10370990914, 3360.074533954572], 10, 1.0012923200157384e-06, 3.810167925766559e-15

14, 18, 13, [49.58152620774235, -612.8644305946689, 2847.0332972897127, -6390.2822894512, 5585.306320631744, 4068.843998463727, -10721.798136749641, -1634.7853225544693, 17000.628440174227, -4073.5189221981295, -25498.72166875178, 33090.64162564134, -17071.10325849984, 3360.0744411279975], 13, 9.775503032409233e-07, 3.778166697684131e-15

14, 18, 13, [49.58152764813909, -612.864447458688, 2847.033377874917, -6390.282479957696, 5585.306504112575, 4068.844105525193, -10721.798486100553, -1634.7853392161978, 17000.628999940738, -4073.5191086477525, -25498.72250978942, 33090.64279496257, -17071.103887237736, 3360.074569082556], 7, 1.158925392351543e-06, 4.011145061739372e-15

14, 18, 13, [49.581527692223375, -612.8644480229881, 2847.033380854059, -6390.282487887733, 5585.306513386278, 4068.8441083080793, -10721.798503469863, -1634.785335865266, 17000.62902849314, -4073.519124950385, -25498.722553088537, 33090.642866789625, -17071.10393007589, 3360.0745785763725], 11, 1.0557048344117957e-06, 3.878294712612899e-15

14, 18, 13, [49.581526854393324, -612.8644383513371, 2847.033335297645, -6390.282381897824, 5585.306413911941, 4068.844046550851, -10721.798313596752, -1634.7853216080637, 17000.628725051396, -4073.519031411504, -25498.722097393525, 33090.64224475956, -17071.10359929873, 3360.0745118702775], 9, 1.0918005235573834e-06, 3.924080596994812e-15

14, 18, 13, [49.581525781843375, -612.864425959131, 2847.033276842297, -6390.282245576288, 5585.306285276576, 4068.8439679290964, -10721.798068201535, -1634.785305305047, 17000.62833251446, -4073.5189066878393, -25498.72150765922, 33090.641432909644, -17071.10316483359, 3360.0744237055137], 11, 9.743096693768403e-07, 3.772204593917956e-15

14, 18, 13, [49.581527008562865, -612.8644400459463, 2847.0333428489434, -6390.2823982898535, 5585.306427399435, 4068.8440577593174, -10721.798339680574, -1634.785327621618, 17000.62876608629, -4073.5190380693293, -25498.72215879073, 33090.64231926961, -17071.103635870506, 3360.074518734706], 11, 1.0596439370984786e-06, 3.883323576995918e-15

14, 18, 13, [49.5815275769965, -612.8644469675692, 2847.0333772708923, -6390.282483366364, 5585.306515399283, 4068.8441000223306, -10721.798506134674, -1634.7853220689494, 17000.62903496403, -4073.5191483472468, -25498.722563674804, 33090.64291593448, -17071.1039683184, 3360.0745884501366], 10, 1.0415213132188414e-06, 3.861916326167358e-15

14, 18, 13, [49.581528607890746, -612.8644589003453, 2847.0334336823166, -6390.282615276902, 5585.306640446587, 4068.844175631452, -10721.798744610458, -1634.7853368188514, 17000.629416635707, -4073.5192710272045, -25498.72313714489, 33090.6437071065, -17071.104392022742, 3360.074674432286], 10, 9.825120209263776e-07, 3.786293417856954e-15

14, 18, 13, [49.58152818833337, -612.8644534762427, 2847.0334051727746, -6390.282540762809, 5585.306557053131, 4068.844144355308, -10721.798587921901, -1634.7853550759683, 17000.629161431352, -4073.5191466753276, -25498.722752007954, 33090.643107885495, -17071.10404801283, 3360.074600585497], 11, 9.685714065035627e-07, 3.7649497425098215e-15

14, 18, 13, [49.581524693103546, -612.8644131852521, 2847.0332155763344, -6390.2820998570405, 5585.306143019254, 4068.843888264585, -10721.797797691059, -1634.7852981400088, 17000.6278980522, -4073.5187520339787, -25498.720854200168, 33090.640506349875, -17071.102659666678, 3360.0743195533028], 10, 1.0756720204977789e-06, 3.903080237424514e-15

14, 18, 13, [49.581526410940185, -612.8644332714066, 2847.0333115751196, -6390.282327286795, 5585.30636362785, 4068.844013849885, -10721.798217443888, -1634.7853122123172, 17000.628571744895, -4073.5189874479315, -25498.72186731152, 33090.64193593516, -17071.103436844303, 3360.07447941228], 10, 9.616396827468484e-07, 3.758673321284749e-15

14, 18, 13, [49.58152788019141, -612.8644502758149, 2847.033391933486, -6390.282515093291, 5585.306541508409, 4068.8441215754847, -10721.79855666817, -1634.7853333118783, 17000.629114611213, -4073.5191620642618, -25498.72268299154, 33090.643062105744, -17071.104040553513, 3360.074602083933], 8, 1.140248733662371e-06, 3.984837293155673e-15

14, 18, 13, [49.581525930517245, -612.864427485685, 2847.0332830690013, -6390.282257418281, 5585.306292096541, 4068.8439786224035, -10721.798081995643, -1634.7853156561284, 17000.628353065928, -4073.518899117936, -25498.721537976828, 33090.641452442855, -17071.103167926063, 3360.074423085843], 10, 9.614974735814287e-07, 3.757355252809923e-15

14, 18, 13, [49.581526499322294, -612.8644340333011, 2847.0333138196634, -6390.282328722221, 5585.3063586432845, 4068.8440204850854, -10721.798209085993, -1634.7853259663993, 17000.628556053365, -4073.5189605787855, -25498.721842778457, 33090.64186681008, -17071.10338773399, 3360.074467325407], 10, 9.605448160982737e-07, 3.756796567741413e-15

14, 18, 13, [49.58152740699055, -612.86444475712, 2847.0333655976783, -6390.282452715111, 5585.306480855685, 4068.8440874334824, -10721.798441288362, -1634.7853302883516, 17000.628929253126, -4073.519095612049, -25498.722404077213, 33090.64266519133, -17071.103823407313, 3360.0745571460825], 11, 9.705284951465977e-07, 3.76829320242485e-15

14, 18, 13, [49.5815260798118, -612.8644292529735, 2847.0332916017073, -6390.282277799408, 5585.306312011328, 4068.843989877005, -10721.798119864536, -1634.7853170212334, 17000.628413803817, -4073.5189198701837, -25498.721629225347, 33090.64157989526, -17071.103236549556, 3360.074437051005], 11, 9.768691422427321e-07, 3.77796174208231e-15

14, 18, 13, [49.581525582480374, -612.8644237216353, 2847.033266634182, -6390.282222762959, 5585.306265450034, 4068.8439531536947, -10721.798030058275, -1634.7852987359, 17000.628272153004, -4073.518893872465, -25498.721417274537, 33090.64131913015, -17071.10310776332, 3360.0744128225056], 11, 9.602227836228592e-07, 3.7559397975293706e-15

14, 18, 13, [49.581526856583224, -612.8644382751754, 2847.0333344455344, -6390.282378623095, 5585.306408843676, 4068.844046303117, -10721.798304287837, -1634.7853249245907, 17000.62870955942, -4073.519020876305, -25498.722073966117, 33090.64220410346, -17071.103574929428, 3360.07450650892], 9, 1.0623595962161166e-06, 3.887601981086197e-15

14, 18, 13, [49.58152682942307, -612.8644380526689, 2847.033333889065, -6390.28237876763, 5585.306411484331, 4068.84404398712, -10721.798308865391, -1634.7853192455993, 17000.628717868123, -4073.519032939002, -25498.722086912698, 33090.642237621156, -17071.103598449605, 3360.074512292089], 10, 9.91199923830976e-07, 3.79601615660809e-15

14, 18, 13, [49.58152801931549, -612.8644514777426, 2847.0333955268143, -6390.2825177044415, 5585.306534442912, 4068.844131749939, -10721.79854494435, -1634.785353874473, 17000.62909243438, -4073.5191224282357, -25498.72264829305, 33090.6429616927, -17071.103968748037, 3360.074584342874], 11, 9.617845850942734e-07, 3.757909010486401e-15

14, 18, 13, [49.58152752525184, -612.8644459316919, 2847.0333701743784, -6390.282460766493, 5585.30648422357, 4068.8440958189667, -10721.798448492045, -1634.7853399120572, 17000.628939334118, -4073.519085098857, -25498.722418702993, 33090.64266356436, -17071.103815222465, 3360.0745542243676], 11, 9.723782869866424e-07, 3.772826443032422e-15

14, 18, 13, [49.58152631044707, -612.8644319406027, 2847.033304414959, -6390.282308110589, 5585.306341418821, 4068.844006524965, -10721.798175812124, -1634.7853186180664, 17000.628503653712, -4073.5189519174387, -25498.7217644099, 33090.64177210161, -17071.103341702146, 3360.0744588236807], 11, 9.660766288840837e-07, 3.764144867680487e-15

14, 18, 13, [49.581526393803436, -612.8644330121517, 2847.0333100566777, -6390.282322976806, 5585.306358379734, 4068.844012349835, -10721.798207651425, -1634.7853139334168, 17000.628555722124, -4073.518978939044, -25498.721843145282, 33090.64189747123, -17071.10341460583, 3360.0744746283694], 9, 1.113771228199237e-06, 3.951367727423047e-15

14, 18, 13, [49.58152736080555, -612.8644440811443, 2847.0333617276056, -6390.28244193432, 5585.306468020368, 4068.844083397697, -10721.798417295238, -1634.7853339152628, 17000.628890091728, -4073.519075758063, -25498.722345062866, 33090.64257288681, -17071.10377057797, 3360.0745458784477], 11, 9.866632961546473e-07, 3.791279036087713e-15

14, 18, 13, [49.581526012401454, -612.8644286381679, 2847.0332895702963, -6390.28227555813, 5585.306314162655, 4068.8439845564762, -10721.798123180362, -1634.7853072294952, 17000.62842074085, -4073.5189377278434, -25498.72164038483, 33090.641621166025, -17071.10326779232, 3360.0744450399693], 9, 1.0479925416094462e-06, 3.86872656076333e-15

14, 18, 13, [49.58152601227748, -612.8644283112534, 2847.0332863399763, -6390.282263273572, 5585.30629461978, 4068.843984806642, -10721.79808736287, -1634.7853229736354, 17000.628360518625, -4073.5188906708286, -25498.7215486728, 33090.6414493928, -17071.103160070663, 3360.0744203815857], 10, 9.729169035215498e-07, 3.7738300446143575e-15

