15, 15, 15, [18.577298603964135, -91.35547585715759, 98.8356419148422, 63.99025072554573, -77.27415599375261, -112.64256705076184, -1.0460818073535312, 125.37535668756101, 115.31764534573928, -40.82031767469484, -176.42373760285395, -96.96821543156769, 161.92899143990428, 207.2664997414117, -278.20582406304845, 82.44473811718491], 5, 4.1451754122029327e-07, 2.3123492554019895e-18

20, 15, 15, [18.577288054284143, -91.35542998810456, 98.83559293884099, 63.990219835081994, -77.27411656316733, -112.64251159749304, -1.0460836825731883, 125.37529211848907, 115.31758866405407, -40.82029333878854, -176.4236458799172, -96.96816845120814, 161.92890373179026, 207.26639289659445, -278.2056744155856, 82.44469277265625], 5, 4.2389474573684405e-07, 2.370644108454759e-18

20, 15, 15, [18.577271469359466, -91.35535784905349, 98.83551583373362, 63.990171311572404, -77.27405440163491, -112.64242436529928, -1.0460868329897857, 125.37519032410513, 115.31749953074247, -40.82025469793482, -176.42350121836319, -96.96809465958299, 161.92876507848572, 207.26622446791256, -278.20543789748285, 82.44462100136836], 4, 4.2620905069283706e-07, 2.3418685137760654e-18

11, 15, 15, [18.57728400847816, -91.35541156444116, 98.83557171596367, 63.99020812755722, -77.27409816092468, -112.64248838362359, -1.0460870819196058, 125.37526214533884, 115.31756506493603, -40.82027897531609, -176.42360285254856, -96.96814962292427, 161.92885945039671, 207.2663438074045, -278.2055998695077, 82.44466928607135], 3, 4.2665642601968567e-07, 2.3451483207493723e-18

12, 15, 15, [18.577295875377466, -91.35546333179948, 98.83562732799727, 63.990242820684024, -77.27414323377765, -112.64255115174949, -1.0460843397199233, 125.3753359270784, 115.31762917792055, -40.820307538691104, -176.423707786719, -96.9682025686186, 161.928960593548, 207.26646579501582, -278.2057722177897, 82.4447217461969], 4, 4.224383234705097e-07, 2.332600907814112e-18

20, 15, 15, [18.57727983684544, -91.35539416907616, 98.83555452319676, 63.99019579068291, -77.27408548893736, -112.64246819105243, -1.0460854399675639, 125.37524124993938, 115.31754430890126, -40.82027382824528, -176.42357356905984, -96.96813176557228, 161.92883424409172, 207.2663087773065, -278.2055559719514, 82.44465678784535], 4, 4.231574496819356e-07, 2.3349086556636805e-18

10, 15, 15, [18.577286207851305, -91.35542149316055, 98.83558302235906, 63.990214473083334, -77.27410787755107, -112.64250078343476, -1.0460854057729738, 125.37527799331696, 115.31757765088611, -40.82028646911585, -176.42362560741628, -96.96815966371851, 161.928882820285, 207.26636981175295, -278.2056392960251, 82.44468171161023], 3, 4.267231222783103e-07, 2.345076003112866e-18

13, 15, 15, [18.57728358541669, -91.35541048857056, 98.83557196995037, 63.99020678740008, -77.27409954231159, -112.64248795512026, -1.0460847830426603, 125.3752642533023, 115.31756452882261, -40.82028245360176, -176.4236062263067, -96.96814855348404, 161.92886539030525, 207.26634682672764, -278.20560909450467, 82.44467284996536], 2, 4.263757474076185e-07, 2.344306154318373e-18

15, 15, 15, [18.577291214407563, -91.35544464287877, 98.83561024254432, 63.990229000538676, -77.27413186756384, -112.64253037459653, -1.046080384751036, 125.37531698762747, 115.31760776941232, -40.82030575604214, -176.4236816180064, -96.96818360386044, 161.92894093133336, 207.2664334835889, -278.20573680464435, 82.44471251785352], 3, 4.267334129514492e-07, 2.3441319196537217e-18

15, 15, 15, [18.577299277262707, -91.35547867728222, 98.835644717973, 63.990252727271034, -77.27415806854522, -112.64257034664499, -1.0460820729030298, 125.37536010344411, 115.31764874525854, -40.820318499786026, -176.42374237995566, -96.96821837336185, 161.92899550890783, 207.2665054583232, -278.20583113179754, 82.44474010679593], 5, 4.05844182395887e-07, 2.3075606458924962e-18

12, 15, 15, [18.57730761280488, -91.35551453117309, 98.83568229429301, 63.99027717621041, -77.27418773358029, -112.6426132442144, -1.0460817668879523, 125.37540876158282, 115.31769263422012, -40.82033552416823, -176.42381132057173, -96.96825504874714, 161.92906011819568, 207.26658621363924, -278.20594182877585, 82.44477328213681], 4, 4.2618293846685395e-07, 2.3430000911122676e-18

15, 15, 15, [18.57727971628821, -91.35539388193877, 98.8355546353046, 63.99019542949171, -77.27408591919995, -112.64246812535306, -1.0460847990698667, 125.37524190146463, 115.31754423224243, -40.820274788386506, -176.4235745820156, -96.9681315544555, 161.9288358979998, 207.26630970802321, -278.20555851640717, 82.44465774095848], 6, 4.211855635489948e-07, 2.3283933069911333e-18

20, 15, 15, [18.577287809379055, -91.35542919708404, 98.8355925972396, 63.99021908192482, -77.27411671011303, -112.64251095468092, -1.046082875868159, 125.37529230389265, 115.31758797296648, -40.820294368176214, -176.4236462785211, -96.9681676564505, 161.9289050805632, 207.26639303528663, -278.2056763888396, 82.44469364343723], 2, 4.264299571620616e-07, 2.3451897581021173e-18

13, 15, 15, [18.577289958757344, -91.35543809875809, 98.83560127915241, 63.990225444174854, -77.27412300460391, -112.642521212106, -1.046083904116803, 125.37530269835383, 115.31759852050602, -40.8202966811897, -176.42366081243776, -96.96817677607442, 161.92891734725256, 207.26641050679467, -278.2056978552575, 82.44469968450605], 2, 4.267534371230575e-07, 2.344229957155574e-18

13, 15, 15, [18.577287342635454, -91.35542729448846, 98.83559076551259, 63.99021774407152, -77.27411538064727, -112.64250881935368, -1.046082710928412, 125.37529009067725, 115.3175858134487, -40.820293749461634, -176.42364313852553, -96.96816585046948, 161.9289022273192, 207.26638929076077, -278.2056713840703, 82.44469214847275], 5, 4.024280247293122e-07, 2.2935073042601816e-18

15, 15, 15, [18.577296143596197, -91.3554653807611, 98.83563112086577, 63.99024351169239, -77.27414762289993, -112.64255464708611, -1.0460816205442074, 125.37534293085263, 115.31763265668529, -40.820313166304835, -176.4237181448375, -96.96820477254467, 161.92897348619852, 207.26647683992798, -278.2057931718402, 82.44472893196115], 5, 4.093373397011201e-07, 2.2994441639340267e-18

14, 15, 15, [18.577289102626498, -91.35543444261204, 98.83559749199121, 63.99022293535617, -77.27412005003237, -112.64251687036375, -1.0460838721288632, 125.37529784510633, 115.317594079482, -40.82029505116267, -176.42365394247065, -96.96817305311279, 161.9289109703537, 207.2664024345094, -278.20568689942223, 82.44469641683322], 4, 4.2588274628281155e-07, 2.341171814779578e-18

14, 15, 15, [18.577288867300346, -91.35543390929466, 98.83559781919922, 63.99022218555369, -77.27412106357504, -112.64251678660325, -1.046082404601661, 125.37529940482871, 115.31759393393075, -40.82029734010422, -176.4236563961356, -96.9681725383634, 161.9289150320998, 207.26640471407526, -278.2056932491204, 82.44469882576858], 2, 4.2693093757434015e-07, 2.3443659517138106e-18

15, 15, 15, [18.577283579511835, -91.35541069791351, 98.83557264254102, 63.9902067143494, -77.27410047239114, -112.64248846453536, -1.046083974503213, 125.37526573442162, 115.3175649962606, -40.820283964512505, -176.42360847969434, -96.9681486980429, 161.92886854973176, 207.26634913577968, -278.2056142011406, 82.44467469509073], 5, 4.018482535299448e-07, 2.2848386766537883e-18

20, 15, 15, [18.577274185639045, -91.35537022780551, 98.83553009806555, 63.99017918612483, -77.27406676608396, -112.64243997853312, -1.0460845711143723, 125.37521045744566, 115.3175154138589, -40.820264302147955, -176.4235301055797, -96.96810735231031, 161.9287947447442, 207.26625743472582, -278.20548783500686, 82.44463671292375], 4, 4.2158806730189973e-07, 2.3307897605952905e-18

13, 15, 15, [18.5772899452794, -91.35543866429612, 98.83560300640771, 63.99022535458777, -77.27412532197899, -112.64252262466228, -1.0460820711225747, 125.37530635977426, 115.31759991458526, -40.82030008646805, -176.42366628026335, -96.96817748733532, 161.92892456938583, 207.26641617894236, -278.2057094401558, 82.44470374227683], 5, 4.0197663084651674e-07, 2.2914475261423758e-18

12, 15, 15, [18.57729608060719, -91.35546467371061, 98.83562957624163, 63.99024337632631, -77.27414572091472, -112.64255329376527, -1.0460829515098382, 125.375339905711, 115.3176313217801, -40.820310546191465, -176.42371364330316, -96.96820400462576, 161.9289676977228, 207.26647210105713, -278.20578380862906, 82.44472567816086], 2, 4.264699550863322e-07, 2.3452630519052616e-18

14, 15, 15, [18.57730453543395, -91.35550160104702, 98.83566930838643, 63.99026811464951, -77.27417796220274, -112.64259813009298, -1.04608094361278, 125.3753926676694, 115.31767713495947, -40.82033099509262, -176.42378867061416, -96.9682418507598, 161.92904000057587, 207.26655930546232, -278.205906971216, 82.44476315246658], 5, 4.0370497817675164e-07, 2.2876899429553475e-18

13, 15, 15, [18.577299058651214, -91.35547764329597, 98.83564346825547, 63.99025208717572, -77.27415694540146, -112.64256899538934, -1.0460823357240054, 125.3753582834651, 115.31764736374072, -40.820317578417146, -176.4237397680522, -96.96821727259103, 161.92899279364528, 207.2665024988882, -278.2058265984355, 82.44473867844559], 5, 4.0368881686396056e-07, 2.2885558924510462e-18

20, 15, 16, [11.479163252101447, -56.25411967527794, 51.13585638057649, 48.50177669615021, -29.090181832019216, -71.10587835720422, -30.219201828834468, 49.732118133711104, 85.6714480628601, 33.27313577255354, -66.18510204457621, -108.95060360948139, -22.442602088619232, 123.6861090919211, 105.34557914909352, -185.82899938436677, 60.251550078910164], 4, 4.506587369846667e-07, 2.5677279305594808e-18

15, 15, 15, [18.577291748219285, -91.35544625253627, 98.83561065922926, 63.99023065170763, -77.27413111381307, -112.64253150570984, -1.0460824812326517, 125.37531589844872, 115.31760901209813, -40.82030287648742, -176.42367972538935, -96.96818520507203, 161.9289366329446, 207.2664321186898, -278.20573031480166, 82.44470984866074], 3, 4.2682180236647275e-07, 2.3447065354910484e-18

9, 15, 15, [18.57729245723094, -91.35544914512984, 98.83561342642368, 63.99023271362738, -77.27413309108658, -112.64253476655489, -1.0460828199189458, 125.37531918357624, 115.3176123332388, -40.820303648528636, -176.42368434963672, -96.96818803352835, 161.92894064830705, 207.26643767531235, -278.2057373847911, 82.44471189641779], 2, 4.2693781038310816e-07, 2.345729957478111e-18

14, 15, 15, [18.57729245377621, -91.35544894657154, 98.835612846024, 63.990232771566596, -77.27413229351868, -112.64253433727082, -1.046083531336123, 125.3753179045098, 115.3176119573116, -40.82030229861262, -176.42368238409853, -96.96818795874013, 161.92893782211513, 207.2664356668203, -278.2057327925762, 82.44471021555486], 6, 4.13437155479536e-07, 2.3120781778113417e-18

9, 15, 15, [18.577310100159153, -91.35552535791324, 98.83569388744789, 63.990284443748855, -77.27419710232408, -112.64262634322337, -1.0460812428808042, 125.37542410473617, 115.31770601372092, -40.82034141413853, -176.4238331387851, -96.96826610904048, 161.92908110070258, 207.26661159733072, -278.2059776006844, 82.44478415610874], 6, 4.0062193976756494e-07, 2.2792757339853272e-18

15, 15, 15, [18.577288130756504, -91.35543064996172, 98.8355942308967, 63.99022004228981, -77.27411808128208, -112.64251278548566, -1.04608273145842, 125.37529453170276, 115.31758985908242, -40.82029527019341, -176.42364943682176, -96.96816922350655, 161.92890812638674, 207.26639668505334, -278.20568153033093, 82.44469519782737], 5, 4.018544886071152e-07, 2.2910939042500258e-18

