14, 18, 9, [-16.178635765468538, 118.27027466925755, -513.961307688067, 1469.2740374371726, -2885.37110161388, 3939.9847962121876, -3692.2519727108347, 2271.6885341794937, -828.3375226788025, 135.89290883281194], 20, 4.26542023613317e-08, 1.9178257832828217e-19

14, 18, 9, [-16.178636795540456, 118.27029088264943, -513.9614204912135, 1469.2744928199663, -2885.372277334221, 3939.9868097634253, -3692.2542605016306, 2271.690197336066, -828.3382247428364, 135.89303996450852], 15, 5.397468662209623e-08, 2.271185290194938e-19

14, 18, 8, [-15.082701371291986, 101.20005810054478, -396.1745386444595, 996.7121958853421, -1670.5079745543437, 1864.5795062763852, -1336.1549948542827, 557.678715167639, -103.27282715322254], 25, 5.91839705477582e-06, 2.7445616902651105e-17

14, 18, 8, [-15.08270139069752, 101.20005833160565, -396.1745398304107, 996.7121993055543, -1670.507980599002, 1864.5795129524718, -1336.154999325549, 557.6787168105278, -103.27282740197285], 3, 5.914711810021171e-06, 2.7448625670408475e-17

14, 18, 9, [-16.178636042442925, 118.27027921178994, -513.961340574283, 1469.2741754392528, -2885.37147168029, 3939.9854540729066, -3692.252748191897, 2271.689118837927, -828.3377785489901, 135.89295836669652], 20, 3.282722962970215e-08, 1.590720545097925e-19

14, 18, 8, [-15.082701734687507, 101.20006310097621, -396.17456863333257, 996.7122982677762, -1670.508192189263, 1864.5798012476018, -1336.155243792577, 557.6788347762624, -103.27285220429981], 3, 5.911110549398424e-06, 2.7556847487119315e-17

14, 18, 9, [-16.178636602249313, 118.27028771838313, -513.9613977520132, 1469.274398569155, -2885.372028807519, 3939.9863771139885, -3692.2537629658636, 2271.689832706278, -828.3380701469088, 135.89301106357567], 20, 4.420058868312814e-08, 1.9603165890818874e-19

14, 18, 9, [-16.17863735593481, 118.2702993809812, -513.9614777006619, 1469.2747172267875, -2885.372842622421, 3939.987758159652, -3692.255320277959, 2271.6909579416933, -828.3385428922707, 135.89309905607993], 20, 3.4519052862030926e-08, 1.6632157471603107e-19

14, 18, 8, [-15.082701359320051, 101.20005789935497, -396.1745372186835, 996.712190270121, -1670.5079610355333, 1864.579485824013, -1336.1549758135307, 557.6787051736499, -103.27282488535647], 6, 5.9185147110072835e-06, 2.7451288270579633e-17

14, 18, 8, [-15.082701344052882, 101.20005771004324, -396.1745362206765, 996.7121873734969, -1670.5079560473994, 1864.579480754796, -1336.154973046799, 557.678704607784, -103.27282493392309], 14, 5.920123373617574e-06, 2.743925570877093e-17

14, 18, 9, [-16.17863573883688, 118.27027482641115, -513.9613125725, 1469.274071711077, -2885.37122605151, 3939.9850685453202, -3692.25234719979, 2271.688852389078, -828.337675948285, 135.8929409299006], 15, 5.325318436878927e-08, 2.258483984488263e-19

14, 18, 9, [-16.17863694700571, 118.27029347502484, -513.9614400463269, 1469.2745781530487, -2885.3725147576884, 3939.9872466370493, -3692.25479225855, 2271.690610298529, -828.3384104655979, 135.8930768278269], 20, 3.415354788606429e-08, 1.6343521431530544e-19

14, 18, 9, [-16.178632401108892, 118.27022280223655, -513.96095327163, 1469.2726285588703, -2885.36751097254, 3939.9787119484345, -3692.2451180505373, 2271.6835829147135, -828.3354419954427, 135.89252125264858], 20, 3.865548934647865e-08, 1.7857364194876476e-19

14, 18, 8, [-15.082701299548214, 101.20005712623215, -396.17453288556976, 996.7121765340631, -1670.507934119384, 1864.5794524722926, -1336.1549503271613, 557.6786942115247, -103.27282285848908], 4, 5.903651540537824e-06, 2.7410393830337232e-17

14, 18, 9, [-16.17863520870663, 118.27026635092962, -513.9612526389707, 1469.2738256424075, -2885.3705795383144, 3939.9839411369894, -3692.2510421720663, 2271.687885340133, -828.3372596376598, 135.89286159335353], 35, 3.492011750020986e-08, 1.4711956257376288e-19

14, 18, 9, [-16.17863579985075, 118.27027500212951, -513.9613085056815, 1469.2740344800488, -2885.371077259668, 3939.984724875321, -3692.251856841562, 2271.6884237842805, -828.3374646719639, 135.89289579989432], 20, 4.529887412815544e-08, 1.9936974181145638e-19

14, 18, 9, [-16.17863558558451, 118.2702720803348, -513.9612911970066, 1469.2739764144173, -2885.3709570551187, 3939.984568869365, -3692.2517353759927, 2271.6883756082266, -828.3374611645507, 135.8928982796429], 25, 3.164139792849276e-08, 1.5382624017023098e-19

14, 18, 9, [-16.178634984100025, 118.27026255159606, -513.9612243130848, 1469.273703420841, -2885.3702430554436, 3939.9833279905747, -3692.25030243809, 2271.687315419241, -828.3370051384492, 135.89281139514756], 20, 3.3706794070834804e-08, 1.6169709865544424e-19

14, 18, 9, [-16.178637488903984, 118.27030118954998, -513.9614883252556, 1469.2747522624854, -2885.3729128563646, 3939.9878438030673, -3692.255378107903, 2271.6909711215585, -828.3385361758238, 135.89309548479352], 25, 4.3843654725384055e-08, 1.9450980364470364e-19

14, 18, 8, [-15.082701197389198, 101.20005571051608, -396.1745243271493, 996.7121470568981, -1670.5078708570397, 1864.5793658459227, -1336.1548764207528, 557.6786582937308, -103.27281524575925], 7, 5.915307650732447e-06, 2.743605246229855e-17

14, 18, 8, [-15.082701311802744, 101.2000572771602, -396.17453367310804, 996.7121787845961, -1670.5079379003487, 1864.5794561491634, -1336.1549521418185, 557.6786944361165, -103.27282276481338], 13, 5.915429576338238e-06, 2.742445087062525e-17

14, 18, 8, [-15.082701350944562, 101.20005776307855, -396.1745362828017, 996.7121866963769, -1670.5079526903799, 1864.5794735754737, -1336.154964748719, 557.6786995376642, -103.27282364412324], 5, 5.919331067916815e-06, 2.747670506980779e-17

14, 18, 8, [-15.082701371242381, 101.20005812376189, -396.1745389309563, 996.7121973805174, -1670.507978863702, 1864.5795136945198, -1336.1550024839662, 557.6787195095252, -103.27282820790903], 8, 5.916658697241621e-06, 2.7448417534273088e-17

14, 18, 9, [-16.178635852710567, 118.2702760201525, -513.9613168192583, 1469.2740727972161, -2885.371188010921, 3939.9849341588924, -3692.252116323239, 2271.688627852303, -828.3375572182744, 135.8929142662813], 20, 3.224036722133447e-08, 1.5393963215143018e-19

14, 18, 9, [-16.178639215243663, 118.27032815828771, -513.961674892104, 1469.2755024168707, -2885.3748448838437, 3939.991149217841, -3692.2591347565194, 2271.6937061209005, -828.3396936592853, 135.89331245117748], 11, 5.5029552093541766e-08, 2.296312592610093e-19

14, 18, 9, [-16.178634648664573, 118.27025730035041, -513.9611878997465, 1469.2735566165618, -2885.3698638020924, 3939.9826768725516, -3692.2495594876727, 2271.686772090442, -828.3367740412507, 135.89276783623123], 20, 4.6498700674048565e-08, 2.039864375037871e-19

14, 18, 8, [-15.082701142605833, 101.20005493669002, -396.17451957199046, 996.7121304516496, -1670.50783481152, 1864.579316034067, -1336.1548336210365, 557.6786373858436, -103.27281079934373], 2, 5.9054573556542584e-06, 2.7473019039384716e-17

14, 18, 9, [-16.17863452618131, 118.27025604436318, -513.9611836946084, 1469.2735574834735, -2885.369911174418, 3939.98283406312, -3692.2498234486575, 2271.6870254817586, -828.3369068062256, 135.89279743542073], 20, 4.877651227015602e-08, 2.0998690634596461e-19

14, 18, 8, [-15.082701450047074, 101.20005920042439, -396.17454534450957, 996.7122191365969, -1670.508024829568, 1864.5795756329467, -1336.1550544664917, 557.6787443532829, -103.27283338481307], 5, 5.914572583031519e-06, 2.746036012436076e-17

14, 18, 9, [-16.178635870348813, 118.27027649773898, -513.9613215052266, 1469.2740971348187, -2885.371264694208, 3939.9850890489984, -3692.252318999265, 2271.6887945966837, -828.3376358198886, 135.89293048969705], 14, 5.420849881445308e-08, 2.2750377990656066e-19

