15, 17, 13, [119.95704080829009, -337.91113803534813, -16.32330777127544, 373.551963751378, 382.40473843789584, -60.06271336129212, -634.5512867429347, -793.2427019638859, -126.75196642780986, 1127.1970487633514, 1719.8199064720502, -104.14879753531244, -3715.1570188343762, 2066.7141592711264], 8, 3.751638012860226e-05, 2.1854991056010062e-16

15, 17, 12, [181.33934842211153, -568.9460517775487, 99.14220444723024, 691.0408836836262, 446.7292278071917, -491.7578952417543, -1240.5772637546636, -778.8444011057638, 1046.3133425176513, 2558.007369993471, 595.5277626411283, -5033.794436064819, 2496.979238607173], 11, 3.5888428962992656e-05, 2.089834939595241e-16

15, 17, 13, [119.9570419843216, -337.91114125682725, -16.323307975421752, 373.55196726227814, 382.4047420947669, -60.062713833702844, -634.5512926514141, -793.2427094675868, -126.7519677908579, 1127.1970591420386, 1719.8199225747026, -104.1487982008593, -3715.1570531837156, 2066.7141781520468], 9, 3.7563784180240274e-05, 2.1874646542629923e-16

15, 17, 13, [119.95705563670049, -337.9111795385508, -16.32330930967944, 373.55201011029305, 382.4047850965329, -60.06272219493639, -634.5513665992729, -793.2428000243423, -126.75197949194524, 1127.1971927552077, 1719.820121973703, -104.14881546056414, -3715.1574913383542, 2066.714425590147], 8, 3.757891084937907e-05, 2.1875481306966915e-16

15, 17, 12, [181.3393415046277, -568.9460300200636, 99.14220028201473, 691.0408569664565, 446.7292111115561, -491.75787531426715, -1240.577215301451, -778.8443718267926, 1046.3132997802456, 2558.0072690683855, 595.5277413720561, -5033.7942348086835, 2496.9791372562086], 8, 3.6655372118159434e-05, 2.117385169891756e-16

15, 17, 13, [119.95703928597301, -337.91113376237047, -16.323307627138423, 373.5519589635396, 382.40473363941373, -60.062712416805994, -634.551278472775, -793.2426918484526, -126.75196513783045, 1127.197033808699, 1719.8198841802075, -104.14879557744507, -3715.1569698128105, 2066.7141315698473], 7, 3.776657149268344e-05, 2.1956220306790004e-16

15, 17, 13, [119.95705900957691, -337.9111889771333, -16.323309661353782, 373.5520206511603, 382.4047957079497, -60.062724199806, -634.55138475408, -793.2428223221192, -126.7519824685793, 1127.1972254868667, 1719.8201709698874, -104.14881952596174, -3715.157598752804, 2066.714486126023], 8, 3.7661015672372875e-05, 2.1913844364015182e-16

15, 17, 13, [119.95704248422042, -337.91114255585484, -16.323308141686855, 373.5519685899396, 382.4047436002251, -60.062713818250494, -634.551294748327, -793.2427123777551, -126.7519686637672, 1127.197062563214, 1719.8199284512682, -104.1487978091888, -3715.1570648313646, 2066.714184106015], 7, 3.7781547332097975e-05, 2.1963005186163881e-16

15, 17, 12, [181.3393652620347, -568.946104442684, 99.14221414807336, 691.0409480422884, 446.72926854708055, -491.75794244482734, -1240.5773800679444, -778.8444723670625, 1046.313443538218, 2558.0076114488534, 595.5278153794362, -5033.7949153942645, 2496.979478760087], 8, 3.6565618686635844e-05, 2.1144249968099755e-16

15, 17, 13, [119.95704575211577, -337.91115189972766, -16.323308253136744, 373.55197927129103, 382.40475401219334, -60.062716391529875, -634.5513135287017, -793.2427347646649, -126.75197066582612, 1127.1970971596154, 1719.8199786975167, -104.14880378218179, -3715.157177530384, 2066.7142488833197], 6, 3.7861880925705885e-05, 2.1994754406127103e-16

15, 17, 12, [181.33934456294233, -568.9460394091398, 99.14220178141893, 691.0408682560118, 446.72921858162806, -491.7578830970301, -1240.577235456471, -778.8443847976479, 1046.3133162741044, 2558.007310377354, 595.5277516120308, -5033.7943153624465, 2496.979176774747], 10, 3.592982177112491e-05, 2.0916085670153407e-16

15, 17, 13, [119.95703517964951, -337.9111223315749, -16.323307128592003, 373.55194627293616, 382.4047207584108, -60.06271017114536, -634.5512567346043, -793.2426649377318, -126.75196123608691, 1127.1969948499316, 1719.8198253782907, -104.14879126908711, -3715.15684170975, 2066.7140597777807], 8, 3.763846037576497e-05, 2.190470360208661e-16

15, 17, 12, [181.3393092436727, -568.9459288026335, 99.14218121494052, 691.0407329351203, 446.7291331905647, -491.7577834348879, -1240.5769906884907, -778.8442353486154, 1046.3131028588346, 2558.006801828567, 595.5276415277581, -5033.793304634539, 2496.9786697038203], 9, 3.6426655563621664e-05, 2.1088510658340253e-16

15, 17, 13, [119.95704368783088, -337.911145971523, -16.32330821394476, 373.55197246245, 382.40474742077265, -60.062714677824005, -634.5513015050815, -793.2427205241036, -126.75196953278504, 1127.1970749043983, 1719.8199465856603, -104.1487997036257, -3715.1571051303026, 2066.7142070825207], 8, 3.762273497937098e-05, 2.1890572441678347e-16

15, 17, 13, [119.95705095228772, -337.91116648272543, -16.3233087590305, 373.55199559596036, 382.4047703915103, -60.06271958359653, -634.5513417067219, -793.2427692625959, -126.75197510925645, 1127.1971480853329, 1719.8200546741195, -104.14881038857784, -3715.157344524682, 2066.7143432140247], 8, 3.754557817576032e-05, 2.1864113214813718e-16

15, 17, 12, [181.3393543619213, -568.9460703630562, 99.1422078813562, 691.0409064052373, 446.72924217688507, -491.7579119269193, -1240.5773048296835, -778.8444262488304, 1046.3133782262807, 2558.0074552782703, 595.5277812327262, -5033.794605405135, 2496.9793234685744], 13, 3.6095079776401304e-05, 2.09626597362412e-16

15, 17, 13, [119.95704608555586, -337.9111527489848, -16.32330838531388, 373.55198011553216, 382.4047550076187, -60.0627163204093, -634.5513148186036, -793.2427366404831, -126.7519713412116, 1127.1970991655896, 1719.8199823653842, -104.14880330425333, -3715.1571844645523, 2066.7142522393956], 8, 3.7648956755143314e-05, 2.1909667545058012e-16

15, 17, 13, [119.95704017812851, -337.9111361715034, -16.32330782075376, 373.5519615458967, 382.4047363884757, -60.06271267058858, -634.5512827523073, -793.2426974019708, -126.75196631079376, 1127.197041202397, 1719.819895921876, -104.14879576389379, -3715.1569944439725, 2066.7141449008946], 8, 3.751570511224055e-05, 2.1855329030500454e-16

15, 17, 13, [119.95704882917843, -337.91116033406985, -16.323308777614496, 373.5519884720941, 382.40476357765397, -60.062717659684104, -634.5513290341588, -793.2427544130113, -126.75197416734858, 1127.1971244575464, 1719.8200209328995, -104.14880567860625, -3715.1572678541465, 2066.7142986604485], 9, 3.777885255531662e-05, 2.196100649427129e-16

15, 17, 12, [181.33932161828506, -568.9459673176608, 99.14218806575543, 691.0407798071301, 446.7291632045467, -491.7578172846773, -1240.5770751355897, -778.844287748433, 1046.3131751270455, 2558.006976567391, 595.5276809907893, -5033.793649971461, 2496.978841826669], 9, 3.613859115321995e-05, 2.0982217194766386e-16

15, 17, 12, [181.3393398768834, -568.9460247424081, 99.14219906379748, 691.0408503204151, 446.7292072516507, -491.7578699061139, -1240.577203024484, -778.8443649748542, 1046.3132880283852, 2558.007243010215, 595.527736994407, -5033.79418150784, 2496.9791096407394], 10, 3.584967554830856e-05, 2.0883857949197695e-16

15, 17, 13, [119.95704498889091, -337.9111498931036, -16.32330802233857, 373.55197719148475, 382.40475169156275, -60.062716357750816, -634.5513102029756, -793.2427302231974, -126.75196939159639, 1127.1970916689709, 1719.819969431389, -104.14880425064382, -3715.157158972365, 2066.7142393036333], 8, 3.777859554868426e-05, 2.1960994386241344e-16

15, 17, 13, [119.95704090034826, -337.91113833132596, -16.32330773675666, 373.551964129362, 382.4047387529073, -60.06271353723883, -634.5512874676704, -793.2427027237345, -126.75196634028019, 1127.197050210831, 1719.8199083438294, -104.14879803498015, -3715.15702342279, 2066.714162097073], 6, 3.7854680570565826e-05, 2.1991787511767507e-16

15, 17, 13, [119.95703531409353, -337.9111225855452, -16.3233072835284, 373.5519464052602, 382.4047211012062, -60.06270986320247, -634.5512567265843, -793.242665345641, -126.75196189744868, 1127.1969943818924, 1719.8198256259943, -104.14879017947436, -3715.1568406867978, 2066.7140584236295], 8, 3.7557880845725556e-05, 2.1868208640250405e-16

15, 17, 13, [119.95704934239717, -337.9111618881948, -16.323308695346245, 373.55199035356264, 382.40476526987703, -60.06271833825478, -634.5513325017376, -793.2427582697571, -126.7519740981256, 1127.197131145581, 1719.8200300315998, -104.14880750189675, -3715.1572893080797, 2066.714311499802], 8, 3.751941128175965e-05, 2.185396252730151e-16

15, 17, 11, [281.4564907811877, -991.2075486027622, 430.1029357706733, 1243.1043732664439, 260.89082945150545, -1529.9486097620686, -1922.6882184758058, 458.0894591301973, 3689.9914900081653, 2031.627290133654, -7052.8496167538715, 3102.3001542043967], 15, 3.470801800102805e-05, 2.014318374523549e-16

15, 17, 13, [119.9570427601418, -337.9111435153008, -16.323307953703278, 373.55196989373974, 382.40474458967174, -60.06271458014829, -634.5512973579451, -793.2427149373326, -126.75196806609578, 1127.1970679723468, 1719.8199350793022, -104.14880008262388, -3715.157081796823, 2066.7141948786143], 3, 3.787658627934792e-05, 2.200972833947268e-16

15, 17, 13, [119.95704008233002, -337.911136011022, -16.323307686853152, 373.55196149978156, 382.4047361578608, -60.06271295451104, -634.5512828801843, -793.242697192126, -126.75196574998516, 1127.1970418308197, 1719.819896030263, -104.14879674657527, -3715.156996054453, 2066.714146489776], 3, 3.787530811967597e-05, 2.2007044101814662e-16

15, 17, 13, [119.95703996801403, -337.91113566299776, -16.32330770933552, 373.551961075226, 382.40473578336014, -60.062712788697326, -634.551282088651, -793.242696329372, -126.75196579758948, 1127.1970402766974, 1719.8198939613724, -104.14879626313613, -3715.1569910693283, 2066.7141434504533], 6, 3.786511848833922e-05, 2.1995434607591377e-16

15, 17, 13, [119.95704079158827, -337.9111378985795, -16.323307875326524, 373.551963486085, 382.4047383298926, -60.06271305701372, -634.5512861061242, -793.2427015027054, -126.75196683624723, 1127.1970472586697, 1719.8199049570167, -104.14879653662791, -3715.157014272284, 2066.7141560779473], 9, 3.7681220501296164e-05, 2.192112903806553e-16

