14, 16, 17, [5.01184484090011, -40.64409859391514, 64.48564414408789, 10.425873642477452, -61.51482726241961, -39.215966547947936, 39.02937869006598, 72.46160508933457, 19.507926234462477, -62.57381069150894, -79.40275916480272, -0.638548909811053, 92.160508180399, 72.86640811406731, -69.4699083577225, -121.6120672821165, 134.23884619292983, -36.11600332056503], 2, 5.873144162111921e-08, 3.0516381691746085e-19

14, 16, 18, [2.121673499968765, -24.39509122315795, 36.44570186753712, 12.514949775655358, -32.54519464297874, -31.456739396597396, 10.403535776525523, 42.7897923295089, 29.724861828832694, -16.980266057044428, -50.62186089055825, -33.59121324858508, 23.55671646927257, 62.37832680574067, 27.699233900345817, -57.262201643683284, -65.30661445456188, 89.7702561538067, -26.245821862559644], 4, 6.388885753763244e-08, 3.409276585378589e-19

14, 16, 17, [5.011843343479796, -40.644091363203614, 64.48563432068332, 10.425871413547537, -61.514818259599856, -39.21596035036783, 39.029373258902545, 72.46159437680184, 19.507923155778798, -62.57380157411778, -79.4027474461738, -0.6385488643149143, 92.1604944332263, 72.86639738802633, -69.46989765774578, -121.61204900824141, 134.2388254322326, -36.11599760099877], 2, 5.8828836429002273e-08, 3.054093220325411e-19

11, 16, 18, [2.1217051893305, -24.395239155961157, 36.44588430046741, 12.515024132449586, -32.54535249077565, -31.456900005037177, 10.403583708606535, 42.79000570893229, 29.72501128336245, -16.980352412543418, -50.62211725239196, -33.59138133106187, 23.556840683739942, 62.37864713148552, 27.699371639856025, -57.26250240321167, -65.30695069410768, 89.77072875486418, -26.245961800537504], 2, 6.605362836592196e-08, 3.4409467601272994e-19

12, 16, 17, [5.011853584744867, -40.6441426661172, 64.48570756151668, 10.425884647727559, -61.514887562432314, -39.21600427320407, 39.02941863309105, 72.46167670533512, 19.507943056083963, -62.57387589447718, -79.40283838470991, -0.6385456814759034, 92.1606048485022, 72.86648074427258, -69.46998442680972, -121.61219336456648, 134.23899034713483, -36.11604287670078], 3, 5.89072185582222e-08, 3.055315077308882e-19

12, 16, 18, [2.1217067358816464, -24.395246438992082, 36.44589339238352, 12.515027736500233, -32.54536043259122, -31.45690796065325, 10.40358623749274, 42.79001644685587, 29.725018692365282, -16.98035688522628, -50.622130191291326, -33.5913897097724, 23.55684706291693, 62.37866331496218, 27.69937850996372, -57.262517661319535, -65.30696764361416, 89.77075266841855, -26.245968886813774], 3, 6.553463268152022e-08, 3.4227389244850895e-19

13, 16, 18, [2.121685151590969, -24.39514605712357, 36.44577037634286, 12.514976735367663, -32.54525458073751, -31.456799077883268, 10.403555275523951, 42.78987337437522, 29.72491717837444, -16.980300580408436, -50.62195881648529, -33.591275819972815, 23.556765876176105, 62.37844968448336, 27.69928491095226, -57.26231880077413, -65.30674293694697, 89.77043974983395, -26.245876655221966], 2, 6.59909808145217e-08, 3.440946802286527e-19

12, 16, 18, [2.1216844187092834, -24.395142377058388, 36.44576535670803, 12.514975170313496, -32.5452498946508, -31.456794931731164, 10.403553250274667, 42.789867028642426, 29.724913352596243, -16.98029728060674, -50.62195096302612, -33.591271325911535, 23.556761322528445, 62.37843970354861, 27.699281283413203, -57.26230883773475, -65.30673267502094, 89.77042436864313, -26.245871982170367], 3, 6.576030102172413e-08, 3.4307828979257704e-19

13, 16, 18, [2.1216965683516964, -24.39519929471358, 36.4458359363993, 12.515003530630095, -32.54531124567553, -31.456856814415428, 10.403572412713238, 42.7899499702238, 29.724970876017696, -16.980331534699122, -50.62205082955305, -33.591336160292904, 23.556810471400976, 62.37856467930127, 27.699334318407946, -57.26242685478191, -65.30686365716952, 89.77060960704969, -26.24592699172857], 4, 5.955422184440979e-08, 3.2805159854553956e-19

14, 16, 18, [2.12169347353522, -24.395184453438908, 36.44581681155977, 12.51499666440304, -32.545294071997425, -31.45684062325704, 10.403565907580223, 42.78992673698475, 29.724956043698928, -16.980320358611195, -50.62202234088875, -33.59131919761393, 23.556794576363917, 62.378528501603114, 27.69932074623997, -57.26239089604974, -65.3068261971479, 89.77055355497775, -26.24590989047504], 3, 6.58206637985205e-08, 3.4315271549702344e-19

14, 16, 17, [5.011826936395534, -40.644008073797075, 64.48551304700324, 10.42585213031266, -61.514702072882194, -39.21589001408514, 39.02929399291107, 72.46145684245967, 19.5078941598538, -62.573672488852075, -79.40259503609192, -0.6385597969950393, 92.16030305851625, 72.86625821385135, -69.46974326451738, -121.61180148119544, 134.2385359422791, -36.115917097249934], 2, 5.8561552727505224e-08, 3.0507418506630494e-19

14, 16, 18, [2.121688722939549, -24.395162313004835, 36.44578960203047, 12.514985446945158, -32.545270608249744, -31.45681655894613, 10.403558981314974, 42.78989501900251, 29.72493358632986, -16.98030782994302, -50.62198433505587, -33.59129396088276, 23.556776568025118, 62.37848113975139, 27.69929997580488, -57.262346862533505, -65.30677639272378, 89.7704843206747, -26.245889514012276], 4, 6.368320023906122e-08, 3.3800403986996555e-19

14, 16, 18, [2.121666701668478, -24.395059448000872, 36.44566260005702, 12.514933863094527, -32.54516060482733, -31.456704890290776, 10.403525312639637, 42.78974631435121, 29.72482974102855, -16.980247259929552, -50.62180554923028, -33.591177131959505, 23.556689451249575, 62.378257600086265, 27.69920433356355, -57.26213647484305, -65.30654186101513, 89.7701537977912, -26.245791507965958], 2, 6.593558650196912e-08, 3.4361061986680997e-19

13, 16, 18, [2.1216891208195783, -24.395164191229867, 36.44579194109271, 12.514986397661204, -32.54527264143178, -31.456818640055694, 10.403559577865353, 42.78989776944724, 29.72493555765939, -16.980308876258107, -50.621987615850955, -33.59129619886681, 23.55677803143244, 62.378485188641264, 27.699301856852287, -57.262350492224826, -65.30678066201683, 89.77049000274845, -26.24589113881829], 2, 6.601161070441666e-08, 3.438978694880679e-19

14, 16, 18, [2.1216831925516577, -24.395136644964364, 36.44575824474849, 12.51497234700793, -32.54524369756072, -31.456788748075653, 10.403551235859418, 42.789858649247535, 29.724907652463017, -16.980293668918808, -50.621940819516304, -33.591264907788094, 23.556756105078534, 62.37842692859933, 27.69927609232106, -57.26229651285416, -65.3067193271513, 89.77040502897574, -26.245866162556414], 2, 6.599647383548171e-08, 3.439497501159553e-19

14, 16, 18, [2.121688497156124, -24.39516140553546, 36.44578876484671, 12.514984813793726, -32.54527008929848, -31.456815645960408, 10.403559201337453, 42.789894325378036, 29.72493270353197, -16.980308024855724, -50.621983654065346, -33.591293080134506, 23.556776744254215, 62.37848041221122, 27.699299206951494, -57.262346600451096, -65.30677549139895, 89.7704837413242, -26.245889431618288], 3, 6.552273883198162e-08, 3.4236593427435707e-19

14, 16, 18, [2.121690761147968, -24.39517167364814, 36.44580084107865, 12.514990354419613, -32.5452801078147, -31.456826664366968, 10.403561430297525, 42.78990785483307, 29.724943049797492, -16.980312450411635, -50.621999573201336, -33.591304494980506, 23.55678330152865, 62.3785000100215, 27.6993086967357, -57.26236398886865, -65.30679636863898, 89.77051139754325, -26.245897388005666], 3, 6.546392817772816e-08, 3.422360823266049e-19

14, 16, 18, [2.1216841687722545, -24.395140737503993, 36.445762354082646, 12.514975045364183, -32.54524655164691, -31.456793041285415, 10.403550718233298, 42.78986248485417, 29.72491185180654, -16.980293376330195, -50.6219448319307, -33.59126928891723, 23.556755946412302, 62.378431381157036, 27.69927996977224, -57.26229877255919, -65.30672453614415, 89.77040911123315, -26.245866907902982], 2, 6.596739326298653e-08, 3.438024448670748e-19

13, 16, 17, [5.011836689227121, -40.644057960455825, 64.4855865345758, 10.425862832817973, -61.51477298877694, -39.21593168276512, 39.02934360348909, 72.46154057148424, 19.507910102085514, -62.57375306688679, -79.4026879899318, -0.6385507807380937, 92.16042244749528, 72.86634284446832, -69.46984132259165, -121.61195486112706, 134.23871829660442, -36.11596827105888], 3, 5.850920274660429e-08, 3.0431161026859493e-19

14, 16, 17, [5.011842298892203, -40.64408648136506, 64.48562810699065, 10.425869453799539, -61.51481283844779, -39.21595586684373, 39.02937072453279, 72.4615877856291, 19.507920220654633, -62.57379718139294, -79.4027403272545, -0.6385473582745785, 92.1604877708398, 72.86639070446621, -69.46989365772318, -121.61203945443809, 134.23881657934078, -36.11599548149045], 4, 5.244221851520778e-08, 2.8664494021730635e-19

14, 16, 18, [2.121691988161212, -24.395177794542622, 36.44580915908402, 12.514992929898705, -32.54528787087224, -31.456833474675847, 10.403564862422456, 42.789918367184974, 29.724949260514176, -16.980318096978603, -50.62201264889362, -33.59131176932672, 23.556791175391435, 62.37851674066601, 27.699314474501026, -57.26238105058132, -65.30681352516419, 89.7705377703278, -26.245905509649983], 2, 6.596377237251454e-08, 3.4357812253880654e-19

14, 16, 17, [5.011858773154368, -40.64416838146271, 64.48574369520053, 10.425891795825056, -61.514921403087634, -39.216026477897906, 39.02944005748193, 72.46171699956801, 19.507953730476334, -62.573911186727116, -79.40288276178583, -0.6385452985127806, 92.16065741657587, 72.86652150612095, -69.47002498035322, -121.61226267592876, 134.2390682911575, -36.11606410188977], 4, 5.19830182202197e-08, 2.850486564703358e-19

14, 16, 17, [5.011833419536857, -40.6440409203169, 64.48556075273147, 10.425859825693848, -61.514747707504654, -39.21591775901353, 39.02932501332872, 72.46151086612403, 19.507905670587746, -62.57372305589271, -79.40265487439625, -0.6385556188149061, 92.16037807312556, 72.8663128509627, -69.46980375836463, -121.61189857813602, 134.2386494727111, -36.11594867444654], 3, 5.826380141944553e-08, 3.0389107836499035e-19

14, 16, 17, [5.0118456598337895, -40.64410341706474, 64.48565253250574, 10.425873550488012, -61.51483610418508, -39.215970181961914, 39.02938637874662, 72.46161533599218, 19.507926265160354, -62.57382277097208, -79.40277080422901, -0.6385453991952654, 92.16052579689516, 72.86641852935676, -69.469924276607, -121.61208877878148, 134.23887419016853, -36.116011508235694], 4, 5.683622380155884e-08, 2.972364330594352e-19

14, 16, 18, [2.121692833444015, -24.395181968338953, 36.445814769933854, 12.51499470511903, -32.54529307374205, -31.456838069593108, 10.403567140776904, 42.78992540991651, 29.724953422648937, -16.980321890498313, -50.62202141438513, -33.59131661232166, 23.55679651600823, 62.37852798979176, 27.699318281204643, -57.26239263424676, -65.30682505844547, 89.77055571835598, -26.245911078162106], 2, 6.590911966134889e-08, 3.433516816959222e-19

12, 16, 18, [2.1216922976357804, -24.39517869943377, 36.44580922683224, 12.514994058011116, -32.54528716282442, -31.456834218260468, 10.4035632057673, 42.78991738659438, 29.72495011253485, -16.980315845662158, -50.622010879460234, -33.59131233328652, 23.556788282633548, 62.3785140169536, 27.699315173191508, -57.26237671624904, -65.30681120745531, 89.7705315496868, -26.245903259742434], 3, 6.495526237140079e-08, 3.410091707349942e-19

14, 16, 17, [5.011844364970334, -40.64409626343136, 64.48564086479942, 10.425873078717647, -61.51482418044882, -39.215964694197694, 39.02937656533283, 72.46160148811526, 19.507925609302934, -62.57380714415189, -79.40275520546473, -0.6385495258258822, 92.16050280671556, 72.86640457747603, -69.46990361209126, -121.6120604168337, 134.23883742717808, -36.11600074224744], 3, 5.882310819434864e-08, 3.0519696549947496e-19

14, 16, 17, [5.011824830470953, -40.64399920925495, 64.48550402661817, 10.42584645977013, -61.51469573902365, -39.215880926590174, 39.029294759284944, 72.46144856516436, 19.507885625511125, -62.57367259797599, -79.4025866518666, -0.6385514805971025, 92.16030260320075, 72.86624971949374, -69.4697490593552, -121.61179677309484, 134.2385408729764, -36.11592002681635], 3, 5.840428763610032e-08, 3.0384434387198324e-19

14, 16, 18, [2.12167566925791, -24.395100734186144, 36.445712377359726, 12.514955364564914, -32.545202833820866, -31.45674948443256, 10.403536526184062, 42.78980337221532, 29.724871438577352, -16.980268252752758, -50.62187342692998, -33.59122360077143, 23.55672000456536, 62.37834181139525, 27.699242701021163, -57.262213470520535, -65.30663086634631, 89.77027543279613, -26.245827040709077], 2, 6.594128275333817e-08, 3.4355320030088335e-19

12, 16, 18, [2.1216885068245923, -24.395161213592935, 36.44578804717649, 12.514985051124661, -32.545269108026126, -31.4568153709555, 10.403558180921632, 42.78989299003083, 29.724932565970263, -16.980306508245555, -50.62198173593547, -33.591292759558634, 23.556774680867214, 62.37847770808143, 27.699299114927854, -57.262342997828924, -65.30677293797599, 89.7704783393266, -26.245887565665186], 2, 6.597550752689729e-08, 3.4347435902909255e-19

