14, 18, 15, [-13.894378525330131, 82.66879297191144, -267.194157141196, 475.12730274531407, -342.5314244202006, -257.901778466226, 556.9814311325237, 132.08447318376597, -742.1329604569034, -60.08743642543708, 1018.0460959295528, -188.03266343756226, -1410.424047191914, 1659.169022277821, -785.3160654602318, 142.43812717652946], 4, 3.6390298231129595e-08, 1.7597550540353917e-19

14, 18, 15, [-13.894381455697793, 82.6688290838578, -267.1943406091893, 475.12777432544044, -342.53196768075946, -257.90187985908096, 556.9822607881316, 132.08432650550057, -742.1341250061932, -60.08710015111119, 1018.0477910097288, -188.03349491270887, -1410.426403669047, 1659.1724310682864, -785.3178681348726, 142.4384825918068], 6, 3.5300213470706046e-08, 1.7318351066949032e-19

14, 18, 15, [-13.894383691315657, 82.66885690132555, -267.1944834921295, 475.1281465542542, -342.5324059711785, -257.90194783297375, 556.9829280813807, 132.08418535154325, -742.1350661680311, -60.08679197024668, 1018.0491719911286, -188.0342249818656, -1410.4283301816415, 1659.175299456486, -785.3194116759829, 142.43879152556104], 5, 3.6905984092654626e-08, 1.7923976583585104e-19

14, 18, 15, [-13.894379598940132, 82.66880628427253, -267.1942252837625, 475.1274796233281, -342.5316316796362, -257.90181180908144, 556.9817467638126, 132.0844081242706, -742.1334051720023, -60.087292960454484, 1018.0467477544807, -188.0330056888224, -1410.424956274487, 1659.1703733847094, -785.3167922400157, 142.4382726659263], 4, 3.644704242100191e-08, 1.7619532929860477e-19

14, 18, 15, [-13.894382636618055, 82.66884347930056, -267.19441292091045, 475.1279578476164, -342.53217516821763, -257.90192368314905, 556.9825781946294, 132.0842781565589, -742.134568766354, -60.086983007960875, 1018.0484335321869, -188.03379582114607, -1410.4272953178152, 1659.1737012227047, -785.3185343337227, 142.43861311759582], 5, 3.5563828335615614e-08, 1.7418277218262785e-19

14, 18, 15, [-13.89437989369262, 82.66881062696433, -267.19425126694085, 475.1275582616533, -342.53174364876435, -257.90180296011744, 556.9819138355701, 132.0843304767427, -742.1336496268332, -60.0871495024657, 1018.0471258517582, -188.03329284181595, -1410.4254943148414, 1659.1713036486103, -785.317331678255, 142.4383869274666], 5, 3.547035588806409e-08, 1.7434060848423665e-19

14, 18, 15, [-13.89438015487143, 82.66881349602022, -267.19426384490885, 475.12758433417315, -342.5317619928384, -257.9018231170682, 556.98194420794, 132.08435275652948, -742.1336867158701, -60.087181562741996, 1018.0471667818407, -188.03325201721321, -1410.425543570347, 1659.1712820817731, -785.317290562452, 142.43837377434363], 6, 3.5749392508551935e-08, 1.7434901610931125e-19

14, 18, 15, [-13.89437907015771, 82.66879986229976, -267.19419318856325, 475.1273987706951, -342.5315415725601, -257.901790684661, 556.9816085571725, 132.08442548537445, -742.1332126062772, -60.08733768632732, 1018.0464707828344, -188.03288523878965, -1410.4245731523968, 1659.1698425445659, -785.3165189502063, 142.43822004050043], 4, 3.646034016906287e-08, 1.7914445491221736e-19

14, 18, 15, [-13.89437981197062, 82.66880827330547, -267.19423179273616, 475.127485220666, -342.5316175676374, -257.9018383281814, 556.981729233571, 132.0844590565976, -742.1333708840599, -60.087376355066326, 1018.0466754157522, -188.03286619400816, -1410.4248427883665, 1659.1700515705086, -785.3165718934827, 142.43822073728802], 4, 3.610290538483123e-08, 1.7462854392811593e-19

14, 18, 15, [-13.894383198922489, 82.66885083935239, -267.1944526173595, 475.1280665988819, -342.53231205421315, -257.90193372784887, 556.982785452065, 132.08421728744673, -742.1348650067786, -60.08686216445046, 1018.0488756253732, -188.0340599156379, -1410.4279154100195, 1659.1746656632708, -785.3190641651037, 142.43872068933618], 4, 3.6722849400309735e-08, 1.7774717384016878e-19

14, 18, 15, [-13.894379815628486, 82.66880913511184, -267.1942407069738, 475.1275219241921, -342.5316848437691, -257.90181600029797, 556.9818273631058, 132.0843851734071, -742.1335203089153, -60.08724745679702, 1018.0469191597591, -188.03310552845176, -1410.4251963151937, 1659.1707420557946, -785.3169930354496, 142.43831309380698], 4, 3.663980800239014e-08, 1.7811661817867345e-19

14, 18, 15, [-13.894382657529219, 82.66884391557427, -267.1944161396241, 475.12796919775116, -342.53219387141104, -257.9019192640714, 556.9826056960803, 132.0842604086142, -742.1346100139712, -60.086951453440676, 1018.0484995804304, -188.03385579379616, -1410.4273905362154, 1659.1738804055942, -785.3186421378587, 142.43863655897664], 4, 3.6079551649489963e-08, 1.7525006455989547e-19

14, 18, 15, [-13.89438321492901, 82.66885120121266, -267.19445540544393, 475.128076796957, -342.53232963903775, -257.90192837787924, 556.9828109290303, 132.08419812542311, -742.1349034779046, -60.086827615481056, 1018.0489386261999, -188.03412544885575, -1410.428007385617, 1659.1748536170521, -785.3191820557317, 142.43874722120665], 4, 3.6535878676517305e-08, 1.7699971716478473e-19

14, 18, 15, [-13.894379231096476, 82.66880152563992, -267.19419986366796, 475.12741052312464, -342.5315452829884, -257.9018051547966, 556.9816160815253, 132.08444657223018, -742.1332185826708, -60.08737013265402, 1018.0464690483651, -188.03283639025565, -1410.4245648361455, 1659.1697583143211, -785.3164516553552, 142.43820295738266], 6, 3.590605744043496e-08, 1.767089103399313e-19

14, 18, 15, [-13.894380798401365, 82.66882128252458, -267.19430252237265, 475.12768080742484, -342.5318672994761, -257.9018514988306, 556.9821063926012, 132.08433898181053, -742.1339115398187, -60.08714043406108, 1018.0474868123374, -188.03337407368804, -1410.4259839517936, 1659.1718642841554, -785.3175802511756, 142.43842770277277], 7, 3.368994045492309e-08, 1.620443639899969e-19

14, 18, 15, [-13.894379211937812, 82.66880144547687, -267.1942002397263, 475.12741361101934, -342.5315521838205, -257.90180237191083, 556.9816262971071, 132.08443893311613, -742.133234392198, -60.08735794230616, 1018.0464944759915, -188.03285775225993, -1410.4246010460972, 1659.169821222514, -785.3164870815361, 142.43821012932924], 4, 3.654142655738817e-08, 1.7812965262669477e-19

14, 18, 15, [-13.894380884922855, 82.66882297379333, -267.19431463685373, 475.1277228062562, -342.53193563880336, -257.9018361008788, 556.9822069536798, 132.084275211748, -742.1340621137404, -60.087026673740446, 1018.0477275094269, -188.03359097132162, -1410.426330824549, 1659.1725147572713, -785.3179710716034, 142.4385125995867], 3, 3.668693399028378e-08, 1.784104499606402e-19

14, 18, 15, [-13.894377375819312, 82.66877857689164, -267.19408265750815, 475.1271069734173, -342.53119068799657, -257.90174665938554, 556.9810758089661, 132.0845555790163, -742.1324576955025, -60.08761180628959, 1018.0453547824477, -188.0322571931783, -1410.4230113978836, 1659.1674596126736, -785.3152188743662, 142.43795690587646], 5, 3.574937104321609e-08, 1.7433091621581804e-19

14, 18, 15, [-13.894382099273072, 82.66883772417853, -267.1943884805441, 475.1279095824357, -342.5321459070628, -257.90188146850215, 556.982528618511, 132.08422734877715, -742.1345114362049, -60.08690911014839, 1018.0483777012375, -188.0338950158829, -1410.427233169572, 1659.173801109568, -785.3186467596621, 142.43864525829633], 5, 3.629615155043027e-08, 1.770946804085142e-19

14, 18, 15, [-13.894380218131925, 82.66881458524249, -267.19427108688814, 475.1276081051561, -342.5317986496981, -257.90181710390465, 556.9819985207897, 132.08432243404874, -742.1337672717128, -60.087127050662296, 1018.0472936082857, -188.03335763182463, -1410.4257251607203, 1659.1716092950749, -785.3174836386394, 142.43841515847936], 3, 3.627768303873472e-08, 1.7938559052492146e-19

14, 18, 15, [-13.894380956257418, 82.6688232878266, -267.1943132086684, 475.1277103106366, -342.53190597308964, -257.9018510054316, 556.9821640315987, 132.0843148022281, -742.1339948605025, -60.08709282893316, 1018.047615201177, -188.03347318731616, -1410.4261673688252, 1659.1721885640786, -785.3177721225562, 142.43846920894924], 4, 3.621299195012847e-08, 1.7624859841647884e-19

14, 18, 15, [-13.89438335883, 82.66885270136196, -267.19446155323664, 475.1280882442899, -342.5323351551803, -257.9019398783406, 556.9828206751891, 132.08421308525214, -742.1349136449331, -60.08684957846719, 1018.0489458152717, -188.03409471717163, -1410.428013293848, 1659.1748116736328, -785.319144362208, 142.43873724310552], 4, 3.676309442479961e-08, 1.7794817767012788e-19

14, 18, 15, [-13.894381748291483, 82.66883251898294, -267.19435725508635, 475.12781511418996, -342.5320119397547, -257.90189085640213, 556.9823283478037, 132.08431761384162, -742.134218723468, -60.0870755006701, 1018.0479265388794, -188.0335612125839, -1410.4265924827714, 1659.1727088984935, -785.3180185519831, 142.43851313358064], 4, 3.5541748768922984e-08, 1.731782867898533e-19

14, 18, 15, [-13.894379790195378, 82.66880822386985, -267.19423279501285, 475.1274917482831, -342.5316325657388, -257.90183025068944, 556.9817504887984, 132.0844370710563, -742.1334041980961, -60.087338002539184, 1018.0467325396417, -188.03293606117944, -1410.424927450673, 1659.1702394785582, -785.3166929590974, 142.43824841608628], 5, 3.5583768678844505e-08, 1.7459478378945466e-19

14, 18, 15, [-13.894383180331605, 82.66885075175689, -267.194453035863, 475.1280705650202, -342.5323224094895, -257.90192688990896, 556.9827998258046, 132.08419961699533, -742.1348879547047, -60.08683106484629, 1018.0489163845172, -188.03411634031957, -1410.4279768037, 1659.17481250162, -785.3191614181034, 142.43874334772192], 4, 3.6087015159756415e-08, 1.7548813438014431e-19

14, 18, 15, [-13.894381752833704, 82.66883270459911, -267.1943587456065, 475.1278200610143, -342.5320185980963, -257.9018920232741, 556.9823389555531, 132.08431723445727, -742.134233846119, -60.08707596594949, 1018.0479472132524, -188.03356096600717, -1410.4266194342736, 1659.1727267411889, -785.3180191146274, 142.43851143083555], 4, 3.614225617102266e-08, 1.7494271747101506e-19

14, 18, 15, [-13.894382937179923, 82.6688469139053, -267.19442888594114, 475.1279944327041, -342.5322094263784, -257.9019407978522, 556.982631761814, 132.0842856459721, -742.1346402062292, -60.086987284863724, 1018.0485297240657, -188.03380959432133, -1410.4274249882894, 1659.173841257217, -785.3185946048987, 142.43862288514495], 5, 3.5702213970561886e-08, 1.750848877207665e-19

14, 18, 15, [-13.8943797562301, 82.66880800484977, -267.19423281155576, 475.12749525798284, -342.53164288863036, -257.901823507851, 556.9817652175008, 132.08442059312114, -742.1334279159024, -60.08731057055822, 1018.0467735203903, -188.03298403444404, -1410.4249878680464, 1659.1703669124458, -785.3167721118972, 142.43826585195242], 4, 3.658152589067328e-08, 1.7779387292875564e-19

14, 18, 15, [-13.894379740047864, 82.66880765385874, -267.1942301664556, 475.12748576577786, -342.5316269134456, -257.9018277728285, 556.9817418735594, 132.0844367492387, -742.1333927883536, -60.08733945699435, 1018.0467167152076, -188.0329292254491, -1410.4249055294708, 1659.170206258514, -785.316673629472, 142.43824409897934], 3, 3.6688722216560115e-08, 1.8012267065915847e-19

14, 18, 15, [-13.894378267567836, 82.66879017660153, -267.1941449808764, 475.1272774765632, -342.5314057858386, -257.9017607524474, 556.9814008725184, 132.08445591692703, -742.1329227190503, -60.087413599691885, 1018.0460512460825, -188.03268797964793, -1410.4239905433406, 1659.169009059087, -785.3160797486503, 142.43813352227892], 5, 3.639840681435912e-08, 1.7785794392553882e-19

