13, 14, 18, [155.1385557852191, -524.6059801062563, 247.200454956759, 508.99390989464933, 88.8095961746451, -449.8800406146229, -571.6625158147081, -160.7054110175729, 457.1611746971651, 771.0958913541446, 456.7559468304338, -341.692055014091, -1007.5122565837988, -825.295430187477, 349.4013728548332, 1500.2376617922457, 732.6514790296411, -2216.275083951368, 829.1832004259229], 3, 8.313747435495898e-07, 3.4121361799764345e-18

25, 14, 18, [155.13834301807472, -524.6052554043509, 247.20009263067635, 508.9932019421223, 88.80950067350497, -449.8793810735506, -571.6617142595944, -160.7052242842941, 457.1604765334778, 771.0947757147148, 456.7553308479749, -341.69149241423384, -1007.5107526737562, -825.2942561815556, 349.40077661268555, 1500.235397205814, 732.6504434161542, -2216.271698704796, 829.181906905442], 4, 5.898016048291005e-07, 2.7828235501003612e-18

25, 14, 18, [155.1383405244752, -524.6052474808249, 247.20008951075954, 508.9931944231402, 88.8094986015187, -449.8793753224828, -571.6617059523887, -160.70522089169447, 457.16047144316616, 771.0947654127923, 456.75532347394034, -341.69148979749, -1007.510740531037, -825.2942445391291, 349.40077464343057, 1500.235379949206, 732.6504328412697, -2216.27167455607, 829.1818987519628], 4, 4.411962564806638e-07, 2.582248798890023e-18

25, 14, 18, [155.13835926118952, -524.6053124932555, 247.20012375216996, 508.9932584087823, 88.80950507503773, -449.87943749869044, -571.6617788452273, -160.70523493465194, 457.16053925986995, 771.0948694258985, 456.75537754106523, -341.6915473747176, -1007.5108842031586, -825.2943524195122, 349.40083718537915, 1500.2355982545403, 732.6505274296134, -2216.272004025411, 829.1820267058124], 2, 8.400495948502621e-07, 3.4588842645746225e-18

25, 14, 18, [155.13843065528314, -524.6055538625626, 247.2002417851782, 508.9934934883136, 88.80954008719496, -449.8796525840137, -571.6620443408684, -160.70530130376295, 457.16076385790456, 771.0952350332942, 456.7555846015342, -341.6917238122108, -1007.5113716904096, -825.2947396050004, 349.4010217628076, 1500.2363292152502, 732.6508698860526, -2216.2730917596064, 829.1824390906411], 3, 8.399968194746873e-07, 3.4427359983450603e-18

25, 14, 18, [155.13836062255868, -524.6053163179365, 247.2001244772542, 508.9932618236793, 88.80950701522924, -449.87943892243095, -571.661782410518, -160.70523778689358, 457.16053938897676, 771.0948726320349, 456.7553816322169, -341.69154545012043, -1007.5108861328416, -825.2943568855737, 349.400834077654, 1500.235599786136, 732.6505317735591, -2216.272004118985, 829.1820253006808], 2, 8.321766099339919e-07, 3.4032037894461936e-18

25, 14, 18, [155.1383578070283, -524.6053073510967, 247.20012090063958, 508.9932533124674, 88.80950474143407, -449.8794323316863, -571.6617730072551, -160.70523406364507, 457.1605334549579, 771.0948608778401, 456.75537338847374, -341.6915421961909, -1007.5108720925236, -825.2943436943592, 349.40083142427693, 1500.2355796698546, 732.6505198362827, -2216.2719756853885, 829.1820155135981], 3, 8.324364343863518e-07, 3.418143550323489e-18

25, 14, 18, [155.13832305164027, -524.6051890587853, 247.20006187499803, 508.9931377942646, 88.8094890248227, -449.8793248753929, -571.6616422559314, -160.7052034374535, 457.1604198136918, 771.0946790449144, 456.75527282038183, -341.69145075496556, -1007.5106271454903, -825.2941522804202, 349.400734552748, 1500.2352108873847, 732.6503509737352, -2216.2714244902804, 829.1818049646349], 4, 4.5001001458817194e-07, 2.493493675289406e-18

25, 14, 18, [155.13832276908894, -524.6051876944434, 247.20006062846565, 508.99313629132894, 88.80948950181228, -449.87932266010023, -571.6616403903006, -160.70520389877956, 457.1604168691692, 771.0946756543077, 456.75527194115546, -341.6914475460476, -1007.5106215696629, -825.2941491564713, 349.4007307734583, 1500.2352019860125, 732.6503483594545, -2216.2714103911794, 829.1817990372176], 4, 5.458962711076654e-07, 2.6787000249520066e-18

25, 14, 18, [155.1383807747446, -524.60538508038, 247.20015906868093, 508.99332902921566, 88.80951578170217, -449.87950187685885, -571.6618585252951, -160.70525506198018, 457.1606063576964, 771.0949789459755, 456.7554397551505, -341.6915999654801, -1007.511030067385, -825.2944684562078, 349.4008922327082, 1500.2358169843908, 732.6506300454549, -2216.272329560552, 829.1821501232592], 4, 6.503666195652415e-07, 2.9380606008625422e-18

20, 14, 18, [155.13835269022715, -524.6052893884558, 247.20011110269095, 508.9932355703762, 88.80950340328404, -449.87941456064607, -571.661752743261, -160.70523083470886, 457.16051360889827, 771.0948314002798, 456.75535887888424, -341.69152461259324, -1007.5108305078288, -825.294313538752, 349.4008118612794, 1500.2355158841328, 732.650493588376, -2216.2718784496055, 829.1819771520313], 3, 8.273653303581299e-07, 3.4012936266507384e-18

25, 14, 18, [155.13836734945727, -524.6053379369436, 247.20013339731196, 508.9932824302186, 88.80951214707075, -449.8794553247317, -571.661805260104, -160.70524632079938, 457.16055456386056, 771.0949016433024, 456.75540133193164, -341.6915544640925, -1007.5109214470801, -825.2943891421417, 349.40084194861186, 1500.2356507943446, 732.6505608621438, -2216.272076911825, 829.1820508441024], 3, 8.363785271308275e-07, 3.4205939629081924e-18

25, 14, 18, [155.13837747173932, -524.6053739763848, 247.20015367742195, 508.9933182653925, 88.80951418473238, -449.8794920389222, -571.6618464271234, -160.7052521214754, 457.16059600091523, 771.0949622493451, 456.75543047883116, -341.6915915967985, -1007.5110075772229, -825.2944509124818, 349.4008832089492, 1500.235782962138, 732.6506146326873, -2216.2722784176153, 829.1821304406528], 4, 7.485348291147593e-07, 3.1775127554362267e-18

25, 14, 18, [155.13833285628516, -524.6052224929476, 247.20007866985284, 508.9931704605473, 88.8094933103762, -449.8793554445805, -571.6616792417764, -160.70521185733173, 457.1604523177596, 771.0947306798921, 456.7553010709891, -341.6914772035166, -1007.5106970349298, -825.2942064743044, 349.40076277391034, 1500.2353163562138, 732.650398705951, -2216.2715825299956, 829.1818655821771], 4, 4.469096498542718e-07, 2.6141730694454115e-18

25, 14, 18, [155.13833681556898, -524.6052350000859, 247.20008351068597, 508.9931822819669, 88.80949664612565, -449.87936438228354, -571.6616922491405, -160.70521723855757, 457.1604601848929, 771.0947467259366, 456.75531259658027, -341.691481241201, -1007.5107159317571, -825.2942245888659, 349.4007659032181, 1500.2353433117034, 732.6504151148304, -2216.2716204520184, 829.1818784969573], 3, 8.408895673918532e-07, 3.422999564783978e-18

25, 14, 18, [155.13832390233893, -524.6051907823244, 247.20006104668323, 508.99313900099196, 88.80949126735459, -449.87932352030964, -571.6616431700611, -160.7052064553236, 457.16041647982433, 771.0946778627952, 456.75527534741957, -341.691445324856, -1007.5106222946756, -825.2941525059521, 349.40072742404817, 1500.235201794184, 732.65035168998, -2216.27140805689, 829.1817967992143], 4, 5.260739338462995e-07, 2.6415636756161742e-18

25, 14, 18, [155.13841229437423, -524.6054923990299, 247.20021260248828, 508.993433882855, 88.80953014397411, -449.8795993232445, -571.6619772701184, -160.70528311480638, 457.1607092140256, 771.0951439266335, 456.7555313949857, -341.6916822813744, -1007.5112518497905, -825.2946423933805, 349.4009789948499, 1500.236150384761, 732.6507836658501, -2216.2728270090774, 829.1823396409834], 3, 8.325591290067803e-07, 3.42076159465762e-18

25, 14, 18, [155.13841208330538, -524.605492192161, 247.2002132560689, 508.9934338791511, 88.80952919106264, -449.87960044829725, -571.6619774499475, -160.70528184280153, 457.1607113047498, 771.0951453122034, 456.7555306378607, -341.6916853087224, -1007.5112552933776, -825.2946431260582, 349.4009829340269, 1500.236156503172, 732.6507840346516, -2216.272837652334, 829.1823446824518], 2, 8.390703998066433e-07, 3.470004463017025e-18

25, 14, 18, [155.13841805601012, -524.6055117120436, 247.2002218280636, 508.99345261395797, 88.80953318102763, -449.879616158746, -571.6619983453971, -160.7052886855008, 457.1607265970825, 771.0951726681743, 456.7555479828923, -341.69169569621516, -1007.5112898731264, -825.2946729499824, 349.4009929699162, 1500.236207307786, 732.6508107091139, -2216.2729115883994, 829.1823716003832], 3, 8.262302832922812e-07, 3.3802813555414493e-18

25, 14, 18, [155.13839428801822, -524.6054300551197, 247.2001799935474, 508.9933725590383, 88.80952362260835, -449.87954009872124, -571.661907435312, -160.70526917911624, 457.1606449508292, 771.0950446715142, 456.7554792061439, -341.6916282698081, -1007.5111153902219, -825.2945391315677, 349.40092069594454, 1500.2359435088317, 732.6506929722211, -2216.272515558461, 829.1822191544528], 2, 8.414383207178346e-07, 3.4633093327919026e-18

10, 14, 18, [155.13850289833843, -524.6058003371623, 247.20036557842863, 508.9937344445004, 88.80957192265686, -449.8798778691872, -571.6623173295081, -160.7053640344508, 457.1610029098777, 771.0956157670762, 456.7557938773632, -341.6919172216681, -1007.511885872278, -825.2951398520727, 349.401227050112, 1500.2371039010188, 732.6512228386625, -2216.2742504698895, 829.1828823036145], 4, 4.37560667420456e-07, 2.510420617843609e-18

25, 14, 18, [155.13837700207674, -524.6053724835987, 247.20015309937156, 508.9933168435874, 88.80951377078453, -449.87949097422796, -571.661844849048, -160.70525143303237, 457.16059509840306, 771.0949603233204, 456.75542902827226, -341.6915912245816, -1007.5110053894598, -825.2944486912512, 349.4008830339965, 1500.2357799405374, 732.6506125891722, -2216.2722743444197, 829.1821291648952], 3, 8.260186266961636e-07, 3.3893638846734908e-18

25, 14, 18, [155.1383848025856, -524.6053994141633, 247.20016708975305, 508.99334329617955, 88.8095166861906, -449.8795163948494, -571.6618749356434, -160.7052575541293, 457.1606226118878, 771.0950029735969, 456.75545156313063, -341.6916142771839, -1007.5110639261659, -825.2944931010369, 349.4009079174588, 1500.2358686711368, 732.6506515944377, -2216.272407915075, 829.1821808167513], 4, 4.45980752149364e-07, 2.5010574383880944e-18

25, 14, 18, [155.13836182218375, -524.6053203478375, 247.20012638985622, 508.99326574816365, 88.80950769297768, -449.8794424092503, -571.6617868468079, -160.70523905249058, 457.16054291195826, 771.0948786195282, 456.75538523705404, -341.6915479991249, -1007.510893879942, -825.2943633487722, 349.4008365694641, 1500.235611199212, 732.6505375565514, -2216.2720207615157, 829.1820314034551], 4, 4.3792797334335074e-07, 2.5066856937446197e-18

25, 14, 18, [155.1383292411887, -524.6052100595235, 247.20007230555927, 508.99315825306167, 88.80949181918088, -449.8793438771779, -571.661665355949, -160.70520879386768, 457.16043996945115, 771.0947111827855, 456.7552904563702, -341.6914671620238, -1007.5106706193122, -825.2941859951638, 349.4007521675771, 1500.235276599632, 732.6503806225162, -2216.2715231566503, 829.1818429069232], 4, 5.420870958125886e-07, 2.6696401517202214e-18

20, 14, 18, [155.1384378015596, -524.605576648009, 247.2002508791063, 508.99351514297666, 88.80954589730274, -449.87966933331296, -571.6620682961814, -160.70531086537108, 457.1607788625051, 771.095264931381, 456.7556057141435, -341.691731847176, -1007.5114072282296, -825.2947732540486, 349.40102808611925, 1500.2363799235914, 732.650900397859, -2216.2731630715434, 829.1824634122643], 3, 8.311072865384679e-07, 3.41384205841069e-18

25, 14, 18, [155.13833228063194, -524.6052203798881, 247.2000773631624, 508.9931683491247, 88.80949336561272, -449.8793530824583, -571.661676812075, -160.70521179472667, 457.16044946073725, 771.0947268787296, 456.755299591848, -341.6914743225923, -1007.5106912505452, -825.2942027919968, 349.4007593451747, 1500.2353071836783, 732.6503956012566, -2216.2715680641872, 829.1818595830518], 2, 8.44431813280879e-07, 3.4581348309017038e-18

25, 14, 18, [155.1383542147822, -524.6052952406762, 247.2001150514885, 508.99324152039316, 88.8095028708775, -449.8794216707982, -571.6617596874679, -160.7052305455561, 457.1605224637708, 771.0948426836311, 456.75536283062286, -341.6915338184678, -1007.5108481122095, -825.2943242838414, 349.40082285991235, 1500.2355439461974, 732.6505025927469, -2216.2719229154663, 829.1819957447774], 4, 5.074656422215885e-07, 2.590192646962947e-18

25, 14, 18, [155.13832416501575, -524.6051918529441, 247.20006183012606, 508.9931401205303, 88.80949111804189, -449.8793249227691, -571.661644507967, -160.70520636865675, 457.16041823162726, 771.094680076214, 456.75527612479476, -341.69144711392715, -1007.5106257300091, -825.2941546333632, 349.4007294978991, 1500.2352072018439, 732.650353499421, -2216.2714165118928, 829.1818002804644], 3, 8.362754343853548e-07, 3.4180458938528076e-18

25, 14, 18, [155.1384073017778, -524.6054750934827, 247.20020353384479, 508.99341684716273, 88.80952834140048, -449.87958285588223, -571.6619578547893, -160.7052792354466, 457.1606913544732, 771.0951163273199, 456.7555168580601, -341.69166730918244, -1007.5112139399856, -825.2946136542331, 349.4009628886073, 1500.2360929724964, 732.6507584012171, -2216.2727406815397, 829.1823063031164], 4, 5.518931334913377e-07, 2.691427395408297e-18

