13, 18, 13, [27.40993985334571, -125.2772023161426, 103.6753528361595, 145.80280585966625, -56.47561511681982, -243.49834963618008, -148.56384722108706, 210.15946063403422, 447.7989972237218, 112.40254940968393, -653.88235131313, -620.4125726905738, 1285.8116525978867, -486.0292051631398], 5, 3.8727928270065305e-06, 2.2081529004498212e-17

13, 18, 13, [27.409945602555517, -125.27722650257125, 103.67537280279741, 145.8028335476118, -56.47562679906199, -243.4983968728438, -148.5638746528678, 210.15950361139835, 447.7990849357919, 112.40256831319394, -653.8824837647538, -620.4126936148914, 1285.811914370858, -486.0293060414419], 3, 3.870356713783934e-06, 2.2082520926551056e-17

13, 18, 13, [27.409951241762556, -125.27725008532161, 103.6753920351213, 145.80286053319773, -56.475637758755305, -243.49844245774295, -148.56390159585953, 210.15954442845873, 447.799169405752, 112.40258740993146, -653.8826101589424, -620.4128102985148, 1285.8121639826386, -486.0294017653595], 6, 3.86501805631685e-06, 2.205289077750686e-17

13, 18, 13, [27.409949219083618, -125.27724170106141, 103.6753853299532, 145.8028509389643, -56.47563411334347, -243.49842651281708, -148.56389187889977, 210.15953056553943, 447.7991399667068, 112.402580166639, -653.8825668901492, -620.4127694765585, 1285.812078730629, -486.0293694232307], 2, 3.8728576498026135e-06, 2.2116020871782763e-17

13, 18, 13, [27.409960880712323, -125.27729044648402, 103.67542504599996, 145.80290671518281, -56.47565670074996, -243.49852066158246, -148.56394759591765, 210.15961476960416, 447.7993144000108, 112.40261972974879, -653.8828277349129, -620.4130104634754, 1285.8125938515873, -486.029566908353], 6, 3.866270850174037e-06, 2.2051591731088757e-17

13, 18, 13, [27.409958034174913, -125.27727868938507, 103.67541570857809, 145.80289327060927, -56.47565169915068, -243.49849843628812, -148.5639339425579, 210.1595955939857, 447.7992734078087, 112.40260946583207, -653.8827677023635, -620.4129535805438, 1285.8124755404021, -486.02952208221944], 5, 3.871594683324208e-06, 2.208258893010789e-17

13, 18, 13, [27.40995076589967, -125.27724806195242, 103.67539033416001, 145.8028582105862, -56.47563673244002, -243.49843844213433, -148.56389930559953, 210.15954072051412, 447.7991619328144, 112.40258585543009, -653.8825988129591, -620.4128000069308, 1285.81214159887, -486.0293931384678], 7, 3.859901492972091e-06, 2.1993051588343453e-17

13, 18, 13, [27.409953445249144, -125.27725910428298, 103.6753990573414, 145.80287084028703, -56.47564133816293, -243.4984592253273, -148.56391218763312, 210.15955848795213, 447.79920022325155, 112.40259568336297, -653.882654564421, -620.4128532052438, 1285.8122513718854, -486.02943457267514], 10, 3.858179941265104e-06, 2.197828636036954e-17

13, 18, 13, [27.4099550668135, -125.27726642921193, 103.67540597401828, 145.80287924240506, -56.475646499966516, -243.49847526032025, -148.56391966672504, 210.15957565872895, 447.7992306749783, 112.40259865278813, -653.8827052885858, -620.4128942476755, 1285.812352650418, -486.02947563193834], 8, 3.865490218695206e-06, 2.204420737401226e-17

13, 18, 13, [27.409951947863252, -125.27725327374233, 103.67539505024035, 145.80286418498665, -56.475640021759105, -243.4984494432087, -148.56390482310115, 210.1595519565338, 447.79918268192137, 112.40258861954639, -653.8826323979065, -620.4128281658259, 1285.8122084640538, -486.0294198709298], 7, 3.87035259534051e-06, 2.206826711864478e-17

13, 18, 13, [27.40995505278622, -125.27726624003034, 103.67540559507123, 145.8028790197553, -56.47564599530427, -243.49847444723082, -148.56391965708318, 210.15957426887027, 447.79922899456517, 112.40259919075984, -653.8827015672423, -620.4128921662622, 1285.8123450509077, -486.0294722013938], 6, 3.8664615481427945e-06, 2.2055449244154548e-17

13, 18, 13, [27.409955592997083, -125.27726831122408, 103.67540695846358, 145.80288138247298, -56.47564635118052, -243.49847780243252, -148.56392232895442, 210.1595763038561, 447.79923495685256, 112.40260188557568, -653.8827087150976, -620.4129007531101, 1285.8123587934797, -486.029476711976], 6, 3.8669917314682315e-06, 2.2053796413789313e-17

13, 18, 13, [27.409952853947626, -125.2772568875717, 103.67539769350059, 145.8028683134861, -56.47564113512539, -243.49845582386018, -148.5639092373714, 210.15955676496122, 447.7991942677004, 112.40259249710275, -653.88264807665, -620.4128444983284, 1285.8122390754709, -486.02943089843154], 3, 3.871734873626282e-06, 2.20868020028483e-17

13, 18, 13, [27.409951588191273, -125.27725166404193, 103.67539355401769, 145.8028623392542, -56.475638931399615, -243.4984459666119, -148.56390315764864, 210.1595482953068, 447.7991760955241, 112.40258789333856, -653.882621537311, -620.4128192664207, 1285.8121868013723, -486.02941113168833], 7, 3.865819427834522e-06, 2.2045277628678783e-17

13, 18, 13, [27.4099552233101, -125.277266927187, 103.67540610891079, 145.80287980622123, -56.47564622613601, -243.49847568319908, -148.563920490664, 210.1595752295646, 447.7992312463787, 112.4025999055016, -653.8827046636143, -620.4128953301512, 1285.8123511014076, -486.02947440224585], 7, 3.859853051615699e-06, 2.2001227374274598e-17

13, 18, 13, [27.409953884135472, -125.27726141019015, 103.67540175250032, 145.8028734975548, -56.47564392645586, -243.49846530358226, -148.56391405818522, 210.15956635341263, 447.79921212235894, 112.40259500361334, -653.8826768075517, -620.4128687617256, 1285.812296244147, -486.0294536888338], 6, 3.869464919943684e-06, 2.2063633859853608e-17

13, 18, 13, [27.409956719547953, -125.27727284954625, 103.6754103555681, 145.8028865726134, -56.475647888559095, -243.4984859715901, -148.5639278152385, 210.15958268980708, 447.7992498513143, 112.4026065557008, -653.8827292781903, -620.4129216688905, 1285.812399006807, -486.0294913799074], 7, 3.865108533819149e-06, 2.1999916375807968e-17

13, 18, 13, [27.409957806367906, -125.2772775931754, 103.67541457113947, 145.80289200609835, -56.47565074290064, -243.49849583039114, -148.5639328988, 210.15959256558844, 447.7992683946693, 112.40260928302101, -653.8827589594944, -620.412946900797, 1285.8124580540523, -486.0295148636409], 6, 3.868797416570964e-06, 2.206302960122566e-17

13, 18, 13, [27.409949382900827, -125.27724253047755, 103.67538626027032, 145.80285189049448, -56.47563497639644, -243.49842861974466, -148.56389257425062, 210.15953322852747, 447.79914407386883, 112.40258000495838, -653.882574478725, -620.4127748639506, 1285.8120940518959, -486.0293759315577], 7, 3.861016465835605e-06, 2.202077379569802e-17

13, 18, 13, [27.409953087497914, -125.27725797388682, 103.67539876845254, 145.80286956168513, -56.475641990823846, -243.4984583004605, -148.5639103049337, 210.1595595394576, 447.79919900378246, 112.40259279706522, -653.8826561763251, -620.4128508404381, 1285.812255276074, -486.02943754099306], 8, 3.861132800340639e-06, 2.2013037015853485e-17

13, 18, 13, [27.409956735077824, -125.27727327392915, 103.67541132273581, 145.80288707385583, -56.47564924022497, -243.49848802898208, -148.56392772435646, 210.159586369887, 447.79925414761266, 112.4026049782725, -653.8827390596355, -620.4129269404556, 1285.8124190163596, -486.02950048320486], 8, 3.858419417896353e-06, 2.1996505097906705e-17

13, 18, 13, [27.409951093573053, -125.27724938412287, 103.67539133141976, 145.8028597195055, -56.47563719913467, -243.49844083536564, -148.56390088259568, 210.15954263647458, 447.79916630684806, 112.40258715170012, -653.8826049581667, -620.4128061275089, 1285.8121536724252, -486.0293976078244], 8, 3.859848587861388e-06, 2.1994342435526582e-17

13, 18, 13, [27.409961623060855, -125.27729368221355, 103.67542791474861, 145.80291042077448, -56.475658635862004, -243.49852737255, -148.56395106735144, 210.15962147704488, 447.7993270181945, 112.4026216036314, -653.8828479098644, -620.4130276369184, 1285.8126339900355, -486.0295828666538], 3, 3.870455382703942e-06, 2.2095723928796964e-17

13, 18, 13, [27.40995989843276, -125.2772864361564, 103.67542194945275, 145.80290212561457, -56.47565516741899, -243.49851325353865, -148.5639428315784, 210.15960868275153, 447.7993008145337, 112.40261588318978, -653.8828084376648, -620.4129914919444, 1285.8125560029018, -486.0295528562256], 7, 3.86096906427972e-06, 2.201504131766687e-17

13, 18, 13, [27.40995085887549, -125.27724829489092, 103.67539024867709, 145.8028584755485, -56.47563632105546, -243.49843834646813, -148.56389984980692, 210.15953978589678, 447.79916153384545, 112.40258696042072, -653.8825966319494, -620.412799769751, 1285.8121369159605, -486.0293906444089], 6, 3.86989845587442e-06, 2.2063187695589193e-17

13, 18, 13, [27.409955580770685, -125.27726824113749, 103.67540686472654, 145.8028813046033, -56.47564624592202, -243.49847759561155, -148.56392229644962, 210.15957598993822, 447.79923454056075, 112.40260198014613, -653.8827078370556, -620.4129002284643, 1285.8123569794511, -486.02947589510524], 5, 3.872740239497802e-06, 2.2082058593402712e-17

13, 18, 13, [27.409948292603914, -125.27723777942414, 103.6753820545756, 145.80284644553922, -56.47563215294139, -243.49841877630624, -148.5638874526963, 210.1595234352598, 447.79912557532384, 112.402577179532, -653.8825450148069, -620.4127496627463, 1285.8120355007816, -486.0293527198494], 9, 3.862425000045667e-06, 2.2003530447177267e-17

13, 18, 13, [27.409940671249018, -125.27720574475146, 103.67535563891853, 145.80280978973497, -56.475616713162935, -243.4983562801576, -148.5638511600041, 210.15946656116085, 447.79900953162326, 112.40255224455268, -653.882369646412, -620.4125897094484, 1285.8116887270285, -486.02921895505904], 4, 3.870351450858235e-06, 2.2078408870508105e-17

13, 18, 13, [27.409952835871497, -125.27725657128168, 103.67539701100212, 145.80286794845372, -56.475640188151196, -243.49845437070982, -148.56390930184517, 210.15955415944492, 447.7991912341947, 112.40259364562209, -653.8826411077996, -620.4128407895698, 1285.812224741758, -486.02942433287245], 4, 3.869556353658982e-06, 2.207098576326668e-17

13, 18, 13, [27.409947120803647, -125.2772325996321, 103.6753773428049, 145.8028405104958, -56.47562883334944, -243.49840779552608, -148.56388200615407, 210.15951213196706, 447.7991048427596, 112.40257454948288, -653.8825112756388, -620.4127215629959, 1285.8119682615993, -486.0293257520372], 7, 3.859582869691649e-06, 2.19971449367215e-17

