14, 18, 11, [25.06983324231674, -168.3011226367726, 281.827463904194, 118.05782822395037, -465.13696081154905, -417.194845400733, 654.8336110106267, 1232.9971390070734, -806.9392815507094, -2972.745064478561, 3857.184186633378, -1342.1722885478703], 2, 3.357438921043582e-06, 1.9217275393433876e-17

14, 18, 11, [25.069846483218917, -168.30120114271088, 281.8275927314096, 118.05788090673656, -465.1371756847234, -417.1950326378942, 654.8339223728952, 1232.9977067938817, -806.9396804313631, -2972.7464579734838, 3857.186041881999, -1342.1729456158935], 9, 3.3631307183082377e-06, 1.9165112188309055e-17

14, 18, 11, [25.06983814443697, -168.30115149894536, 281.8275107843725, 118.05784800457897, -465.13703849693735, -417.1949143610414, 654.8337222303818, 1232.997345199702, -806.9394220811603, -2972.745566984256, 3857.1848490246693, -1342.1725216737575], 9, 3.3651193960420775e-06, 1.917420365574791e-17

14, 18, 11, [25.069836874053586, -168.3011440733036, 281.8274988593494, 118.05784278986371, -465.1370188860076, -417.1948965565912, 654.8336945868572, 1232.9972928555487, -806.9393878316436, -2972.7454405914896, 3857.184684726178, -1342.1724643959733], 8, 3.3663066490472464e-06, 1.91813799870248e-17

14, 18, 11, [25.06984539197672, -168.30119469819869, 281.82758222908143, 118.05787650361056, -465.13715825401414, -417.19501720095803, 654.8338973978971, 1232.9976605438796, -806.9396489251454, -2972.746345280714, 3857.185893545027, -1342.1728935056692], 2, 3.3631749941267872e-06, 1.9171369431913364e-17

14, 18, 11, [25.06984434054659, -168.30118888583308, 281.8275737063353, 118.05787172118202, -465.13714511557095, -417.19500303792296, 654.8338812700308, 1232.997623862304, -806.9396325226927, -2972.7462629441975, 3857.1857983939663, -1342.1728630442467], 9, 3.366400561226571e-06, 1.918243585878018e-17

14, 18, 11, [25.069836273619824, -168.30114104920676, 281.82749519210574, 118.05783962861246, -465.13701414669254, -417.1948889395619, 654.8336914661446, 1232.9972778018748, -806.9393893553308, -2972.7454135807425, 3857.1846675499232, -1342.172462542581], 10, 3.3657139315679517e-06, 1.9186129217334707e-17

14, 18, 11, [25.069836708771426, -168.30114290809084, 281.8274964907595, 118.05784241832434, -465.13701444330565, -417.1948939550118, 654.8336867719347, 1232.9972820462824, -806.9393757322545, -2972.74541035727, 3857.1846373406693, -1342.1724459718373], 11, 3.3660961515695585e-06, 1.9194318299129276e-17

14, 18, 11, [25.069831065578093, -168.30110984371362, 281.8274431882062, 118.05781939151879, -465.1369265571456, -417.19481478784064, 654.8335622009863, 1232.9970479356327, -806.9392202608868, -2972.744843177813, 3857.183896223227, -1342.1721866556222], 3, 3.366705606771603e-06, 1.920716198413316e-17

14, 18, 11, [25.06983870575945, -168.30115520426656, 281.82751778873165, 118.05784966750431, -465.13705117145383, -417.19492286035097, 654.833743349155, 1232.9973768312532, -806.939453276371, -2972.7456519921193, 3857.1849763323553, -1342.1725699963113], 8, 3.365232775875355e-06, 1.9176104200992162e-17

14, 18, 11, [25.069840604173248, -168.30116641365424, 281.82753606701203, 118.05785729700129, -465.1370815315786, -417.19494964923706, 654.8337869776702, 1232.9974573039458, -806.9395085964491, -2972.7458484946415, 3857.185235980583, -1342.172661488952], 2, 3.3659591370104024e-06, 1.9236929368502877e-17

14, 18, 11, [25.06984371205537, -168.3011851280657, 281.82756746307956, 118.05786926710803, -465.1371346199223, -417.1949941001314, 654.8338658373672, 1232.9975962773403, -806.9396124259729, -2972.746194652727, 3857.185706372137, -1342.1728302099884], 5, 3.3642443107330565e-06, 1.9182279989644737e-17

14, 18, 11, [25.069827706852372, -168.3010896789569, 281.82740948802666, 118.0578063981111, -465.1368696961517, -417.19476690163515, 654.833478015154, 1232.9968988943863, -806.9391097448664, -2972.7444726173444, 3857.1833937850442, -1342.1720066456623], 3, 3.360448168469565e-06, 1.919124774838186e-17

14, 18, 11, [25.06983614645107, -168.30114009741808, 281.82749315043566, 118.05783941096468, -465.1370102298065, -417.1948868240744, 654.8336843942321, 1232.9972683931976, -806.939378233526, -2972.745386782838, 3857.1846248587026, -1342.172445842177], 3, 3.364219213981559e-06, 1.918111226500886e-17

14, 18, 11, [25.06985075754507, -168.3012264721608, 281.82763425622454, 118.05789795077415, -465.137244895146, -417.1950930940861, 654.8340224917971, 1232.99788979183, -806.9398083879611, -2972.7469065965192, 3857.1866381044074, -1342.173156508905], 4, 3.3641218642888075e-06, 1.919193040490728e-17

14, 18, 11, [25.069834293777188, -168.30112886382523, 281.82747411045176, 118.05783240801041, -465.13697782555954, -417.19486024136876, 654.833635654787, 1232.9971839755876, -806.9393131243211, -2972.745174833116, 3857.184333561562, -1342.1723405929663], 5, 3.364577253223172e-06, 1.9167906839005953e-17

14, 18, 11, [25.069837671169047, -168.3011489098595, 281.82750706146027, 118.05784580585359, -465.13703284755115, -417.1949080162235, 654.8337155740788, 1232.9973292382697, -806.9394158180777, -2972.74553187629, 3857.184809991374, -1342.1725095911247], 7, 3.3672965992405794e-06, 1.9190477914565727e-17

14, 18, 11, [25.069824041513826, -168.3010679529904, 281.82737383418794, 118.05779184051704, -465.1368102140462, -417.1947151459987, 654.8333917177581, 1232.9967417849105, -806.9389989426995, -2972.744086665129, 3857.182879060499, -1342.1718240949733], 10, 3.365983471273901e-06, 1.9186676618460284e-17

14, 18, 11, [25.069841286408025, -168.30117054732875, 281.8275430654736, 118.05785988160392, -465.1370934338334, -417.1949594363212, 654.8338048540592, 1232.9974883287557, -806.9395324347145, -2972.745926314986, 3857.1853427839606, -1342.172700041892], 4, 3.366934130847542e-06, 1.920297268197526e-17

14, 18, 11, [25.06983875897307, -168.30115557912586, 281.8275185386811, 118.057849812496, -465.13705255909827, -417.19492374633074, 654.8337456944893, 1232.9973802721495, -806.9394567173389, -2972.7456612719197, 3857.184990142592, -1342.172575180324], 4, 3.363595896112066e-06, 1.918897221282889e-17

14, 18, 11, [25.069831696682304, -168.3011135230606, 281.82744904862324, 118.0578220489089, -465.13693612313386, -417.19482371781004, 654.8335753865036, 1232.9970736661878, -806.9392359987227, -2972.744904388136, 3857.1839737223163, -1342.1722131118786], 2, 3.3656629825221378e-06, 1.918082834462249e-17

14, 18, 11, [25.069845517292688, -168.30119530031047, 281.8275828569046, 118.0578772483489, -465.1371589031043, -417.19501882818975, 654.833897168524, 1232.9976630496255, -806.9396467755664, -2972.7463482069206, 3857.18589105996, -1342.1728911081573], 12, 3.365815049873859e-06, 1.9188847137965542e-17

14, 18, 11, [25.069845801528217, -168.3011972302623, 281.82758664005456, 118.05787797295802, -465.1371658870728, -417.1950231416057, 654.833909229158, 1232.997680194176, -806.9396652462136, -2972.746395577492, 3857.185964481007, -1342.1729195399444], 11, 3.3649466047603406e-06, 1.917858068185445e-17

14, 18, 11, [25.069842838065632, -168.30117982242334, 281.8275584782686, 118.05786592377841, -465.137119353865, -417.19498145546464, 654.8338430385095, 1232.9975563983862, -806.9395823428504, -2972.7460950967697, 3857.18557090023, -1342.172781642995], 5, 3.366683493097749e-06, 1.9183790831920807e-17

14, 18, 11, [25.069839971260826, -168.3011630810117, 281.82753160351405, 118.05785419309525, -465.1370751483979, -417.1949414177869, 654.8337805837591, 1232.997438503092, -806.9395045733554, -2972.7458098858237, 3857.1851987540304, -1342.1726514778175], 2, 3.3651764835039383e-06, 1.9175108101766303e-17

14, 18, 11, [25.069837390691777, -168.30114700168457, 281.82750332330374, 118.0578450739194, -465.1370259564422, -417.1949037096191, 654.8337037433095, 1232.9973122741806, -806.9393978536405, -2972.7454852669875, 3857.1847383416884, -1342.1724820012873], 3, 3.359063346409298e-06, 1.916931914734241e-17

14, 18, 11, [25.069839096866733, -168.30115763993066, 281.8275220536016, 118.05785108622244, -465.1370585590151, -417.1949286411832, 654.833754738805, 1232.9973958894832, -806.9394687854647, -2972.7457004974053, 3857.185043988826, -1342.1725945959622], 3, 3.3649491062806553e-06, 1.9203339848186747e-17

14, 18, 11, [25.06982096363525, -168.30104982141845, 281.8273443822018, 118.05777938645637, -465.1367614252512, -417.19467173967456, 654.8333220050362, 1232.9966122015926, -806.9389111938962, -2972.7437713455515, 3857.182464605333, -1342.171678576003], 3, 3.363847264244082e-06, 1.918181700373105e-17

14, 18, 11, [25.069829312806572, -168.30109930286585, 281.8274255246231, 118.0578126469175, -465.1368967009268, -417.19478978916544, 654.8335178343071, 1232.9969697871002, -806.9391617544093, -2972.7446484153506, 3857.183631226361, -1342.1720914945472], 5, 3.363490306648082e-06, 1.9172537591836652e-17

14, 18, 11, [25.069856109792923, -168.30125824547463, 281.82768651584075, 118.05791913708553, -465.1373322061073, -417.19516874420003, 654.8341495079574, 1232.9981201711885, -806.9399719866249, -2972.7474734632738, 3857.187395871685, -1342.173425661073], 10, 3.364147724666075e-06, 1.9176088973902255e-17

