30, 13, 12, [364.0288082556884, -1007.6049650204477, 154.0063485284146, 965.8285330558173, 557.0242087847425, -541.7757061202707, -1220.1238118067163, -684.0701597468264, 811.7399421978535, 1772.8863485571724, 371.42372338533033, -2762.379277979588, 1218.0348004723767], 9, 3.573015656722042e-05, 2.058144876528106e-16

30, 13, 12, [364.0288105030764, -1007.6049709483364, 154.00634912557862, 965.8285385163967, 557.0242122756184, -541.7757087184888, -1220.123818499879, -684.0701639618181, 811.739945984053, 1772.8863579724482, 371.42372599740463, -2762.3792919736657, 1218.0348062910095], 9, 3.47167629292594e-05, 2.0237304531871824e-16

30, 13, 12, [364.028825874484, -1007.6050139120172, 154.00635640651467, 965.8285802069955, 557.0242354994579, -541.7757332415089, -1220.1238716928412, -684.0701926687548, 811.7399829867395, 1772.886436027443, 371.4237408263088, -2762.379415189881, 1218.0348614417048], 9, 3.544295410722735e-05, 2.047764022002467e-16

30, 13, 14, [163.94221506868365, -365.14418893945987, -80.37477529034928, 274.69590206626526, 344.10064894504944, 99.80348694142293, -263.65174885281345, -471.52695180657355, -328.3216088378289, 141.2126193079826, 625.7480536438651, 619.0345573526816, -212.29569465757783, -1222.6264710054174, 674.4257821560655], 5, 3.800100701887074e-05, 2.2109241999493664e-16

30, 13, 12, [364.0288162331011, -1007.6049870277606, 154.0063519239877, 965.8285541719574, 557.0242209156002, -541.7757180380047, -1220.12383852418, -684.0701746597091, 811.7399600704633, 1772.8863874292372, 371.4237314450682, -2762.3793386303837, 1218.034827254547], 9, 3.513019499417035e-05, 2.0359888396671848e-16

30, 13, 12, [364.02880478168385, -1007.6049550775194, 154.00634657202812, 965.828523214759, 557.0242036044174, -541.7756999188812, -1220.123799067331, -684.0701532804288, 811.7399327442917, 1772.8863295863066, 371.4237203449414, -2762.379247432755, 1218.0347864914959], 8, 3.626095663079818e-05, 2.076553970852141e-16

30, 13, 12, [364.0288052573747, -1007.6049565000742, 154.0063469223706, 965.8285246723048, 557.0242042941142, -541.7757009436032, -1220.1238010009952, -684.0701541572352, 811.7399343313532, 1772.8863325373638, 371.4237206740221, -2762.3792523390725, 1218.0347888152376], 9, 3.497394077016074e-05, 2.0371600900186585e-16

30, 13, 12, [364.0288108873427, -1007.6049722634353, 154.006349624363, 965.8285399909428, 557.0242127944078, -541.7757099992041, -1220.1238205663735, -684.0701646729951, 811.7399480033903, 1772.8863612760354, 371.42372607634627, -2762.3792977646262, 1218.0348091774408], 9, 3.483406619452977e-05, 2.026875900355805e-16

30, 13, 14, [163.9422055530464, -365.14416768637426, -80.3747708746707, 274.69588578412146, 344.10062891516696, 99.80348156224467, -263.6517328180958, -471.5269238501973, -328.32158987421604, 141.21261010289837, 625.7480158406265, 619.0345206824476, -212.29568095983518, -1222.6263970565756, 674.4257407695919], 6, 3.773219974319883e-05, 2.199111270492317e-16

30, 13, 12, [364.0288049344569, -1007.6049555206505, 154.0063466666347, 965.8285236582578, 557.0242038291817, -541.7757002103481, -1220.123799646529, -684.0701535619334, 811.7399331926306, 1772.8863304577021, 371.42372046637763, -2762.3792488563963, 1218.0347871536642], 9, 3.4916430195463083e-05, 2.0336937981297508e-16

30, 13, 12, [364.0288041987235, -1007.6049533957519, 154.0063462272645, 965.8285215397716, 557.0242027367634, -541.7756988443215, -1220.1237968901853, -684.070152192625, 811.7399311044124, 1772.886326333185, 371.4237198450324, -2762.3792421736475, 1218.034784074295], 7, 3.6680562219819726e-05, 2.0921908949320538e-16

30, 13, 12, [364.02881670963643, -1007.6049883177324, 154.0063520939066, 965.8285553890413, 557.0242216475563, -541.7757186800926, -1220.1238400442599, -684.0701755530182, 811.7399610223639, 1772.8863896104267, 371.4237319598783, -2762.379341966903, 1218.0348286931112], 9, 3.4740830062890583e-05, 2.0250030587126848e-16

30, 13, 14, [163.94221309134693, -365.144184495496, -80.37477439446745, 274.6958986319097, 344.10064475581345, 99.80348585699146, -263.6517454352242, -471.5269459131495, -328.32160488653255, 141.21261729105498, 625.7480456109909, 619.034549626941, -212.29569166660514, -1222.626455282932, 674.4257733008952], 3, 3.804872935046613e-05, 2.212901492003992e-16

30, 13, 12, [364.02882689513734, -1007.6050165848652, 154.00635665263508, 965.8285826523564, 557.0242370892614, -541.7757343688611, -1220.1238746738782, -684.0701945825815, 811.7399846206274, 1772.886440196504, 371.4237420341748, -2762.3794213330707, 1218.034863967125], 9, 3.480650837825981e-05, 2.0276681160483091e-16

30, 13, 12, [364.02881574775694, -1007.6049857379173, 154.00635178058843, 965.8285529749926, 557.0242201673578, -541.7757174450558, -1220.1238370471435, -684.0701737552654, 811.7399591967672, 1772.8863853331907, 371.42373090325003, -2762.3793354703957, 1218.0348259158], 9, 3.479127864319729e-05, 2.0272146288998397e-16

30, 13, 12, [364.02880559930816, -1007.604957479075, 154.00634711325506, 965.8285256411151, 557.0242048078316, -541.775701548702, -1220.1238022534812, -684.0701548006496, 811.7399352483402, 1772.8863343960888, 371.42372098614373, -2762.379255313346, 1218.0347901663552], 4, 3.671717378074741e-05, 2.0947063589748522e-16

30, 13, 12, [364.0288164540059, -1007.604987515808, 154.00635185706028, 965.8285545387258, 557.0242212853335, -541.7757180275618, -1220.1238388914003, -684.0701750807357, 811.7399600040095, 1772.8863878175976, 371.4237318243593, -2762.379338920051, 1218.0348272182748], 3, 3.6668302163145106e-05, 2.09665586771382e-16

30, 13, 12, [364.02881648564835, -1007.6049877229894, 154.0063520291679, 965.8285548377253, 557.0242213007106, -541.7757184101016, -1220.1238393650506, -684.0701751330907, 811.7399606269023, 1772.886388649713, 371.42373170436366, -2762.3793405274396, 1218.0348280883718], 8, 3.646640685726198e-05, 2.0842707964929386e-16

30, 13, 14, [163.94221464120093, -365.1441880667811, -80.3747750275555, 274.69590148629385, 344.1006481258244, 99.80348660087279, -263.65174838675364, -471.5269508008691, -328.32160801819435, 141.21261920318182, 625.748052472386, 619.0345560198735, -212.2956944704141, -1222.6264687396674, 674.4257810527433], 6, 3.771218825981178e-05, 2.1978317902759792e-16

30, 13, 14, [163.94220794537557, -365.14417302841935, -80.37477198630425, 274.69588987500765, 344.10063395024866, 99.80348291767099, -263.6517368438416, -471.52693087447733, -328.3215946433487, 141.2126124081727, 625.7480253323818, 619.0345298966913, -212.29568438964174, -1222.6264156209, 674.4257511519954], 4, 3.8037961178582976e-05, 2.2126085830475388e-16

30, 13, 12, [364.0288056455373, -1007.604957584733, 154.00634710638445, 965.828525724717, 557.0242048797221, -541.7757015635963, -1220.1238023440312, -684.070154880574, 811.7399352680401, 1772.886334509408, 371.42372104581847, -2762.379255455903, 1218.0347902124079], 10, 3.477024709954092e-05, 2.0249368883178724e-16

30, 13, 12, [364.0288000281599, -1007.6049418563492, 154.00634440766225, 965.8285104393192, 557.0241964028888, -541.7756925204513, -1220.123782818701, -684.0701443960105, 811.7399216085047, 1772.8863058216405, 371.42371567049696, -2762.3792100885203, 1218.034769864057], 4, 3.67199232710354e-05, 2.0958795658906488e-16

30, 13, 12, [364.0287995512026, -1007.6049405747443, 154.00634424933926, 965.8285092380435, 557.0241956691991, -541.7756919019517, -1220.123781325435, -684.070143504005, 811.7399206937381, 1772.8863036881937, 371.4237151481832, -2762.379206843556, 1218.0347684744966], 8, 3.58368411990326e-05, 2.0616976190944334e-16

30, 13, 12, [364.0288209913687, -1007.6050002639666, 154.00635409357463, 965.8285669635893, 557.0242281226807, -541.7757254507878, -1220.1238547954174, -684.0701835509085, 811.7399712301919, 1772.886411231095, 371.42373611807744, -2762.3793760433045, 1218.0348439180523], 8, 3.557435919890938e-05, 2.0522513933981766e-16

30, 13, 14, [163.94221030798826, -365.14417834349683, -80.37477305240111, 274.6958939883548, 344.10063896063133, 99.80348420639272, -263.6517409443374, -471.52693793240303, -328.32159936573186, 141.21261483972216, 625.7480349660387, 619.03453914799, -212.29568799404421, -1222.626434479289, 674.4257617857673], 5, 3.8047026228256075e-05, 2.2125309035742107e-16

30, 13, 12, [364.0288115911872, -1007.6049740240632, 154.00634968557907, 965.8285415291945, 557.0242139119387, -541.7757105479022, -1220.1238223697885, -684.0701659951253, 811.7399487551146, 1772.8863636877988, 371.4237270095534, -2762.3793010719537, 1218.034810401972], 9, 3.4743436968077013e-05, 2.024766553501564e-16

30, 13, 14, [163.94221372949522, -365.144185942057, -80.37477467359754, 274.6958997633028, 344.1006461196371, 99.80348619119438, -263.65174657747593, -471.52694785311826, -328.32160616549896, 141.212617990942, 625.7480482853367, 619.0345521678508, -212.29569270064061, -1222.6264605226115, 674.4257762789721], 6, 3.801514481388198e-05, 2.2108255573562965e-16

30, 13, 12, [364.0288176711397, -1007.604990987708, 154.0063525256991, 965.8285579653567, 557.0242231059364, -541.7757201636697, -1220.1238433173035, -684.0701773512058, 811.7399632529831, 1772.8863943915114, 371.42373291243445, -2762.379349466805, 1218.0348320256044], 3, 3.668844114042119e-05, 2.0968293593458992e-16

30, 13, 12, [364.02880768659617, -1007.6049631291924, 154.00634785909, 965.8285309721634, 557.0242080106128, -541.7757043659107, -1220.123808913057, -684.0701587073189, 811.739939430006, 1772.8863439577551, 371.4237232292573, -2762.3792699575392, 1218.0347964907214], 9, 3.483608376358858e-05, 2.0302232975025965e-16

30, 13, 12, [364.0288035926985, -1007.6049517873925, 154.0063460529055, 965.8285200495139, 557.0242017986128, -541.775698115302, -1220.1237950547265, -684.0701510574204, 811.7399300361316, 1772.8863237371468, 371.42371915473683, -2762.379238283114, 1218.0347824391554], 7, 3.641481266091971e-05, 2.0827370056881879e-16

