13, 18, 12, [80.75986420244942, -296.12694782811803, 61.48426414760811, 472.0643662077409, 345.3251304229115, -442.433086021816, -1262.1290974103283, -896.3484099121521, 1398.137661038052, 3866.80410335592, 1003.7105482440459, -9913.933776228427, 5624.321263653156], 10, 3.7564074509992965e-05, 2.1832040906911913e-16

13, 18, 12, [80.75986796039282, -296.12696132283634, 61.48426709397439, 472.06438782100014, 345.3251458319904, -442.43310706763725, -1262.1291557265567, -896.3484499998062, 1398.1377282316225, 3866.8042837585594, 1003.7105910260872, -9913.934244528153, 5624.321533052665], 10, 3.750639846212277e-05, 2.180543791781405e-16

13, 18, 12, [80.75987007012944, -296.1269689662869, 61.484268864945676, 472.06440015499015, 345.3251544363441, -442.43311940992686, -1262.1291891924052, -896.3484724572776, 1398.1377678118572, 3866.8043878982457, 1003.7106141110124, -9913.934517084928, 5624.321691319208], 11, 3.72625741148629e-05, 2.1712227777942227e-16

13, 18, 11, [126.29046679926802, -515.8000868480356, 258.8644613132507, 846.7531896605537, 198.961364640398, -1363.867370847509, -1947.8553967897465, 542.6130462778724, 4884.192197375652, 3045.6364152386163, -12152.865540656718, 6109.988983603223], 4, 3.539785133385381e-05, 2.0617658445464892e-16

13, 18, 12, [80.75987509454818, -296.1269868351076, 61.48427251078425, 472.0644285381931, 345.3251751343965, -442.43314623800893, -1262.1292653122275, -896.348526088462, 1398.1378531100172, 3866.804621941472, 1003.7106733502627, -9913.935119588115, 5624.322034622988], 10, 3.7379443905288385e-05, 2.175708759707026e-16

13, 18, 12, [80.75985655361175, -296.1269203325829, 61.48425809656563, 472.06432213029615, 345.3250990925892, -442.43304293441855, -1262.1289783920386, -896.3483283888692, 1398.1375233459157, 3866.803734829863, 1003.7104617645466, -9913.932818259122, 5624.320711663678], 10, 3.757898163466381e-05, 2.183207136494483e-16

13, 18, 12, [80.75986172618153, -296.1269389415573, 61.484262214522325, 472.06435198233106, 345.32512026969044, -442.43307218928555, -1262.1290590400085, -896.3483835091304, 1398.137616872236, 3866.803984681616, 1003.7105200409665, -9913.933468228217, 5624.321086504191], 11, 3.72590963530662e-05, 2.1710416173402484e-16

13, 18, 12, [80.7598620120151, -296.1269397796978, 61.4842621174425, 472.0643530685158, 345.3251215553222, -442.4330723504496, -1262.129061461426, -896.3483866306278, 1398.1376169632126, 3866.8039905591895, 1003.710525649434, -9913.93347775012, 5624.321088213079], 12, 3.727762186014241e-05, 2.1716305497673825e-16

13, 18, 12, [80.7598733950275, -296.12698082945883, 61.484271341515225, 472.0644190511263, 345.3251681152844, -442.4331374469848, -1262.129239970959, -896.3485079524455, 1398.1378252296975, 3866.804544331397, 1003.7106529097832, -9913.9349208518, 5624.321922076953], 13, 3.7549823534382184e-05, 2.181256534150198e-16

13, 18, 12, [80.7598627605466, -296.12694252561226, 61.484262801137, 472.0643575447385, 345.32512459587707, -442.43307697294335, -1262.129073690992, -896.3483946170604, 1398.1376318272576, 3866.804028850506, 1003.71053354306, -9913.9335787308, 5624.321147333276], 10, 3.7502269774055736e-05, 2.1807826190674364e-16

13, 18, 12, [80.75986519876514, -296.126951206069, 61.48426458614791, 472.06437134556825, 345.32513463413704, -442.433090062875, -1262.1291107283428, -896.3484206373713, 1398.1376734696014, 3866.8041428112724, 1003.710562166807, -9913.933872407477, 5624.321314872799], 15, 3.7258254316729454e-05, 2.1707149456720569e-16

13, 18, 12, [80.75986645573242, -296.1269558302892, 61.48426576203913, 472.0643789025766, 345.32513971567084, -442.43309795898085, -1262.1291314218836, -896.3484339813305, 1398.137698951202, 3866.8042078091366, 1003.7105750055638, -9913.934044667953, 5624.321416301425], 12, 3.727095201406923e-05, 2.171459303239075e-16

13, 18, 12, [80.75986158685599, -296.1269384780511, 61.48426216888351, 472.06435129025556, 345.32511967370607, -442.4330716954696, -1262.1290572741277, -896.3483819992131, 1398.1376153883205, 3866.803979549214, 1003.710517955865, -9913.933456099894, 5624.321080316323], 11, 3.725331059018257e-05, 2.17073712783659e-16

13, 18, 11, [126.29046041799926, -515.800061182584, 258.8644482928911, 846.7531475175346, 198.96135524015932, -1363.8673021170193, -1947.8552997381018, 542.6130171972882, 4884.191950656126, 3045.6362643341763, -12152.864923857394, 6109.98867117153], 12, 3.53867480109683e-05, 2.0604263473047013e-16

13, 18, 12, [80.75985540274344, -296.12691623384495, 61.484257253552705, 472.064315612367, 345.3250943491975, -442.43303675715015, -1262.128960900744, -896.3483160847526, 1398.1375037147202, 3866.803681034607, 1003.7104481802753, -9913.932679758247, 5624.320632744833], 11, 3.765759355362439e-05, 2.1862622732340895e-16

13, 18, 12, [80.75987822325787, -296.1269982401454, 61.48427525633472, 472.06444703644695, 345.32518785253626, -442.4331650757378, -1262.129315689617, -896.3485593668177, 1398.1379136687783, 3866.8047792908633, 1003.7107067159651, -9913.935533463713, 5624.322276288353], 10, 3.753017263881578e-05, 2.1814368186611423e-16

13, 18, 12, [80.75986123528504, -296.1269373377802, 61.48426209900494, 472.0643496295248, 345.32511816652493, -442.4330706442488, -1262.1290531171285, -896.3483782320812, 1398.1376122758793, 3866.803967687665, 1003.71051254648, -9913.933428802071, 5624.321066896957], 12, 3.7358654955184824e-05, 2.1743499271389205e-16

13, 18, 12, [80.75986545112524, -296.12695218105057, 61.48426490422526, 472.06437300143915, 345.3251356185737, -442.4330920199991, -1262.1291153891814, -896.3484232696677, 1398.1376799072784, 3866.8041578720754, 1003.7105640454741, -9913.93391385272, 5624.3213402723995], 12, 3.727931356208002e-05, 2.1715578924035792e-16

13, 18, 12, [80.7598709492234, -296.12697207279786, 61.484269466107484, 472.06440506137966, 345.3251580782609, -442.4331239344782, -1262.1292022892092, -896.3484818805593, 1398.1377821171577, 3866.804427940812, 1003.7106248543869, -9913.934619295687, 5624.321748967512], 11, 3.725641508731983e-05, 2.170765437377429e-16

13, 18, 12, [80.75986833022274, -296.1269626078332, 61.48426731311726, 472.0643898211327, 345.32514736635267, -442.43310882593596, -1262.1291610129874, -896.3484539307452, 1398.137733780433, 3866.804299792032, 1003.7105956499405, -9913.934285074089, 5624.321555684905], 11, 3.726746025329092e-05, 2.1710932755257456e-16

13, 18, 12, [80.75985950566456, -296.1269307990834, 61.48426018397105, 472.0643387113797, 345.32511127240133, -442.4330584522672, -1262.1290227721756, -896.3483599098635, 1398.137572610206, 3866.803871005262, 1003.7104969648663, -9913.933167824165, 5624.320910185796], 10, 3.7457206361988245e-05, 2.1788513603376954e-16

13, 18, 12, [80.75987034394485, -296.12696982936353, 61.48426887424545, 472.0644013736624, 345.3251556326688, -442.4331200222388, -1262.1291921546067, -896.3484754282849, 1398.137769492414, 3866.80439602582, 1003.7106187467701, -9913.934534492226, 5624.321698906555], 10, 3.767711867783485e-05, 2.187409230115655e-16

13, 18, 12, [80.75986941338856, -296.1269666303812, 61.484268389086054, 472.0643964445042, 345.32515172753546, -442.43311590830103, -1262.1291792433813, -896.3484654338268, 1398.1377566920369, 3866.804357327262, 1003.7106063168284, -9913.934438480695, 5624.321646599842], 11, 3.761711395552059e-05, 2.1847580231541707e-16

13, 18, 12, [80.75986023723863, -296.1269334767781, 61.48426084432051, 472.0643430689272, 345.3251142402099, -442.43306293903896, -1262.1290346673059, -896.3483676885444, 1398.1375870553927, 3866.8039082454375, 1003.7105046355684, -9913.933266083806, 5624.32096776029], 13, 3.7298799032985875e-05, 2.172588086824965e-16

13, 18, 12, [80.75986926468771, -296.1269658846879, 61.484267910595804, 472.0643949620133, 345.3251512480217, -442.43311345201175, -1262.1291746691595, -896.348463939174, 1398.1377483626936, 3866.804341347751, 1003.7106073140841, -9913.934390469594, 5624.321614682574], 10, 3.761655276588827e-05, 2.1850159792106265e-16

13, 18, 12, [80.75986471970133, -296.12694970917096, 61.484264593822886, 472.0643692526875, 345.3251325284239, -442.43308910156566, -1262.1291056909402, -896.3484154164421, 1398.1376709284823, 3866.804129181551, 1003.7105538197702, -9913.933844020767, 5624.321303148423], 8, 3.7681900453691144e-05, 2.1876178863226789e-16

13, 18, 12, [80.7598674271378, -296.1269594018344, 61.484266666702936, 472.0643847363058, 345.3251436453597, -442.4331040421758, -1262.1291473898502, -896.3484442992325, 1398.1377185734739, 3866.804257939193, 1003.7105849724426, -9913.934177431225, 5624.32149441235], 11, 3.757182847478384e-05, 2.1833477291993794e-16

13, 18, 11, [126.29044496604085, -515.7999983650219, 258.86441531086547, 846.7530437344817, 198.96133428937085, -1363.8671294366557, -1947.8550604502732, 542.6129376035699, 4884.191329765074, 3045.635895812341, -12152.86336127312, 6109.987870819852], 12, 3.5352223358675905e-05, 2.0591264830231423e-16

13, 18, 11, [126.29046922122151, -515.8000968051228, 258.86446672420215, 846.7532062152268, 198.96136762273792, -1363.8673989517881, -1947.8554350051977, 542.6130602803785, 4884.192298593829, 3045.636473513063, -12152.865797053128, 6109.989116338556], 12, 3.5364171981358336e-05, 2.0596414922254564e-16

13, 18, 12, [80.75987038110979, -296.12696986025395, 61.484268729416804, 472.064401283838, 345.32515584390956, -442.43311945232597, -1262.1291916371933, -896.3484758527205, 1398.137767453939, 3866.8043935646806, 1003.7106204061129, -9913.93452506692, 5624.321691493906], 12, 3.727272157649134e-05, 2.1713526612441288e-16

