14, 18, 5, [11.588308987056914, -172.41950698558796, 756.2830671437471, -1566.5938848616286, 1589.3570697440502, -638.7146207268232], 4, 0.000364457965488567, 2.0571926901887114e-15

14, 18, 8, [71.92300679918425, -650.9664163759803, 1707.474120008659, 141.10373500090697, -6151.774228632113, 658.6485338610379, 26565.084738919846, -40750.70249695763, 19006.03210664658], 13, 3.1353296758644164e-05, 1.8278265927512562e-16

14, 18, 5, [11.588305737666653, -172.4194743269708, 756.2829358775392, -1566.5936211209225, 1589.3568048511452, -638.7145143315585], 5, 0.0003645025072445389, 2.0573221522396294e-15

14, 18, 5, [11.58830556119711, -172.4194726146364, 756.2829292381448, -1566.5936082626363, 1589.3567924135978, -638.7145095247811], 6, 0.0003644699002303545, 2.0571165273668415e-15

14, 18, 5, [11.588307328055604, -172.41949034611173, 756.2830004017313, -1566.5937510370568, 1589.356935606799, -638.7145669580574], 2, 0.00036420254311667706, 2.055279794488568e-15

14, 18, 5, [11.588307868990595, -172.41949573309319, 756.2830218549003, -1566.593793743529, 1589.3569781032688, -638.7145838686782], 1, 0.0003635817437728003, 2.050458458666933e-15

14, 18, 8, [71.92300064168181, -650.9663639752308, 1707.4739839760991, 141.10372457164115, -6151.773737099383, 658.6484737576417, 26565.082605847994, -40750.699190137064, 19006.030550441392], 5, 3.132288440911314e-05, 1.8321684652637014e-16

14, 18, 5, [11.588307602211326, -172.41949309184758, 756.2830113949882, -1566.593773031323, 1589.356957595891, -638.7145757464434], 2, 0.00036398601753439923, 2.05549961105824e-15

14, 18, 5, [11.588306396090434, -172.4194809876866, 756.2829628196848, -1566.593675590023, 1589.3568598908164, -638.7145365697739], 1, 0.0003628954137107875, 2.0518076056463364e-15

14, 18, 8, [71.92300362375796, -650.9663892344704, 1707.4740491318505, 141.10373030734775, -6151.773971938146, 658.6484993981836, 26565.083622231, -40750.70075478266, 19006.031282756878], 40, 3.1369038151163195e-05, 1.8275450100578579e-16

14, 18, 5, [11.588306927809159, -172.41948633330776, 756.2829843106667, -1566.5937187784111, 1589.3569032749738, -638.7145539974517], 4, 0.00036445150255871704, 2.056917719146824e-15

14, 18, 5, [11.588307559284107, -172.41949264037044, 756.2830095054538, -1566.5937690954934, 1589.3569535138608, -638.7145740593905], 2, 0.0003643069598125043, 2.0567750813354586e-15

14, 18, 5, [11.588309002392691, -172.41950707421782, 756.2830672338409, -1566.5938845024275, 1589.357068835433, -638.7146201398119], 12, 0.00036449514132354835, 2.057019753444086e-15

14, 18, 5, [11.588307354630771, -172.4194905660693, 756.2830010961378, -1566.5937520509726, 1589.3569362422127, -638.7145670595586], 13, 0.00036452410178022105, 2.0571878182180056e-15

14, 18, 8, [71.92300335443976, -650.9663872205474, 1707.4740448781458, 141.10372826056206, -6151.773957945012, 658.6485048091297, 26565.083567820006, -40750.700695852036, 19006.0312642595], 3, 3.1357922272363404e-05, 1.8340257128767594e-16

14, 18, 5, [11.58830767919348, -172.4194938566028, 756.2830144342158, -1566.5937790712314, 1589.3569635983804, -638.7145781329523], 1, 0.00036322087045197063, 2.05669989469303e-15

14, 18, 5, [11.58830747928544, -172.4194918590787, 756.2830064529376, -1566.5937631316006, 1589.3569476870646, -638.7145717819488], 2, 0.0003643723361259757, 2.0556383775653468e-15

14, 18, 8, [71.92300912478201, -650.9664360895376, 1707.4741708896026, 141.1037394621175, -6151.774412046262, 658.6485538490184, 26565.085532653953, -40750.70371827322, 19006.0326779071], 7, 3.135217613490552e-05, 1.8290182845742654e-16

14, 18, 5, [11.588307575996604, -172.4194928022587, 756.2830101274026, -1566.5937702788522, 1589.356954627368, -638.714574473146], 3, 0.00036444376557020054, 2.0560364399601665e-15

14, 18, 5, [11.588307360351271, -172.41949067735783, 756.2830017595381, -1566.5937538176547, 1589.3569384517166, -638.7145681214793], 1, 0.00036231859393052795, 2.045829532097394e-15

14, 18, 5, [11.588307424525645, -172.4194913068745, 756.2830042254319, -1566.5937586386228, 1589.3569431554643, -638.7145699535673], 0.8, 0.00036089507734501735, 2.047026101717194e-15

14, 18, 5, [11.588307776615625, -172.41949480849834, 756.283018154796, -1566.5937863433564, 1589.3569707067857, -638.7145809130844], 0.9, 0.00036363335526883885, 2.052849577934217e-15

14, 18, 5, [11.58830885909041, -172.4195057142211, 756.2830620907118, -1566.5938748186811, 1589.357059762268, -638.7146167577067], 0.9, 0.00036312377825116737, 2.0612849584570572e-15

14, 18, 5, [11.588307062164555, -172.41948766943838, 756.2829896244621, -1566.5937293425402, 1589.3569137737024, -638.7145581700356], 0.8, 0.00036221323464054344, 2.0436304722137077e-15

14, 18, 8, [71.92300133971585, -650.9663696405293, 1707.4739977078868, 141.10372736800886, -6151.773785331458, 658.6484723615413, 26565.08280866541, -40750.69947817315, 19006.030676269143], 11, 3.1364414193783567e-05, 1.8286060682775247e-16

14, 18, 5, [11.588308373321135, -172.41950082569784, 756.2830424175095, -1566.5938352428118, 1589.3570199660069, -638.7146007548004], 4, 0.00036445767079317784, 2.057140717809626e-15

14, 18, 8, [71.92300176160379, -650.9663738865856, 1707.4740109940574, 141.1037244452406, -6151.7738365095465, 658.648494763349, 26565.08304499415, -40750.699901514294, 19006.03089597702], 7, 3.134689592515495e-05, 1.8288200907000518e-16

14, 18, 5, [11.588306702261306, -172.41948398438316, 756.282974546007, -1566.5936985214905, 1589.3568823014336, -638.7145453260363], 7, 0.00036442873011450214, 2.0568161121167328e-15

14, 18, 5, [11.58830953404886, -172.41951239249977, 756.2830885092073, -1566.5939270483423, 1589.3571113672344, -638.7146371431705], 4, 0.00036431701734139185, 2.0564675845551417e-15

14, 18, 5, [11.588309485473022, -172.4195119267791, 756.2830867290346, -1566.5939236583993, 1589.3571081525222, -638.714635929242], 4, 0.00036445441836285456, 2.0572613501340432e-15

