14, 18, 15, [-10.335272049978567, 44.78172417365622, -101.09320894763384, 112.01116643488245, -16.194116329027686, -87.954452139472, 41.7053539833933, 73.39984271148212, -46.272011562561694, -65.01396511673184, 53.291215597646094, 47.2119865839642, -76.80061529053214, 35.783372779357535, -5.184779630527877, -0.3361984333278423], 4, 3.1075097627706654e-09, 1.655385438236111e-20

14, 18, 15, [-10.335316737083966, 44.782191746471966, -101.09521061792705, 112.01541135900324, -16.19778282673064, -87.95633562405816, 41.71068318449374, 73.40058850300463, -46.2786592919909, -65.01418553007949, 53.29967824963271, 47.21036659375392, -76.81138069433447, 35.79546010219761, -5.190190690898078, -0.33527496081742303], 3, 3.3592937577461294e-09, 1.7468349577896354e-20

14, 18, 15, [-10.33524854862006, 44.781476714747924, -101.0921438927633, 112.00889772799229, -16.192148913957503, -87.95344464842691, 41.702494094701535, 73.39943722463953, -46.268445319035266, -65.0138292859581, 53.28668337204915, 47.21282081235189, -76.79485755067756, 35.77696404908201, -5.181932773790105, -0.3366802977464336], 4, 3.3345970072359753e-09, 1.7359796319181234e-20

14, 18, 15, [-10.335315465923717, 44.78217857053569, -101.09515366300683, 112.01528605789427, -16.19766252874144, -87.95629557714616, 41.71051031324716, 73.40059697419524, -46.278436145796455, -65.0142256981338, 53.29937933896302, 47.210487046139214, -76.81099301518837, 35.7949404790436, -5.1899298323154595, -0.3353240891494515], 4, 2.783003584511468e-09, 1.5462546449775477e-20

14, 18, 15, [-10.335311434566842, 44.78213720058737, -101.09498095716353, 112.01493266788768, -16.197379627959986, -87.9561169196192, 41.71009641858438, 73.4004953019945, -46.27792985352951, -65.01415139041801, 53.298751385272375, 47.21053696185294, -76.8102000539851, 35.79413685045939, -5.1895970870507435, -0.33537669772062106], 5, 3.353964074004562e-09, 1.7429205772739533e-20

14, 18, 15, [-10.335291351495023, 44.78192348728902, -101.0940499143608, 112.01291873160883, -16.19558275001142, -87.9552696626597, 41.707490317497474, 73.40021932199785, -46.27465882945279, -65.0141476125933, 53.294560237182935, 47.2114540855965, -76.80486452123363, 35.78802064334472, -5.186824917635354, -0.3358545004767303], 3, 3.400631866160934e-09, 1.749369046211555e-20

14, 18, 18, [-9.732982959858509, 38.301942889325886, -72.73727665603911, 51.298867652735595, 34.32431145172607, -54.35413391279565, -35.5289259560491, 46.54138865308491, 51.86736551889309, -26.947623452596112, -67.7451892581872, -3.2179899586714256, 73.95555688905162, 33.40637317999011, -78.09483275888272, -46.92646482580156, 118.90301562126042, -67.23997659510783, 12.926617543719258], 4, 1.0662984775840716e-08, 2.966471939603005e-20

14, 18, 15, [-10.335284387956188, 44.78184605112077, -101.093697047373, 112.01211614241402, -16.19480734282885, -87.95498327300774, 41.70637168608771, 73.4001978939916, -46.27323257908656, -65.01426463290919, 53.29270055852071, 47.211996087946645, -76.80248951472794, 35.78514297597008, -5.185476663895327, -0.3360931896880936], 4, 3.021484427888261e-09, 1.6106780347856053e-20

14, 18, 15, [-10.33530327933992, 44.78205430795103, -101.09463719853028, 112.0142311405148, -16.19681417958049, -87.955772347294, 41.709270477322654, 73.4003156331129, -46.2769140978178, -65.01404114195917, 53.29747838659223, 47.21069545142058, -76.80858414673924, 35.792417338008214, -5.188853727529978, -0.33549985150998546], 4, 3.4012004807316126e-09, 1.7605091087284752e-20

14, 18, 18, [-9.732977106205274, 38.30189080464368, -72.73710041284666, 51.29862269666687, 34.32431581373981, -54.35385058291837, -35.52893004687981, 46.54105150621944, 51.86724303851782, -26.94727647885629, -67.74485128527802, -3.2182225561880595, 73.95500302953353, 33.40638206955329, -78.09410364533896, -46.92631693904991, 118.90193359796795, -67.23921963932231, 12.92644920180349], 3, 1.4634728191612315e-08, 4.401072220803177e-20

14, 18, 18, [-9.732997370929638, 38.3020708707757, -72.73770846004143, 51.29946460659232, 34.32430572005946, -54.35482454274151, -35.5289239367181, 46.54220652162831, 51.86767335654616, -26.94845666296747, -67.74601643137191, -3.2174436229516528, 73.95689494623747, 33.406371936343014, -78.09657863099602, -46.92684034354071, 118.90560018204788, -67.24176833381298, 12.927013261692275], 4, 4.009259020536107e-09, 1.6195012187796726e-20

14, 18, 18, [-9.732982839720405, 38.30194077533351, -72.73726534463161, 51.29884336917104, 34.324322938471354, -54.35410520603024, -35.52894267122882, 46.54134581131811, 51.86737010851324, -26.947563775291407, -67.74515880335788, -3.2180499800540217, 73.95547681506157, 33.40640647741024, -78.09470386237423, -46.92647078032108, 118.90281761096429, -67.2398159342344, 12.926578356778046], 3, 1.417148935766778e-08, 4.282443588230611e-20

14, 18, 15, [-10.335334670508937, 44.78238426136908, -101.09605646442594, 112.0172574270396, -16.199452010272296, -87.95709576232153, 41.71310214097084, 73.40081474446193, -46.28170216379106, -65.01415597793725, 53.30358503566028, 47.20947807541803, -76.81635419549421, 35.801194733847105, -5.192797676667756, -0.3348247326894828], 3, 3.430915295582556e-09, 1.770817122505358e-20

14, 18, 18, [-9.73299206948244, 38.30202307843761, -72.73754440978387, 51.29923208661256, 34.324315339686066, -54.35455511207682, -35.528935589292544, 46.541881672275544, 51.86756457861508, -26.948115303900625, -67.74569627606252, -3.2176810108500264, 73.95635705285906, 33.40639402756722, -78.09586095042651, -46.92670788951109, 118.90453305156629, -67.24101329067597, 12.926844080260546], 3, 1.49226083111361e-08, 4.484071387626049e-20

14, 18, 18, [-9.732983211417697, 38.30194548172315, -72.73728673131826, 51.29888412057478, 34.32430823383538, -54.354153252577696, -35.528921599254495, 46.54141390952488, 51.86736991279786, -26.947653061295494, -67.7452117615002, -3.217965792368312, 73.95560049605733, 33.406365692740586, -78.09489494153406, -46.926470849602076, 118.90310886473836, -67.24004607513943, 12.926633629818868], 2, 1.5049522280495092e-08, 4.5285445385282647e-20

14, 18, 15, [-10.33531075978672, 44.78213217486953, -101.0949684021212, 112.01492732697717, -16.19740481846134, -87.95609168236898, 41.71013028253688, 73.40045685511464, -46.277981887284405, -65.01410407180472, 53.29882979197945, 47.21047050048758, -76.8103004537058, 35.79430258589044, -5.189684585926549, -0.33536009177283627], 3, 3.481887087521573e-09, 1.7848781412922803e-20

14, 18, 18, [-9.73298466985114, 38.301957704156614, -72.73732513390502, 51.29893149870725, 34.32431504007919, -54.35420759137169, -35.528932017808394, 46.541472597593874, 51.867405019507004, -26.947702836823453, -67.7452791408061, -3.2179460358959027, 73.95569039002493, 33.40638606587887, -78.09499731373243, -46.92651353313704, 118.90325618113222, -67.24013393500648, 12.926650777050378], 4, 2.1222209603068214e-09, 1.0663120012187303e-20

14, 18, 15, [-10.335325077883839, 44.782279834519635, -101.09559028364977, 112.01621957705703, -16.198479795255917, -87.9567010182326, 41.71169714267037, 73.40074632620565, -46.27992042243903, -65.01425531370283, 53.30127388427014, 47.210103079717314, -76.8134037290403, 35.79767019819211, -5.191157977016024, -0.33511366078494137], 3, 3.4435782597869442e-09, 1.7817023693569782e-20

14, 18, 18, [-9.7329712977414, 38.301840839860155, -72.73693819700257, 51.29841142198208, 34.32430112599473, -54.35360712458894, -35.52890620279981, 46.540776259494635, 51.8671089706166, -26.947019571588555, -67.74455395465309, -3.2183604226148232, 73.95456717603057, 33.406333727117776, -78.09357071392866, -46.92615279072463, 118.90115529037249, -67.23871465799016, 12.926343187945346], 3, 1.3874518425647705e-08, 4.197393234540369e-20

14, 18, 15, [-10.33526447056506, 44.78164489941686, -101.09287011064409, 112.01045035576851, -16.19350358993964, -87.95412738707407, 41.70446240413794, 73.39970325957196, -46.270902664914125, -65.0139071301546, 53.289810440302396, 47.212227361858965, -76.79883098415915, 35.78140716899505, -5.183912465563205, -0.33634432244705326], 5, 3.228841721442936e-09, 1.551750598265167e-20

14, 18, 18, [-9.732976427308571, 38.30188506527449, -72.73708219122982, 51.298599840318325, 34.32431303150512, -54.35382432227848, -35.528925721765944, 46.54102275935834, 51.86722677400631, -26.94725139379809, -67.74481884829044, -3.218233576845599, 73.95495859237727, 33.40637349296571, -78.09405196845357, -46.92629711284006, 118.90185890351175, -67.23917387704707, 12.926440046306272], 3, 1.4253506640572696e-08, 4.305347014805203e-20

14, 18, 18, [-9.732997380310255, 38.30207181725426, -72.73771496962209, 51.299480194400225, 34.32429732274188, -54.354843196260205, -35.52891199502942, 46.54223503566171, 51.867669627381666, -26.94849680384125, -67.74603649621123, -3.2174033031050917, 73.95694834975397, 33.40634981673784, -78.0966642586157, -46.926836714248076, 118.90573105776988, -67.24187392883003, 12.927038890237087], 2, 1.5018512926332172e-08, 4.523099900372342e-20

14, 18, 18, [-9.732980729846748, 38.30192309480573, -72.73720976929653, 51.29877467247011, 34.32431338829459, -54.35402649548624, -35.528928167265406, 46.541260575419805, 51.86732010146073, -26.94749070905568, -67.74506176484073, -3.218080564926647, 73.95534581074853, 33.4063793704077, -78.09455259222763, -46.92641115276085, 118.90259859397511, -67.239682193276, 12.926551597179264], 3, 1.3938870317076401e-08, 4.219840463039588e-20

14, 18, 15, [-10.335252379724558, 44.78151565748805, -101.09230455828363, 112.00922104639614, -16.19239825521004, -87.95361727203043, 41.70286022510458, 73.39954685706118, -46.26888881925694, -65.01392090949696, 53.28722591768358, 47.21281134438056, -76.7955398556106, 35.77761295206104, -5.182186421478587, -0.3366427645133843], 4, 3.2918180086691073e-09, 1.7208617956956047e-20

14, 18, 17, [-9.987305871530838, 40.90871730769501, -83.37004388492473, 71.43282657346994, 23.228041871787056, -72.68035442206178, -16.74912106821949, 70.1617338095816, 31.04832943142338, -64.25982160497787, -51.96163583791114, 54.88032200421206, 70.34614208558563, -56.255657878790295, -77.89365725018695, 116.02014464846499, -55.41494393675836, 9.546326912641737], 3, 7.023460277493168e-09, 2.5601039731588444e-20

14, 18, 18, [-9.732982098162722, 38.30193597289445, -72.73725609114985, 51.298844599226896, 34.32430510846744, -54.35410783047602, -35.5289167326024, 46.54136285504553, 51.86734469356486, -26.94760564511082, -67.74515656735716, -3.2179912321191266, 73.95551977635748, 33.40635696802958, -78.09479589946032, -46.9264409155585, 118.90296360691907, -67.23995095997037, 12.926613457263679], 2, 1.4931037918115934e-08, 4.5101019451299653e-20

14, 18, 18, [-9.732984462916631, 38.30195697000213, -72.73732702155345, 51.2989430723285, 34.324303314503126, -54.35422161650454, -35.528914847017035, 46.54149829773648, 51.86739336019265, -26.947745498750635, -67.74529181579996, -3.2178965120994683, 73.95574261387999, 33.40635163444505, -78.09509074211566, -46.926498636126816, 118.90340213241008, -67.240259631093, 12.926682454297204], 4, 3.4118076978167644e-09, 1.484273841304688e-20

14, 18, 18, [-9.73298617304358, 38.3019705848686, -72.73736684391284, 51.29898580990484, 34.324318543896105, -54.354270014573764, -35.52893746585987, 46.54154339671665, 51.867438291746694, -26.947769927877143, -67.74535457249614, -3.2179080320528057, 73.95580318902071, 33.406395171913715, -78.0951380446579, -46.92655265289869, 118.90346344199669, -67.24027216257262, 12.926680525680219], 2, 1.4956467824507994e-08, 4.495361066230364e-20

14, 18, 18, [-9.732987543864652, 38.30198498386338, -72.7374239441906, 51.2990815967979, 34.324296651114814, -54.354382493980275, -35.52890703236216, 46.54169294168922, 51.8674581343459, -26.947950208782398, -67.74548388879322, -3.217754898412933, 73.95606486675806, 33.40634010895586, -78.09551891405994, -46.92658016182548, 118.90403688148659, -67.24070586625452, 12.926781853343911], 3, 1.503896944256597e-08, 4.517427901244094e-20

14, 18, 18, [-9.732991129910339, 38.30201459930603, -72.73751536111932, 51.29919123928593, 34.324316336672034, -54.35450764658681, -35.52893634137881, 46.54182500872529, 51.867543657946065, -26.9480573341173, -67.74563893093266, -3.2177187804310727, 73.95626426103954, 33.40639339796377, -78.09574070637836, -46.92668079364014, 118.90435612767733, -67.24089222422016, 12.926817685921465], 3, 1.4195781569757635e-08, 4.2899720614432193e-20

