14, 18, 11, [240.3746996795875, -1425.2528601171978, 2303.388668750944, 978.8463584756267, -3771.525251785932, -3363.572777000572, 5315.8309908425645, 9905.239936323282, -6600.980045992017, -23857.735568976033, 31132.949062138538, -10871.399065300047], 12, 0.0008599873206231646, 3.867095977943694e-15

14, 18, 11, [240.37469617364255, -1425.252839147424, 2303.3886338222596, 978.8463451176162, -3771.5251933289833, -3363.572728068745, 5315.830904932777, 9905.23978502669, -6600.979934036205, -23857.73519538956, 31132.948557206422, -10871.398885001745], 15, 0.0008595596725098573, 3.866620947828521e-15

14, 18, 10, [399.6472614707609, -2644.0137782449397, 5448.551255413963, -630.3664431030861, -9173.907687346922, 466.6017254888232, 18151.081874723244, 742.1994272756921, -41417.3995043261, 41487.67625407637, -12841.257599765047], 20, 0.0008017590108695352, 3.6098271489964035e-15

14, 18, 11, [240.3746982601604, -1425.25285096724, 2303.38865191517, 978.8463540700901, -3771.525221939549, -3363.572756246014, 5315.8309424151, 9905.23986214126, -6600.97997618998, -23857.735373582596, 31132.9487749972, -10871.398957596286], 2, 0.0008581474153359356, 3.868014252067705e-15

14, 18, 11, [240.37470669611864, -1425.2529017125205, 2303.3887371446376, 978.8463857540136, -3771.5253653242244, -3363.572874352587, 5315.8311552175355, 9905.240231841457, -6600.98025663925, -23857.736292100282, 31132.950027280218, -10871.399407238767], 15, 0.0008587553567561792, 3.86491489957252e-15

14, 18, 11, [240.37469685146058, -1425.2528428378048, 2303.388639093723, 978.846348245839, -3771.5252012374676, -3363.572736997508, 5315.830914066915, 9905.239807169157, -6600.979942300982, -23857.73524341186, 31132.948609574785, -10871.39890089033], 20, 0.0008585350225806484, 3.8656298878223515e-15

14, 18, 11, [240.37470274515672, -1425.252877925079, 2303.388697154934, 978.846370919031, -3771.5252980190003, -3363.572818955176, 5315.8310552993, 9905.240058323774, -6600.9801249888205, -23857.73586098721, 31132.949439637614, -10871.399196308344], 13, 0.0008592584448295461, 3.8665590693531345e-15

14, 18, 11, [240.37470262627207, -1425.2528772985183, 2303.388696308239, 978.8463703529759, -3771.5252968027266, -3363.5728174451115, 5315.831054033402, 9905.24005482392, -6600.980124066838, -23857.735853707225, 31132.94943229472, -10871.399194226782], 5, 0.000859542544480441, 3.866746746798804e-15

14, 18, 10, [399.6472832642704, -2644.013924522739, 5448.55156555371, -630.3664917147958, -9173.908215033012, 466.6017800456762, 18151.08294169457, 742.1994200613017, -41417.40196916593, 41487.678801007896, -12841.258406362633], 25, 0.0008009716394187538, 3.6076189413908724e-15

14, 18, 10, [399.6472641223641, -2644.0137966739153, 5448.551296174752, -630.3664517207853, -9173.907757665533, 466.6017374629125, 18151.082020762926, 742.1994179324706, -41417.39984656369, 41487.67662021915, -12841.257718538538], 12, 0.0008254970769459716, 3.659222675587786e-15

