14, 18, 13, [-9.086636705277433, 28.70928982832768, -18.81743055120087, -94.16581173284857, 200.35602442725454, 1.005263326464141, -335.29021651586163, 90.79790327187563, 526.4156430249271, -286.40320478814476, -766.4369963318686, 1187.755149750596, -663.4560618722395, 137.6190397635174], 7, 3.646046895134779e-06, 1.8283904262351505e-17

14, 18, 13, [-9.086635120011845, 28.709271636527866, -18.81734539088067, -94.16600853505855, 200.356207478257, 1.0053778669570697, -335.2905628099488, 90.79787394912772, 526.4161934543456, -286.40336802057345, -766.437821168162, 1187.7562641633551, -663.456650278775, 137.61915767154954], 8, 3.69962877881973e-06, 1.8349614980125395e-17

14, 18, 17, [-7.814086104952983, 15.885400544316791, 28.396398547243574, -153.20788900565148, 139.3068347260797, 181.74457290015025, -232.8742353292272, -317.08258407165647, 248.67678546479758, 588.1529607362413, -93.33350807920226, -950.6695769662733, -278.82172507618975, 1431.0457065414234, 634.3853710920444, -2724.803892520828, 1950.7637616809404, -460.7566958517202], 3, 1.2012988364309268e-06, 5.905205161289767e-18

14, 18, 13, [-9.086635500893761, 28.70927595411393, -18.81736531783377, -94.16596330808072, 200.356166822736, 1.0053502262518896, -335.29048565380214, 90.79788376775468, 526.4160713679358, -286.40333688919077, -766.437638466119, 1187.756025571736, -663.4565272039649, 137.6191335259938], 7, 3.6502067195861995e-06, 1.828843504839985e-17

14, 18, 13, [-9.086637589428218, 28.70930006884084, -18.817479078051505, -94.16569765563021, 200.35591461739133, 1.005200786001724, -335.29000943164215, 90.79791096260382, 526.4153121529012, -286.40309050142633, -766.4364995372063, 1187.7544506102104, -663.4556822058069, 137.61896169490612], 9, 3.6302862133257583e-06, 1.8270896330646552e-17

14, 18, 13, [-9.086635711757722, 28.709278596159326, -18.817378890711, -94.1659283923805, 200.35612811554873, 1.0053359189123403, -335.290413545582, 90.79787473987767, 526.4159542203746, -286.4032781665592, -766.4374616816682, 1187.7557465575344, -663.4563652287306, 137.6190983639956], 7, 3.62937430648437e-06, 1.826408790818651e-17

14, 18, 17, [-7.8140843495469685, 15.885381381833023, 28.39648053708453, -153.20804676963348, 139.30690610948233, 181.74475973055104, -232.87437407855958, -317.0828693300496, 248.67691875648364, 588.1534352455462, -93.33350591480587, -950.6703016344604, -278.82201921426577, 1431.0467804305845, 634.3859417258436, -2724.805990608622, 1950.765222837819, -460.75703563086773], 2, 1.202445484663338e-06, 5.913352887427049e-18

14, 18, 13, [-9.08663545166628, 28.70927531207938, -18.817361990394826, -94.16597168132513, 200.35617537785265, 1.005354774655018, -335.29050170007196, 90.79788299320971, 526.416096886617, -286.4033444809844, -766.437676505035, 1187.7560755902973, -663.4565525626266, 137.61913833376238], 9, 3.6297483403626027e-06, 1.8267216244485275e-17

14, 18, 13, [-9.086636356085295, 28.709285661076954, -18.817410257515117, -94.16586071477087, 200.3560732571132, 1.005289063158633, -335.2903083157379, 90.79790224660954, 526.4157900059761, -286.4032581840773, -766.4372169181178, 1187.7554627586621, -663.4562320203089, 137.61907466998366], 4, 3.714155083468583e-06, 1.8368729611539604e-17

14, 18, 13, [-9.08663505332807, 28.709270842173197, -18.8173415434164, -94.16601772041288, 200.35621638742495, 1.0053830148881426, -335.2905796055468, 90.79787293202357, 526.4162201944805, -286.4033762285004, -766.4378611808287, 1187.7563180985119, -663.4566784768701, 137.61916323606675], 7, 3.6989589595505324e-06, 1.8349292344203943e-17

