14, 18, 10, [-2.6229196398787296, -44.907267299070455, 340.98123699715813, -1054.4521811229447, 1604.5861508375451, -659.7513648041623, -1880.0377429135476, 3765.8704927938625, -3214.130880280684, 1394.8629858962922, -251.40303370249282], 15, 1.6664134891612364e-05, 8.180224052827263e-17

14, 18, 10, [-2.6229207620312964, -44.90725376545517, 340.9811677210528, -1054.4519908782333, 1604.5858739325802, -659.7512539564669, -1880.0374165761261, 3765.8698340921405, -3214.1303089184908, 1394.862733003083, -251.40298712867886], 13, 1.6631224398546867e-05, 8.174449225709236e-17

14, 18, 10, [-2.6229228600541865, -44.90722912040579, 340.9810448946462, -1054.451662930096, 1604.5854125095552, -659.7510881228908, -1880.0368617365823, 3765.868764381823, -3214.1294060247988, 1394.862342471282, -251.40291669755825], 20, 1.6370554196580775e-05, 8.137036263116399e-17

14, 18, 14, [-0.7577846553932417, -54.50423217967235, 304.28291895797685, -636.666152223111, 303.5111571495218, 807.5114615546481, -710.6719562599702, -1226.4753255693188, 1128.7486919122316, 2047.984347224903, -2008.9818117367204, -3063.040772745954, 5912.734903596636, -3589.2054047764977, 784.547452641503], 7, 5.019870969611962e-06, 2.404108048174966e-17

14, 18, 10, [-2.622921128585772, -44.90724961983859, 340.9811478493838, -1054.4519399716885, 1604.5858058321874, -659.7512335349819, -1880.0373324286638, 3765.869681896452, -3214.130185258148, 1394.8626811520521, -251.40297802454785], 2, 1.677638889865239e-05, 8.185399553987534e-17

14, 18, 14, [-0.7577739254698059, -54.50434543380142, 304.28338963250144, -636.6670356923927, 303.51153371662684, 807.5125747267631, -710.6729006596711, -1226.4769979068194, 1128.7502345704522, 2047.9871402630167, -2008.984613709593, -3063.0449708468395, 5912.743174781183, -3589.210497430924, 784.5485808387264], 7, 4.999588065219707e-06, 2.4035041187277873e-17

14, 18, 14, [-0.7577809909693846, -54.50427065990283, 304.28307795429976, -636.6664483761616, 303.5112799631953, 807.5118357383194, -710.6722656958628, -1226.475886620853, 1128.7491949857892, 2047.9852797004685, -2008.982724607616, -3063.042170498665, 5912.737617608092, -3589.207063389439, 784.54781778933], 7, 5.148665355754825e-06, 2.420264123550628e-17

14, 18, 10, [-2.62291782391987, -44.9072888274916, 340.98134522298795, -1054.4524725096044, 1604.5865645568613, -659.751517509905, -1880.0382382730172, 3765.8714571943133, -3214.1316982808294, 1394.8633408727542, -251.4030978613137], 20, 1.6136020189523724e-05, 8.080516386088936e-17

14, 18, 10, [-2.622921954790999, -44.907240044234754, 340.98110083327714, -1054.451816587304, 1604.5856362003365, -659.7511776979474, -1880.0371253383432, 3765.869296520261, -3214.1298676506535, 1394.8625468239013, -251.4029543406783], 14, 1.6243124472598322e-05, 8.116117777350898e-17

14, 18, 10, [-2.6229216455370428, -44.907243976406946, 340.98112205329903, -1054.4518781350225, 1604.585731727389, -659.7512234234642, -1880.0372333564178, 3765.8695353312264, -3214.1300858366662, 1394.8626476927113, -251.40297366827363], 15, 1.5942982018644974e-05, 8.068598507159723e-17

