13, 18, 11, [752.7308931593724, -3027.7141253890345, 1529.4466130235965, 4948.067921925316, 1110.2584930610794, -8017.758498796366, -11314.583653752932, 3350.3646591760953, 28583.324608868857, 17487.359748648818, -71116.86475979192, 35919.91292832972], 13, 0.004934922041688655, 2.1950975563111313e-14

13, 18, 11, [752.7308989274505, -3027.7141486260216, 1529.446624934751, 4948.067959993918, 1110.2585012404982, -8017.758561056832, -11314.58374087097, 3350.364686257478, 28583.32483100592, 17487.359882766927, -71116.86531406113, 35919.91320961662], 14, 0.004928827740722095, 2.1933928761049346e-14

13, 18, 11, [752.730902665344, -3027.7141636888277, 1529.446632660517, 4948.067984675752, 1110.2585065392038, -8017.758601431031, -11314.583797360787, 3350.3647038155455, 28583.324975041083, 17487.35996974922, -71116.86567339706, 35919.91339193334], 13, 0.004933085263453536, 2.1944670072043793e-14

13, 18, 11, [752.7308910592336, -3027.714116814059, 1529.4466084342023, 4948.067907770202, 1110.2584904074631, -8017.758475044712, -11314.583621319221, 3350.3646476831127, 28583.32452392135, 17487.35969937055, -71116.86454592748, 35919.912818182456], 15, 0.004910543086782268, 2.1878056191386053e-14

13, 18, 11, [752.7308972828972, -3027.7141419118443, 1529.4466213401913, 4948.067948911486, 1110.2584991685223, -8017.758542452746, -11314.58371548151, 3350.364677227146, 28583.32476445384, 17487.35984421745, -71116.86514642823, 35919.91312321527], 15, 0.004915879006125189, 2.1895902531411554e-14

13, 18, 11, [752.7309012040629, -3027.7141576651857, 1529.446629347541, 4948.067974678422, 1110.2585048313956, -8017.758584396734, -11314.583774423683, 3350.3646951218816, 28583.324914067874, 17487.359935131066, -71116.86551925358, 35919.913312001045], 14, 0.004926095867170494, 2.192639025056078e-14

13, 18, 11, [752.7308938640015, -3027.7141282550747, 1529.4466145243036, 4948.067926648974, 1110.2584940366057, -8017.758506585905, -11314.583664596754, 3350.3646626017653, 28583.324636599697, 17487.359765389345, -71116.86482880804, 35919.912963226016], 15, 0.004913077519447889, 2.188669284340988e-14

13, 18, 10, [1207.4460445194638, -5505.907825147461, 4728.99401448156, 8364.723226580947, -3979.0421357483015, -18772.47736048569, -7895.716104164378, 34126.752262026566, 38611.519808844656, -91297.11469897086, 40574.91724133324], 2, 0.004723645889521252, 2.116506082468623e-14

13, 18, 10, [1207.4460431334355, -5505.907818159154, 4728.994007210804, 8364.7232157945, -3979.0421275954445, -18772.477332729944, -7895.716097137966, 34126.75220494134, 38611.51975416237, -91297.11454370059, 40574.917166827545], 11, 0.0047336304708022695, 2.1093137227036395e-14

13, 18, 11, [752.7308937201055, -3027.7141275795198, 1529.4466140340944, 4948.067925449326, 1110.2584940370616, -8017.7585042198, -11314.583661787317, 3350.364660899238, 28583.324628123457, 17487.35976135885, -71116.86480685034, 35919.9129513729], 2, 0.004934895373827545, 2.1988349653756062e-14

