14, 18, 16, [-9.61509745516069, 36.7003765069717, -65.1174668316827, 35.44150291255954, 44.236647637506536, -40.99686799175398, -50.878964290241036, 31.408472752912065, 68.06392526424578, -7.865572415488358, -83.21343437084943, -22.906833778378324, 97.27666926502914, 39.89387085145726, -147.10523106495168, 93.26525554976492, -19.58723221095064], 4, 4.246351521688543e-08, 3.330594176856265e-20

14, 18, 16, [-9.615095958175948, 36.70036448009741, -65.11743138515789, 35.44146531618937, 44.23663026214789, -40.99681966829404, -50.87893770082183, 31.408420676185223, 68.0638702317923, -7.865532946465764, -83.21334340411377, -22.906841930778494, 97.2765429988474, 39.89385493123986, -147.10503929902555, 93.26511247504651, -19.5871987476901], 4, 3.6627053514293254e-08, 2.923650849247566e-20

14, 18, 16, [-9.615097233044953, 36.70037448679389, -65.11746007135125, 35.44149434338664, 44.236645441994916, -40.99685646159415, -50.87896036813435, 31.408458770275207, 68.06391405296446, -7.865559460410617, -83.21341226317857, -22.90684010652687, 97.27663535227524, 39.89387102584081, -147.10517826670383, 93.26521271981044, -19.587221631381567], 3, 4.935204020804635e-08, 3.8098878162122815e-20

14, 18, 16, [-9.615101726585793, 36.700410887687724, -65.11756829718838, 35.44161059937132, 44.23669751130831, -40.99700641368108, -50.87904079982769, 31.40862165438783, 68.06408336394516, -7.865684538298074, -83.21369487796811, -22.906811976659625, 97.27702956132592, 39.893918205559, -147.10577722001142, 93.26566107142456, -19.587326673876632], 4, 4.093963909362884e-08, 3.220726736677406e-20

14, 18, 16, [-9.615102972414876, 36.70042075582815, -65.11759684054641, 35.441639819455965, 44.23671247291092, -40.99704356866955, -50.87906337490292, 31.408660289510934, 68.06412748101633, -7.865711493164574, -83.21376444699273, -22.906810146100586, 97.27712275849451, 39.893934668541384, -147.10591710024875, 93.26576152078547, -19.58734949259522], 3, 4.904283577440327e-08, 3.783031105144395e-20

14, 18, 16, [-9.615096450344945, 36.70036744645648, -65.1174366620384, 35.44146473735923, 44.23663795435962, -40.99681662155962, -50.8789471174595, 31.408410209711313, 68.06387568451544, -7.865513905449094, -83.21333577175241, -22.90686320964669, 97.27651699628404, 39.89387295494916, -147.10499328786716, 93.26506140339951, -19.587184029803655], 4, 4.374783320952551e-08, 3.4216415321697735e-20

14, 18, 16, [-9.615098360419221, 36.70038358073491, -65.11748694879707, 35.441522884502355, 44.236658692949746, -40.99689314560474, -50.87898074039845, 31.408498152299586, 68.06395606470129, -7.865588928470314, -83.21348126329436, -22.906834702719692, 97.27673047097149, 39.89388396454171, -147.10532223523825, 93.26531920690849, -19.587246361672218], 3, 4.949971370583467e-08, 3.817816239397342e-20

14, 18, 16, [-9.615097460678147, 36.70037615091923, -65.11746435895853, 35.44149771836644, 44.2366485878615, -40.99686035194487, -50.878964792751724, 31.40846146135821, 68.06392037784765, -7.865559077573423, -83.21341917380032, -22.906844026411534, 97.27664149630785, 39.89387658591623, -147.10518599713694, 93.26521460969585, -19.58722141798639], 4, 3.6612714251401496e-08, 2.924559602382457e-20

14, 18, 16, [-9.615098640759266, 36.70038578997285, -65.11749331002967, 35.44152936560245, 44.236662030257456, -40.99690137735702, -50.878985746120584, 31.408506715639415, 68.06396582343486, -7.865594941363845, -83.213496680237, -22.906834208506115, 97.2767512065232, 39.89388750033763, -147.10535344193684, 93.26534176035312, -19.58725151481681], 2, 4.95385745623031e-08, 3.818465085941437e-20

14, 18, 16, [-9.615095409718748, 36.70035998346313, -65.11741786974434, 35.44145061437911, 44.23662383681702, -40.996800649013544, -50.87892764828219, 31.4083999431703, 68.06384882321443, -7.865517007849601, -83.21330755880236, -22.906845490518325, 97.27649305608026, 39.89384886339933, -147.1049635718477, 93.26505596527458, -19.587185548983307], 4, 3.964141964969127e-08, 3.1350280494382843e-20

14, 18, 16, [-9.615092565378825, 36.700336691893426, -65.1173476982698, 35.44137351030084, 44.236591604756484, -40.99670054842494, -50.87887725952355, 31.408289040112567, 68.06373854334598, -7.865428361788739, -83.21311830973862, -22.906870899178255, 97.27622408633916, 39.89382358047764, -147.1045525746544, 93.26474269388207, -19.587111203019354], 4, 4.833345213137277e-08, 3.7385130680730733e-20

14, 18, 16, [-9.615093893891512, 36.70034738437582, -65.11737925952436, 35.44140703333896, 44.23660707509699, -40.99674364952639, -50.878900982750515, 31.408335473218592, 68.06378766680028, -7.865463473298754, -83.2131994371518, -22.90686380801925, 97.27633653326616, 39.89383799926639, -147.10472319963714, 93.26486973218873, -19.587140862646983], 5, 3.435855251834658e-08, 2.766729004548476e-20

14, 18, 16, [-9.615093907904834, 36.700348145856765, -65.11738381345607, 35.44141603625711, 44.236605804808875, -40.9967567889592, -50.878900594539445, 31.40835458601056, 68.06379647694472, -7.865485668706787, -83.21322551153797, -22.9068471722078, 97.27638345726307, 39.893829102894856, -147.10479905195976, 93.26493798594035, -19.587158755658503], 5, 3.448075147498052e-08, 2.6799551295658592e-20

14, 18, 16, [-9.615096792102522, 36.700371418528825, -65.11745266519523, 35.44148934582716, 44.236639520108426, -40.996851102986376, -50.878952461299505, 31.4084561928819, 68.06390404595345, -7.865562314426096, -83.21340304628289, -22.90683212384419, 97.2766290925931, 39.893861294909286, -147.10517127961063, 93.26521429457476, -19.587223088632026], 4, 3.779266227819281e-08, 3.0042949981123733e-20

14, 18, 16, [-9.615092882893258, 36.700340350930134, -65.11736236721494, 35.44139597404811, 44.23659311922924, -40.99673200438206, -50.87888225007835, 31.40833091682761, 68.06376452421247, -7.8654723360862, -83.2131796815377, -22.906842815963355, 97.27632613727133, 39.893813244529426, -147.1047144848967, 93.26488149910388, -19.587146612059524], 4, 4.1964078617532794e-08, 3.296459399895647e-20

14, 18, 16, [-9.615097238676746, 36.70037456569298, -65.11746039034739, 35.44149477699891, 44.23664557903164, -40.9968570456279, -50.87896065935268, 31.40845940067027, 68.06391473740938, -7.865559862616511, -83.21341334663575, -22.90684018327314, 97.27663668490172, 39.893871438855854, -147.10518011402738, 93.26521382348398, -19.587221835474136], 2, 4.965081660801411e-08, 3.830302044598944e-20

14, 18, 16, [-9.615095738399736, 36.700362343253744, -65.11742380566348, 35.4414550333007, 44.23662835886409, -40.99680561921464, -50.87893389781029, 31.408403004382933, 68.06385735325006, -7.865515702766478, -83.21331629123652, -22.906851461548214, 97.27650008335655, 39.893856799503695, -147.10497198610122, 93.26505662008381, -19.58718476219391], 2, 4.954106288443249e-08, 3.8281630110488467e-20

14, 18, 16, [-9.615093471603661, 36.70034466064846, -65.11737359226954, 35.44140525268115, 44.23660077521597, -40.99674294199431, -50.87889293645617, 31.408339676816283, 68.06378068498732, -7.865474370178571, -83.21319942501597, -22.906849501187175, 97.27634723845016, 39.89382452595612, -147.10474403410757, 93.26489695538869, -19.587149166283066], 6, 2.7749352661231597e-08, 2.1957840165641392e-20

14, 18, 16, [-9.61509625018665, 36.700366573286125, -65.1174366985681, 35.44146948424398, 44.236634022508085, -40.99682448660637, -50.87894285191381, 31.408424267025946, 68.06387768584354, -7.865533267533571, -83.21335206229637, -22.90684556629796, 97.27655175519591, 39.89386052509252, -147.10505133050742, 93.26511802006166, -19.58719948831114], 3, 4.974426510813192e-08, 3.8341840159487686e-20

14, 18, 16, [-9.615097571727949, 36.7003779285634, -65.11747269611486, 35.44151205121499, 44.2366481852475, -40.996880829897925, -50.878966326428774, 31.40848983170194, 68.06393595628266, -7.865590188662728, -83.21345944551882, -22.90682273150389, 97.27671058090606, 39.893867202456114, -147.10529622059312, 93.26531077547764, -19.58724617043346], 4, 4.232474886592332e-08, 3.3219152432114594e-20

14, 18, 16, [-9.615093237454685, 36.70034290223717, -65.11736890920298, 35.44140131094255, 44.2365974848665, -40.99673827111925, -50.87888816998155, 31.408336103579217, 68.06377346370486, -7.865474150785909, -83.21319101923145, -22.906845502046757, 97.27633923523875, 39.89381836151489, -147.10473379089566, 93.26489368882406, -19.587149169166647], 2, 4.93190654381101e-08, 3.804144929253112e-20

14, 18, 16, [-9.615101812193013, 36.70041151606188, -65.11756992159282, 35.441611876866034, 44.236698721706155, -40.997007887302765, -50.87904252266473, 31.40862264147499, 68.06408582355918, -7.865684276914076, -83.21369750029925, -22.90681366695299, 97.2770317250729, 39.89392055929103, -147.10577974918928, 93.2656611999118, -19.587326395910928], 3, 4.9520362381865494e-08, 3.819094615259401e-20

14, 18, 16, [-9.615092562322419, 36.700336905207145, -65.11734920865005, 35.44137678046093, 44.23659085471251, -40.99670537900164, -50.87887664975328, 31.408296386570957, 68.06374129897968, -7.865437435704789, -83.21312794808411, -22.90686340068904, 97.27624251458766, 39.893818817246355, -147.104583028773, 93.26477129658082, -19.58711891028192], 3, 4.928279740079956e-08, 3.7999752147152723e-20

14, 18, 16, [-9.61509566366275, 36.700361693990324, -65.11742168213365, 35.44145233175888, 44.236627769778586, -40.99680197150727, -50.878932891040904, 31.408398404402128, 68.0638540760426, -7.865511058637459, -83.2133092458247, -22.90685431295305, 97.27648858464077, 39.89385777455691, -147.10495360133154, 93.26504082286081, -19.587180699859648], 5, 3.942726940798467e-08, 3.123546122657695e-20

14, 18, 16, [-9.615095659733939, 36.700362060175834, -65.1174241718932, 35.441457511964416, 44.23662686650281, -40.99680958161655, -50.87893246030103, 31.408409604459326, 68.06385901439295, -7.865524210367263, -83.21332437462225, -22.906844304390003, 97.27651607292015, 39.89385227233377, -147.10499812531313, 93.26508111255703, -19.58719129603177], 4, 4.2266844083042965e-08, 3.3208762365484657e-20

14, 18, 16, [-9.615103236986055, 36.700423289747924, -65.11760571410528, 35.44165167761333, 44.23671486856046, -40.997059720931254, -50.87906803604722, 31.408680419738207, 68.0641425545422, -7.86573083293913, -83.21379559443558, -22.906799881103595, 97.27717153066976, 39.89393324575555, -147.10599328742575, 93.26582409066374, -19.587365042434577], 4, 4.7001661797103605e-08, 3.643635548151208e-20

14, 18, 16, [-9.615093634556713, 36.700345923074536, -65.11737715833503, 35.4414087740259, 44.23660272793643, -40.996747375261705, -50.87889582027547, 31.408344172447585, 68.06378609204904, -7.865477342808321, -83.2132077111004, -22.90684957521671, 97.27635813411672, 39.893826756518735, -147.10476031265827, 93.26490840561225, -19.587151724514698], 2, 4.967267458034117e-08, 3.8312085700236896e-20

14, 18, 16, [-9.615096860088682, 36.700371490667905, -65.11745117139596, 35.44148464572069, 44.236641432936736, -40.99684388447265, -50.87895424671537, 31.408444659559198, 68.06390049010777, -7.865547701849059, -83.2133884244309, -22.906844326655143, 97.27660060392228, 39.89386899941783, -147.10512448557492, 93.26517047766696, -19.587211367778384], 4, 4.875365190448378e-08, 3.7655038442985627e-20

14, 18, 16, [-9.615096183181285, 36.70036622235332, -65.11743628987561, 35.44147010060681, 44.23663302817181, -40.99682566678249, -50.878941795559236, 31.408426627410016, 68.06387773650455, -7.865536609390898, -83.21335458742136, -22.906842553535, 97.27655728866878, 39.89385849489811, -147.10506036749797, 93.26512668990038, -19.58720180423348], 4, 4.2661567461634094e-08, 3.345655292397589e-20

14, 18, 16, [-9.61509405785717, 36.700349143817306, -65.11738599767496, 35.44141694801129, 44.2366080898847, -40.99675742614536, -50.87890359233016, 31.40835353943828, 68.06379936110928, -7.865482140013797, -83.21322622540889, -22.906852190936494, 97.276380611016, 39.89383403220596, -147.10479304857614, 93.26492931955129, -19.58715603503362], 2, 4.900758271614762e-08, 3.784953510436668e-20

