13, 18, 18, [-8.60192283278008, 28.043007107529284, -37.51865997783704, 1.84055570156732, 35.032484034690356, 3.970053214581503, -36.026811473577034, -23.768271843912245, 25.6346937631137, 45.976801219682244, 4.524373775499253, -52.102006649729546, -45.10480921862508, 34.269281968419705, 79.87608659183081, -13.532697941879007, -118.42957128025913, 99.11849249447508, -24.201071000800344], 3, 7.571304717946843e-09, 6.273161810042681e-21

13, 18, 18, [-8.60192973653687, 28.043055875968008, -37.518776392645066, 1.8406209282964126, 35.03260285556966, 3.969989571330596, -36.02698645891401, -23.768294225785468, 25.634902117710197, 45.976996131588734, 4.524266575200422, -52.102357315593665, -45.10496598445817, 34.26963503332602, 79.87656095866154, -13.53295670528597, -118.4303719275998, 99.1193117599674, -24.20129540951344], 3, 7.64525464534681e-09, 6.311389768238509e-21

13, 18, 18, [-8.601932318729133, 28.043073985489922, -37.51881915347126, 1.8406440692496389, 35.03264672301071, 3.969967743606343, -36.027050146240306, -23.768304460252118, 25.63497585795904, 45.977067990457726, 4.524231707918424, -52.10248167524031, -45.10502564536841, 34.26975581763419, 79.87673008107039, -13.533041489860356, -118.43065222434558, 99.11959171256409, -24.201370924333663], 4, 7.518624330532893e-09, 6.2193345105739235e-21

13, 18, 18, [-8.601926988077363, 28.043036521001632, -37.51873038508934, 1.8405954674360507, 35.03255582036453, 3.970014137534938, -36.02691753550988, -23.768284634038707, 25.63482081858659, 45.976919002770835, 4.524307258251525, -52.10222037366932, -45.10490321334154, 34.269498852970024, 79.87637534516547, -13.532858415651633, -118.4300606981431, 99.11899614115498, -24.20120947025458], 3, 7.791863208476051e-09, 6.417185195132886e-21

13, 18, 18, [-8.601924944925786, 28.04302168339433, -37.51869372164817, 1.8405730218468126, 35.032518730780204, 3.9700375957256466, -36.02686080273088, -23.768281580352397, 25.634749057631335, 45.97685746162401, 4.524349941362536, -52.10210029784218, -45.10485700295064, 34.269370065392465, 79.8762147137216, -13.532757608065884, -118.42978068533601, 99.11869780460646, -24.20112578033005], 3, 7.50607483945221e-09, 6.210537449508271e-21

13, 18, 18, [-8.6019199678775, 28.042986865900193, -37.518611739086325, 1.8405289490109609, 35.032434619111086, 3.97007896567929, -36.02673900303232, -23.76826150182446, 25.634608531851658, 45.976719871162, 4.524415768379351, -52.1018631654808, -45.10474245795201, 34.26914052352159, 79.87589198543706, -13.532597120006628, -118.42924664475761, 99.11816560398003, -24.20098243185264], 3, 7.533262249919158e-09, 6.229709846936537e-21

13, 18, 18, [-8.601923358365461, 28.043010574981775, -37.518667563022575, 1.8405590030852828, 35.03249184172564, 3.970050677505731, -36.02682190815767, -23.768274919919207, 25.634704423550517, 45.976813349483514, 4.524370358853781, -52.10202497926715, -45.10481989960864, 34.26929801491859, 79.87611206981921, -13.53270812666878, -118.42961197241061, 99.11853133304042, -24.201081267618225], 3, 7.318111287222127e-09, 6.099179781569729e-21

13, 18, 18, [-8.601917657340309, 28.04297118584361, -37.518576264393225, 1.8405120278721805, 35.03239792982677, 3.97009308666422, -36.02668825693047, -23.768248603145505, 25.634554536762597, 45.97666089620586, 4.524434880850514, -52.10177119584202, -45.10469018650527, 34.269059627003315, 79.87576486046703, -13.532547179251992, -118.42904509811025, 99.11797651292048, -24.200933450773668], 3, 7.488706127338868e-09, 6.1916644674054855e-21

13, 18, 18, [-8.601929947727369, 28.043057115580922, -37.518778555458205, 1.8406208951816856, 35.03260529576938, 3.969990643379471, -36.02698866047172, -23.768297311872818, 25.63490192063842, 45.97699968023828, 4.524270536592486, -52.10235742184606, -45.10497100879625, 34.26962988220882, 79.87656227185397, -13.532948727086008, -118.43036828144683, 99.11930036052048, -24.201291035913183], 3, 7.54065884642672e-09, 6.239569499564844e-21

13, 18, 18, [-8.601920631255895, 28.042991557994526, -37.518622922428165, 1.8405351276780781, 35.032446103361586, 3.970073059526457, -36.026755822498835, -23.768264038324215, 25.634628181619906, 45.976738848331095, 4.524406354537868, -52.101896244411485, -45.10475824405857, 34.26917266107982, 79.8759369248876, -13.53261954059846, -118.4293209815506, 99.1182395465282, -24.201002288268036], 2, 7.777753055538744e-09, 6.429718895649054e-21

13, 18, 18, [-8.601923756414246, 28.043013974818106, -37.51867740243712, 1.8405670015498987, 35.03250159061168, 3.9700409653017688, -36.02683904020181, -23.76827211297386, 25.63472985963369, 45.97683072279038, 4.524350871129407, -52.10206682511003, -45.104830594573485, 34.269348299009465, 79.87616663575375, -13.532751041084655, -118.42971266217002, 99.11864535364788, -24.201114187489978], 2, 7.696649533063448e-09, 6.3688789085383895e-21

13, 18, 18, [-8.601930770300179, 28.043062809329662, -37.51879185143399, 1.8406280006057254, 35.032618833117816, 3.9699839032414657, -36.02700821134447, -23.768300243887385, 25.63492475539059, 45.97702147819144, 4.5242590994208465, -52.10239602196797, -45.10498851488183, 34.26966866952045, 79.87661463280428, -13.532977387826598, -118.43045688869358, 99.11939151634473, -24.201316156413743], 3, 7.388120029614558e-09, 6.147249137467788e-21

13, 18, 18, [-8.601933739884373, 28.0430839586311, -37.51884274770931, 1.8406569436719382, 35.03267088700685, 3.969955482196752, -36.0270853556043, -23.768309803914054, 25.635016948815615, 45.97710758994747, 4.524211799969551, -52.10255095435568, -45.10505827772712, 34.269823756982255, 79.876824186482, -13.533089681573186, -118.43080888326114, 99.11974902189343, -24.201413480504968], 3, 7.67595302970322e-09, 6.31550872319255e-21

13, 18, 18, [-8.601928622733759, 28.0430470866311, -37.51875257166982, 1.8406032336876048, 35.03257929810985, 3.970010397680243, -36.02694693295194, -23.768298765436388, 25.6348454337496, 45.97695584743245, 4.5243088621945855, -52.1022635018826, -45.10494100847823, 34.26952268793432, 79.87643812784167, -13.532859931938304, -118.43014455433902, 99.11905260994976, -24.201220043955722], 3, 7.557351102765284e-09, 6.2547840383080344e-21

13, 18, 18, [-8.601925564172165, 28.043025862051568, -37.51870310802019, 1.8405774029112858, 35.03252844605663, 3.9700340220216246, -36.02687413607533, -23.76828516139371, 25.634763053038704, 45.97687302312681, 4.52434525962417, -52.10212418263109, -45.1048709176605, 34.26939072900895, 79.8762478194256, -13.532770057347728, -118.42983280743002, 99.11874619466117, -24.201138225283874], 3, 7.717916667457014e-09, 6.365373170112116e-21

13, 18, 18, [-8.601920591630954, 28.04299158303341, -37.518623906744004, 1.8405370716107032, 35.032446883127676, 3.9700700403292832, -36.02675851601608, -23.76826137002018, 25.634634408852243, 45.97674069248833, 4.524399072637258, -52.10190620689865, -45.1047574419351, 34.26918820825571, 79.87594912095089, -13.532635358930722, -118.42934771901898, 99.11827502682054, -24.20101334489405], 2, 7.742354266932915e-09, 6.398432722603453e-21

13, 18, 18, [-8.601929954214253, 28.043056957648584, -37.518777560916256, 1.8406194065582764, 35.032604434447244, 3.9699928480934887, -36.02698636194352, -23.768299044837715, 25.634897156072316, 45.97699791277, 4.5242757512227545, -52.10234975247281, -45.10497116452886, 34.26961838178735, 79.8765527736507, -13.532937216046319, -118.43034798475774, 99.11927390453185, -24.201282835596814], 3, 7.60792377072157e-09, 6.2704102938470675e-21

13, 18, 18, [-8.601931203853896, 28.043066050273058, -37.51880008846779, 1.840633297742139, 35.03262719805501, 3.969978246298921, -36.02702129562649, -23.76830068072438, 25.63494159004925, 45.977035704960976, 4.524248988230012, -52.10242407752238, -45.10499933369589, 34.26969856810184, 79.87665211153087, -13.533000330937542, -118.43052168021299, 99.11945961676356, -24.20133502974847], 3, 7.564216788670276e-09, 6.246156863666082e-21

13, 18, 18, [-8.601923931133824, 28.043014542627283, -37.5186767996455, 1.840563830329143, 35.0325013211642, 3.970046243706407, -36.026835482382836, -23.76827739404858, 25.634719846415884, 45.97682874653305, 4.52436341026205, -52.10205106796253, -45.10483282824761, 34.2693229617255, 79.87614767420612, -13.532725362847248, -118.42967060612223, 99.11858940863284, -24.201096861310727], 3, 7.493669551449613e-09, 6.199854623163684e-21

13, 18, 18, [-8.601927180064173, 28.043037570184204, -37.518731980898636, 1.8405950319087196, 35.032557629151924, 3.9700156010738974, -36.026918722762865, -23.768287539993477, 25.634819467900698, 45.97692132765337, 4.524311575579767, -52.102218614323085, -45.104907042767614, 34.269492307300155, 79.8763741285081, -13.532849885426232, -118.43005342645283, 99.11898185216965, -24.20120444716304], 3, 7.385520771534562e-09, 6.134953945087181e-21

13, 18, 18, [-8.601930747097995, 28.043062159064853, -37.518788697011985, 1.8406236019806406, 35.03261623219716, 3.9699904992081674, -36.02700147077906, -23.768305756847695, 25.634910368396515, 45.977016739246224, 4.524275730097659, -52.10237270402924, -45.10499033038636, 34.269631934159804, 79.87658589781945, -13.532939151932109, -118.43039287592669, 99.1193050907895, -24.20128886727915], 3, 7.637748584979189e-09, 6.30281972954747e-21

13, 18, 18, [-8.601924840189461, 28.0430211031117, -37.51869283179625, 1.840573289757994, 35.03251767957777, 3.970036699095721, -36.02686010280117, -23.768279764910233, 25.634749949819856, 45.976855983662254, 4.52434708282608, -52.10210152067078, -45.10485441555727, 34.269374630846315, 79.87621561897765, -13.532763712266936, -118.42978602018195, 99.1187083530898, -24.201129530582694], 3, 7.517413700189517e-09, 6.224056401631639e-21

13, 18, 18, [-8.60191988401431, 28.042986261456253, -37.518610252014426, 1.8405280353605797, 35.03243312730917, 3.9700799338146937, -36.02673671838412, -23.768261429519775, 25.63460559396193, 45.9767174348833, 4.524417620471235, -52.10185824610794, -45.10474072490904, 34.26913505111004, 79.87588543362027, -13.532592637850641, -118.42923494947236, 99.11815275565391, -24.200978753172556], 3, 7.572993201720822e-09, 6.264721464916224e-21

13, 18, 18, [-8.601930647591976, 28.043061346920116, -37.51878650863636, 1.8406221468461992, 35.032613897047064, 3.9699919779079496, -36.02699776077378, -23.768305289392426, 25.63490591341687, 45.97701235275425, 4.524277575228735, -52.10236534360109, -45.10498617535659, 34.26962575090414, 79.87657584647795, -13.532936182143942, -118.430377888423, 99.11929278265185, -24.201286142713005], 2, 7.550828396152405e-09, 6.238391020160956e-21

13, 18, 18, [-8.601928443610081, 28.04304657394066, -37.518753701674086, 1.8406075253905763, 35.03257976958004, 3.970003168520576, -36.026951695132446, -23.768291139056437, 25.63485935719171, 45.97695787217679, 4.5242903043604095, -52.10228562274467, -45.10493610158617, 34.26956065056775, 79.8764645392832, -13.53290054231061, -118.43020686134246, 99.11913985242816, -24.201247854530095], 2, 7.745699574001985e-09, 6.390273590468723e-21

13, 18, 18, [-8.60193120751728, 28.043065359562778, -37.518796215115906, 1.8406276961749988, 35.032623862136944, 3.969986543759458, -36.02701256667294, -23.768307210995417, 25.634923529554076, 45.97702899087871, 4.524268794310617, -52.10239491975882, -45.10499991062511, 34.26965482050359, 79.87661591402332, -13.532956624435574, -118.43044441235776, 99.11935919522152, -24.20130398710746], 3, 7.577240235758685e-09, 6.24597934505016e-21

13, 18, 18, [-8.60192744145283, 28.043039324795632, -37.51873583192262, 1.8405965813210319, 35.03256174564768, 3.970014663742225, -36.02692411192973, -23.76828985424715, 25.63482426619141, 45.976928092499165, 4.524311570464903, -52.10222687395759, -45.10491405198027, 34.269496963699105, 79.87638602418595, -13.532850093012874, -118.43006912898451, 99.11899199189851, -24.201206185295888], 3, 7.568470006119455e-09, 6.2578606431992834e-21

13, 18, 18, [-8.601924179463127, 28.043016629521667, -37.518682729610134, 1.8405684702168, 35.032507267400234, 3.9700407499002677, -36.02684571659119, -23.768276228247167, 25.634734538658368, 45.97683940004302, 4.524352858772051, -52.10207526701333, -45.104840021735015, 34.26935087854511, 79.87617943944313, -13.532748205184669, -118.42972769252057, 99.1186520592562, -24.201114599495146], 3, 7.582266406880333e-09, 6.258207406909659e-21

13, 18, 18, [-8.601923166779178, 28.043008806653162, -37.51866205571495, 1.8405539343951252, 35.03248657946431, 3.9700572596338843, -36.02681195703313, -23.76827807344404, 25.634688140795447, 45.97680402028898, 4.524384839080255, -52.10199829342919, -45.1048158909503, 34.26926275817584, 79.8760778622097, -13.532675454395811, -118.4295447643607, 99.11845000589645, -24.201056898327494], 2, 7.645465087518703e-09, 6.309217830972154e-21

13, 18, 18, [-8.6019281431351, 28.043043941052986, -37.51874580817408, 1.8406005836884871, 35.03257219653142, 3.970012050717156, -36.02693773952, -23.768295073816354, 25.634837007684897, 45.976944620630306, 4.524309751185283, -52.10224890340312, -45.104930019088314, 34.2695127016632, 79.87641730570502, -13.532856432412844, -118.43011471025734, 99.11902908971936, -24.201214767011454], 3, 7.579350228764096e-09, 6.283476795028977e-21

