13, 18, 18, [-8.462638547076509, 26.95761997239673, -34.442416119497324, -1.1568082393424677, 33.13152786983832, 8.016191522170592, -33.20436455029633, -28.03427482893504, 20.297659346538403, 48.758655481340206, 12.83756948236464, -51.199986067630185, -55.57171693982793, 28.473457278722194, 92.63113229797813, -4.345836554947972, -141.6419313736139, 113.01249354457491, -27.0563334177112], 2, 1.9920617744452157e-09, 1.6479086624817865e-21

13, 18, 18, [-8.462657164617754, 26.957747530945124, -34.442706316909046, -1.156674730420655, 33.131844141025354, 8.016084303920298, -33.20481833755571, -28.034418593554133, 20.298151109571478, 48.759249857655476, 12.837419564355397, -51.20092878371588, -55.572319858150294, 28.474305231725307, 92.6326040850706, -4.346365554926941, -141.64439936327207, 113.01483858243114, -27.0569555482911], 2, 1.9166610696480325e-09, 1.5781929916103293e-21

13, 18, 18, [-8.462656153904609, 26.95773804835606, -34.44267701374902, -1.1566998220636855, 33.131812914713414, 8.016115874685195, -33.20475934292345, -28.034425935646972, 20.29805984822337, 48.75918070672377, 12.837488577641965, -51.20076179138602, -55.572265744294015, 28.474101593811895, 92.63235920174034, -4.346189996329525, -141.64393166864625, 113.01431353351083, -27.05680267387134], 4, 1.4251956323484201e-09, 1.2476562536849828e-21

13, 18, 13, [-9.28548703301387, 34.310018765842386, -58.98651965579381, 30.097950386297708, 43.07900288267234, -41.41884466846575, -48.38127267133587, 47.09074496853052, 64.13701331090803, -62.00865901166296, -76.60908766498564, 137.7067715117926, -75.60936503908151, 14.87776738722278], 5, 4.442550962576793e-09, 3.6854018253587426e-21

13, 18, 13, [-9.285454022547766, 34.30976278297128, -58.98579228519966, 30.09722191985902, 43.078580899304384, -41.417796376661414, -48.38071462130208, 47.08936519252831, 64.13602002586049, -62.006741558570006, -76.60773329638015, 137.7030479317222, -75.60697424014545, 14.877241115892081], 5, 4.467538191369316e-09, 3.677270525028934e-21

13, 18, 18, [-8.462678257995034, 26.95789288346641, -34.443039294176465, -1.1565184206732497, 33.13220710510274, 8.01595601181679, -33.20534287401292, -28.034578716426036, 20.29872585087169, 48.759935318543064, 12.837235602414259, -51.202028238949204, -55.57301220926414, 28.475304489505003, 92.63431680148918, -4.346997716540228, -141.64728150983564, 113.01759150205565, -27.05768817443701], 3, 1.872580537619432e-09, 1.5565899206885384e-21

13, 18, 18, [-8.462640639080014, 26.957631289281498, -34.44243282301251, -1.1568140189519451, 33.13154680495843, 8.016209299327778, -33.20437528191519, -28.0343080849428, 20.297639649489067, 48.75867874271746, 12.837622432178428, -51.19995760483231, -55.571758648019824, 28.473371146576486, 92.63110604841536, -4.345728070002196, -141.64182302663804, 113.01229965587545, -27.056266713172114], 3, 1.8102644895018587e-09, 1.5217881032052803e-21

13, 18, 13, [-9.28547468784105, 34.30992095395859, -58.986234726292736, 30.097653092275813, 43.078846310537514, -41.41841257669004, -48.381065133904734, 47.09016432062595, 64.13662761045124, -62.00783899206187, -76.6085509501258, 137.70518681343475, -75.60832180983405, 14.877533243292804], 4, 4.883349120064425e-09, 3.950788784795628e-21

13, 18, 14, [-8.71766088875619, 29.39517495752055, -42.862831172376964, 9.079445459689692, 39.22845002919612, -9.8637612412983, -46.40368885255747, -1.8022456386020134, 56.5485630444852, 20.76041855794528, -69.99127387046941, -33.016422003923374, 115.20866464937696, -74.77227799689301, 16.209486503231922], 6, 5.626862368512831e-09, 4.662940450423796e-21

13, 18, 13, [-9.28547606591903, 34.30993201904032, -58.986267450754674, 30.097688068537774, 43.07886367351074, -41.418463702639045, -48.38108817360074, 47.09023383510979, 64.13667164168318, -62.00793804609182, -76.60861299753793, 137.70537774499334, -75.6084492043151, 14.877562125963976], 6, 4.138350295809432e-09, 3.4727343819672905e-21

13, 18, 18, [-8.462690882882008, 26.957981193874947, -34.44324558155376, -1.1564155846340256, 33.132431563664035, 8.015865765015462, -33.205674600221975, -28.034666466861374, 20.29910352725659, 48.76036456276352, 12.837093427132373, -51.20274672184543, -55.57343733059153, 28.47598530500011, 92.63542792717443, -4.34745350507716, -141.64918116810935, 113.0194480256355, -27.05818930481909], 3, 1.7949438408262026e-09, 1.5038998915426254e-21

13, 18, 18, [-8.462642483261364, 26.957646895902784, -34.442477270243835, -1.1567801979656247, 33.13159447161803, 8.016169037582717, -33.204460005639525, -28.034305099695725, 20.297762764954346, 48.758780451058584, 12.8375378321765, -51.20018442008747, -55.571843551475254, 28.473636077576845, 92.63144199575024, -4.345948607007247, -141.6424513179766, 113.01298850886985, -27.056464925484043], 3, 1.8946449277365566e-09, 1.5698718139036236e-21

13, 18, 13, [-9.285478884545949, 34.30995474242718, -58.986334911417366, 30.097760522603025, 43.07889927546103, -41.41856970804908, -48.38113550350372, 47.0903781657219, 64.13676253633459, -62.00814382588423, -76.60874132631868, 137.7057741197456, -75.60871389426435, 14.877622159997665], 5, 4.5838236151252646e-09, 3.77011309074276e-21

13, 18, 13, [-9.2854860524544, 34.31001017585045, -58.98649197047353, 30.09791714269262, 43.078990788540175, -41.41879487558816, -48.38125638082804, 47.09067404953348, 64.13697684211161, -62.00855463912445, -76.60903301760871, 137.7065724721361, -75.60922582348444, 14.877734757349673], 5, 4.480604939656189e-09, 3.689352952751047e-21

13, 18, 18, [-8.462654234333957, 26.957726297401603, -34.44265451505799, -1.156703809819029, 33.13178800164485, 8.016112815456674, -33.20473137224064, -28.03440279328761, 20.298044526818888, 48.7591396007072, 12.837470628169557, -51.200728059837324, -55.57221521430491, 28.474100643202306, 92.63229784598735, -4.3462161477095576, -141.64386023101952, 113.0142901624995, -27.05680398823048], 2, 1.9627494348169724e-09, 1.6338469927853832e-21

13, 18, 18, [-8.462665925514974, 26.95780671876956, -34.442838418159326, -1.1566178211086062, 33.131988373739695, 8.01604243435482, -33.20502055219076, -28.034491419228033, 20.29836104155662, 48.75951748138759, 12.837369511154336, -51.20133385116823, -55.57259678709105, 28.474651402875953, 92.63324179126325, -4.346564983373367, -141.6454492440639, 113.01580869710993, -27.05720829553603], 3, 1.8166717117548362e-09, 1.5137336441394487e-21

13, 18, 18, [-8.462671166977623, 26.957842346466233, -34.442918640028275, -1.1565820923904404, 33.132075788579215, 8.016014823181044, -33.205144504284576, -28.034533018536614, 20.298492892562933, 48.75968032637484, 12.83733257414484, -51.20158746609014, -55.57276280025039, 28.474876064170612, 92.63363906574698, -4.346702766576957, -141.64611262343476, 113.01643564593755, -27.057374294612817], 3, 1.7920423779395181e-09, 1.5039256508553329e-21

13, 18, 18, [-8.462630517889183, 26.95756459563427, -34.442289186174726, -1.1568678237664274, 33.131389412853366, 8.016240318717882, -33.204164478376896, -28.034213414789118, 20.297440494180247, 48.75839380046338, 12.837638688656085, -51.19956748028695, -55.57145211077292, 28.4730783401779, 92.6304800476603, -4.345598444031082, -141.64083574400163, 113.01144986156392, -27.05605620189214], 3, 1.953607473187639e-09, 1.6052985312207837e-21

13, 18, 18, [-8.46263350335, 26.95758105908017, -34.442314599419106, -1.1568741884435376, 33.13141819747887, 8.016263166407093, -33.20418372439901, -28.034259940229948, 20.2974189216163, 48.758431634911524, 12.837709220813403, -51.199538516640466, -55.571515424075656, 28.472969285942355, 92.63045944713414, -4.345454936693636, -141.64071246712217, 113.01120715305484, -27.05597062643546], 2, 1.914835043913129e-09, 1.588913609120834e-21

13, 18, 18, [-8.462639450822076, 26.957623423944607, -34.44241586615559, -1.1568202452917031, 33.131528088581724, 8.01621259341923, -33.20435036982436, -28.034296157763773, 20.297616902054962, 48.75864465124338, 12.837622491626316, -51.199913016533, -55.571721067566486, 28.473340632583493, 92.63103399666204, -4.345718233891968, -141.64171309413902, 113.01221075652487, -27.05624587656207], 2, 1.9500132033850726e-09, 1.6121458815265248e-21

13, 18, 18, [-8.462654058864794, 26.95772625013245, -34.442657987135945, -1.156696673961573, 33.131791293992926, 8.016101478011093, -33.2047428578205, -28.034393462429918, 20.29807058111431, 48.75915030603669, 12.837441546003227, -51.20077430972616, -55.572217338943545, 28.474170626850768, 92.6323621180546, -4.346286413598573, -141.6439993407169, 113.01446711330735, -27.056858715165898], 3, 1.8289342798250518e-09, 1.5333427821045086e-21

13, 18, 18, [-8.462685380299812, 26.9579427486427, -34.44315602336127, -1.1564596714840532, 33.1323339069946, 8.015903758211214, -33.20553097004476, -28.034626608763045, 20.298941959773416, 48.760177825988336, 12.837150770850554, -51.20243912670516, -55.5732504458572, 28.47569935994149, 92.63495112198079, -4.347267665507875, -141.64837296071374, 113.01866827106329, -27.057980719311065], 3, 1.829932360928462e-09, 1.5303677726770568e-21

13, 18, 18, [-8.462647853719313, 26.95768462736247, -34.44256596912874, -1.156735026334825, 33.1316907943731, 8.016128394489215, -33.204603523889865, -28.034340498517942, 20.297928845529878, 48.75896509661397, 12.837470901309159, -51.20049985207918, -55.57202414749416, 28.473941582668278, 92.63192826498053, -4.34615959753029, -141.64329071804954, 113.01382045060524, -27.05669161584019], 3, 1.8837020425213933e-09, 1.5675703472043558e-21

13, 18, 18, [-8.462644110400342, 26.957656857219018, -34.442496468945805, -1.156776365248535, 33.13161553377796, 8.016170688945198, -33.20448413678763, -28.034323352861875, 20.297777795955117, 48.75881512876482, 12.837549452767654, -51.2002167776071, -55.5718846523941, 28.473644960988405, 92.63149897925622, -4.345936366340271, -141.64252604015104, 113.01303026097295, -27.056471231050654], 3, 1.9382077305102436e-09, 1.5962690169290063e-21

13, 18, 18, [-8.46266463524073, 26.9577993383672, -34.4428259948319, -1.1566170410051493, 33.131974478543846, 8.016035473957164, -33.20500853171118, -28.03447319664813, 20.298363127955753, 48.75949725246566, 12.837346159392201, -51.20133336373552, -55.572567418305816, 28.474680382368046, 92.63323221840596, -4.346609832264096, -141.64546463183927, 113.01586791518797, -27.05723154694241], 3, 1.7954901884807333e-09, 1.5008420530311905e-21

13, 18, 13, [-9.285494856351267, 34.31007903272261, -58.986689485345515, 30.09811791847525, 43.079103417401946, -41.419084805630774, -48.38140569326631, 47.091058220378144, 64.1372464998719, -62.00909098129376, -76.60940320335723, 137.70761178169934, -75.60989780741305, 14.877883431215256], 4, 4.874812800910557e-09, 3.936808632847083e-21

13, 18, 18, [-8.46265311746251, 26.957720477274723, -34.44264676399747, -1.1566992093581303, 33.13177912255419, 8.01610116270819, -33.20472860871967, -28.03438385059854, 20.298060496263545, 48.75913045170516, 12.837437417994488, -51.20075303226725, -55.57219508183694, 28.474159513389505, 92.63232585320752, -4.346285650415173, -141.64394571467614, 113.01442570026774, -27.05684901060831], 3, 1.970658917434144e-09, 1.6140669607583601e-21

13, 18, 18, [-8.46264983949287, 26.957696086625052, -34.44258553965405, -1.1567358239473602, 33.13171277556102, 8.016138720890297, -33.20462310608773, -28.034368869497698, 20.297926815170044, 48.75899781611855, 12.837506870829632, -51.20050264781617, -55.57207138627405, 28.47389773936431, 92.63194617057862, -4.3460896415945545, -141.6432706462407, 113.01373018205837, -27.056655520138744], 3, 1.9463713052311987e-09, 1.6062865837403217e-21

13, 18, 18, [-8.462659333371015, 26.957764020292082, -34.44274866577235, -1.156648132724508, 33.131889980924576, 8.016056084054906, -33.204892785198105, -28.034426663925213, 20.298248059533424, 48.75934269156226, 12.837365868885795, -51.201109673120044, -55.57240487836703, 28.474498713335066, 92.63287703086823, -4.346513849205432, -141.64488943373314, 113.01534993901615, -27.05709881867641], 3, 1.835852594868189e-09, 1.5285056137377948e-21

13, 18, 18, [-8.462629580251646, 26.957558387209094, -34.44227566063637, -1.1568732308817358, 33.1313746876765, 8.016243935828884, -33.20414433256783, -28.034205440290204, 20.29742032135904, 48.7583669933499, 12.837642529715374, -51.19952820042249, -55.57142413034425, 28.47304574634927, 92.63041772960797, -4.345580449224287, -141.6407339528569, 113.01135698305622, -27.05603217879394], 3, 1.836826430972542e-09, 1.5373363829565187e-21

