14, 18, 8, [-16.948154972560673, 128.9527847023037, -577.210895029218, 1672.6362358615147, -3249.841048654459, 4228.855123774612, -3550.293613607036, 1743.5214394543789, -381.3359642564309], 40, 3.2532977721978763e-07, 2.6775643487060384e-19

14, 18, 8, [-16.948151607118213, 128.9527295246647, -577.2105001042331, 1672.6346241652784, -3249.836946705066, 4228.848456628358, -3550.2868553128724, 1743.51753312328, -381.3349785260843], 30, 4.474206918328881e-07, 3.624119879631481e-19

14, 18, 8, [-16.94815479258597, 128.9527819970095, -577.2108773731524, 1672.6361705715594, -3249.8408992054856, 4228.854907262487, -3550.2934201259504, 1743.5213422178583, -381.33594329982384], 35, 4.1390012285047776e-07, 3.3792278582261384e-19

14, 18, 8, [-16.94815491013009, 128.95278366243767, -577.2108874465752, 1672.6362042709418, -3249.8409664742762, 4228.854987180286, -3550.293472039243, 1743.52135585882, -381.33594273498414], 30, 4.284571772708321e-07, 3.480720383866443e-19

14, 18, 8, [-16.948152451117267, 128.9527436217071, -577.2106027838278, 1672.6350501663524, -3249.8380478473077, 4228.850272567361, -3550.288721281812, 1743.5186254589394, -381.3352574557897], 50, 3.7153145742239e-07, 3.066221286190244e-19

14, 18, 8, [-16.948154111561667, 128.95277039729532, -577.210791328936, 1672.6358074448901, -3249.839945412713, 4228.853310350392, -3550.2917555462377, 1743.5203544225808, -381.3356877709489], 50, 3.24074305729099e-07, 2.6988868895615912e-19

14, 18, 8, [-16.94815275804731, 128.95274845979563, -577.2106361286512, 1672.6351814474356, -3249.838370867615, 4228.850781344536, -3550.2892223637705, 1743.5189076626493, -381.33532705506644], 35, 3.640022698788304e-07, 3.007808460977811e-19

14, 18, 8, [-16.948153539089194, 128.95276102405285, -577.210724361104, 1672.6355347607255, -3249.839253292222, 4228.852189042695, -3550.2906231901843, 1743.5197027452934, -381.3355241327591], 40, 3.216503292407132e-07, 2.6710157940280943e-19

14, 18, 8, [-16.94815538999467, 128.95279177201908, -577.210947180694, 1672.6364547554172, -3249.8416205087246, 4228.856076093568, -3550.2946009830125, 1743.522022258373, -381.33611421480924], 30, 4.3701677588009585e-07, 3.5453618168924126e-19

14, 18, 8, [-16.948154350561897, 128.9527746588825, -577.2108241836537, 1672.6359507120371, -3249.840332376034, 4228.853973929881, -3550.2924616403693, 1743.5207809507258, -381.33579981935696], 40, 3.209303193622852e-07, 2.6690226293723387e-19

14, 18, 8, [-16.948153778801828, 128.95276513309733, -577.2107550512633, 1672.6356652259701, -3249.839598583251, 4228.852771689317, -3550.291235379854, 1743.520068962211, -381.33561963331806], 40, 3.1982914624760546e-07, 2.6513677204143526e-19

14, 18, 8, [-16.948154797525955, 128.95278199657744, -577.2108768572275, 1672.6361666454416, -3249.840885239031, 4228.854879121779, -3550.2933870664465, 1743.5213210257818, -381.33593755476045], 35, 4.0059142156646407e-07, 3.2800591604830096e-19

14, 18, 8, [-16.94815135510812, 128.95272566473102, -577.2104744069218, 1672.6345270917477, -3249.8367192672717, 4228.84811846165, -3550.286544018757, 1743.517371128464, -381.33494210197034], 35, 3.866914484577053e-07, 3.177446521333423e-19

14, 18, 8, [-16.948153441850508, 128.9527598455424, -577.2107188680303, 1672.6355241934596, -3249.839256115088, 4228.852241143613, -3550.290723296521, 1743.5197874026542, -381.3355521115851], 40, 3.3617414811808644e-07, 2.795726156141871e-19

14, 18, 8, [-16.948152866360847, 128.95275011226806, -577.2106470403002, 1672.635222136259, -3249.8384644494777, 4228.8509170197985, -3550.2893431240745, 1743.5189677566184, -381.33533977908456], 35, 3.597044574306563e-07, 2.9740205207792824e-19

14, 18, 8, [-16.948154281985488, 128.95277350316005, -577.2108157307555, 1672.635915641319, -3249.8402420359525, 4228.853825891112, -3550.292310851715, 1743.5206936210695, -381.3357777914034], 40, 3.2119787912553073e-07, 2.671419981077169e-19

14, 18, 8, [-16.948151717003455, 128.95273202783943, -577.2105230480663, 1672.6347383168925, -3249.8372893842534, 4228.849098155334, -3550.2875910029297, 1743.518007480742, -381.33511055165144], 40, 4.445029749403887e-07, 3.6037383793970344e-19

14, 18, 8, [-16.94815644138307, 128.95280869048952, -577.2110660431822, 1672.6369309834429, -3249.842810672228, 4228.857976022099, -3550.2964929986756, 1743.5230969134768, -381.3363807809017], 40, 3.276055308246661e-07, 2.6895421156544423e-19

14, 18, 8, [-16.948153513252198, 128.9527609530762, -577.2107263608418, 1672.6355530758017, -3249.8393255100145, 4228.852347591299, -3550.2908251279, 1743.5198429662148, -381.3355653563634], 40, 3.2235191290728486e-07, 2.6654401642805327e-19

14, 18, 8, [-16.948156237695358, 128.95280578223122, -577.211048280114, 1672.6368708064297, -3249.842688493328, 4228.857827199961, -3550.29639199366, 1743.5230670096892, -381.33638033763094], 40, 3.2115115520088365e-07, 2.6664203054785557e-19

14, 18, 8, [-16.948154400328182, 128.95277543254363, -577.210829512435, 1672.6359719746085, -3249.8403861452384, 4228.854062117301, -3550.2925531221167, 1743.5208357239062, -381.335814279559], 35, 4.014360649679883e-07, 3.286284904573398e-19

14, 18, 8, [-16.948155811569542, 128.95279842743616, -577.2109930657448, 1672.6366352283299, -3249.8420634892336, 4228.856771054995, -3550.295281618423, 1743.5224028017901, -381.33620722343784], 40, 3.640654353011813e-07, 3.0072174498069477e-19

14, 18, 8, [-16.948152932589416, 128.95275159744398, -577.2106605138376, 1672.6352886399707, -3249.838662734229, 4228.851285904637, -3550.28976360395, 1743.5192372515053, -381.33541433242954], 35, 3.707464461469094e-07, 3.0577800369863564e-19

14, 18, 8, [-16.948153994974344, 128.9527685453772, -577.2107784608332, 1672.6357563421675, -3249.83981851525, 4228.853108534076, -3550.291554749681, 1743.5202401292709, -381.3356592717284], 40, 3.2409081916284785e-07, 2.6987684592204934e-19

14, 18, 8, [-16.948153153306734, 128.95275474384445, -577.2106797543529, 1672.6353542079742, -3249.8387977770726, 4228.851455544753, -3550.289886988788, 1743.519281646314, -381.33541903688126], 13, 4.651468444948962e-07, 3.766901334318505e-19

14, 18, 8, [-16.94815362812633, 128.95276270563346, -577.2107379885548, 1672.63559686482, -3249.8394277976777, 4228.852499188467, -3550.290964141212, 1743.5199149435539, -381.33558142703623], 30, 4.344794709339144e-07, 3.5277000211678057e-19

14, 18, 8, [-16.948153969556405, 128.95276842772924, -577.2107798034335, 1672.6357709013155, -3249.839879061537, 4228.853245691426, -3550.291733580407, 1743.5203667708606, -381.33569716458175], 25, 4.5403524456755995e-07, 3.6730762707941327e-19

14, 18, 8, [-16.948155094687976, 128.95278681212739, -577.2109108964997, 1672.6363037259712, -3249.8412292279786, 4228.855429902995, -3550.293936571107, 1743.5216333415872, -381.33601497472097], 40, 3.2197548105537276e-07, 2.6809305236568095e-19

14, 18, 8, [-16.948153741492177, 128.95276485526006, -577.2107554220781, 1672.635676223861, -3249.8396502997375, 4228.852893570849, -3550.2913964611566, 1743.5201832677374, -381.3356536961013], 40, 4.0655492116290864e-07, 3.323427993111685e-19

14, 18, 8, [-16.948154515445975, 128.95277718945488, -577.210841100456, 1672.6360150415617, -3249.8404845538553, 4228.854203210309, -3550.2926764572576, 1743.520895352327, -381.3358263256631], 35, 4.468313987015672e-07, 3.6185032446955866e-19

