14, 18, 10, [-10.790843910044709, 47.69075369074889, -104.80304151417278, 94.42759485065397, 54.42648636096297, -177.25279020653807, 20.500512026034272, 292.3084887577557, -379.043639714739, 204.04008376914436, -42.50608702088472], 11, 2.5976596618105166e-08, 2.1686122825066418e-20

14, 18, 10, [-10.790844999747607, 47.690763596036085, -104.80307605511322, 94.42764464816254, 54.42649013278259, -177.2528816591236, 20.50055785383513, 292.3086386399372, -379.04389342838505, 204.04024247498353, -42.50612412020364], 13, 2.0244390091537313e-08, 1.7010508396342265e-20

14, 18, 10, [-10.790841125946548, 47.69072846503808, -104.80295376980601, 94.42746859388099, 54.42647670151341, -177.25255838939964, 20.500395665464172, 292.30810888218, -379.0429954054236, 204.03967981868038, -42.50599233080212], 14, 2.0395014471836606e-08, 1.6981255750504044e-20

14, 18, 10, [-10.790840970023526, 47.69072679113073, -104.80294695968058, 94.42745687616272, 54.42647827739198, -177.25253677528156, 20.50037985685558, 292.30807319959723, -379.0429241731301, 204.03963109471712, -42.505980108719754], 13, 2.0605220366264576e-08, 1.7165261474036916e-20

14, 18, 10, [-10.790842785711085, 47.69074318310424, -104.80300370005455, 94.4275378682323, 54.426485453566585, -177.2526854771079, 20.50045227972439, 292.3083168025413, -379.04333198733735, 204.0398844431977, -42.506038979351466], 14, 2.1271210921036052e-08, 1.7502833671573864e-20

14, 18, 10, [-10.790841651569703, 47.6907331871215, -104.80297002550147, 94.42749162083717, 54.42647897102363, -177.2526006556648, 20.50041579452164, 292.3081780939927, -379.0431103071723, 204.03975084330358, -42.50600876782136], 13, 2.3684050817835402e-08, 1.991017087497963e-20

14, 18, 10, [-10.790845896953154, 47.690772045465245, -104.80310670980592, 94.42769132905923, 54.426490252792924, -177.25296747600575, 20.500608100770553, 292.3087796069682, -379.04414856312246, 204.04040880045963, -42.506164416830686], 12, 2.0299180464700516e-08, 1.7069632684667186e-20

14, 18, 10, [-10.790840080806232, 47.690718907408865, -104.80292021365302, 94.42741975270893, 54.426473623316724, -177.25246867173337, 20.50034941940661, 292.3079617777753, -379.0427435324441, 204.03952113901428, -42.50595500938745], 10, 2.779619509806163e-08, 2.3045526653142427e-20

14, 18, 10, [-10.790840352168981, 47.69072161800978, -104.80293063288055, 94.42743675332382, 54.42647223358705, -177.25249996887615, 20.500370713490152, 292.30801332606825, -379.0428434538393, 204.03958874867388, -42.505971879455984], 12, 2.480777250240432e-08, 2.0792608262544672e-20

14, 18, 10, [-10.790839574548883, 47.69071411224925, -104.80290275120458, 94.42739311241314, 54.42647352717677, -177.2524196791221, 20.50032094491782, 292.30788128749344, -379.04259864981753, 204.03942713988667, -42.50593235268219], 13, 2.111793420236821e-08, 1.7401995430387592e-20

14, 18, 10, [-10.79084040871903, 47.69072214960266, -104.80293253186424, 94.42743953319795, 54.42647244512654, -177.25250508727328, 20.500373176200362, 292.3080217268001, -379.0428572278499, 204.03959707860938, -42.505973747649264], 14, 2.0435100737614683e-08, 1.7221608842608225e-20

14, 18, 10, [-10.790839717742895, 47.690715682021654, -104.80290924937552, 94.42740449761745, 54.426471751092734, -177.2524406820027, 20.500336845383206, 292.30791597777255, -379.04266917894074, 204.03947586108993, -42.505944674338075], 12, 2.182770964544196e-08, 1.8458618079754405e-20

14, 18, 10, [-10.790839034908727, 47.69070933682497, -104.80288656917715, 94.42737065829657, 54.42647073704828, -177.25237849071019, 20.500302431111407, 292.3078138995383, -379.042489060542, 204.03936024907716, -42.505917038090224], 13, 2.0655921167887063e-08, 1.7131407063746e-20

14, 18, 10, [-10.790837154329987, 47.69069198822879, -104.8028250248479, 94.42727970351586, 54.42646695450367, -177.25221138687323, 20.50021202008408, 292.3075397554526, -379.0420095899618, 204.03905393945809, -42.50584407104126], 13, 2.0710656190522905e-08, 1.7171403970282107e-20

14, 18, 10, [-10.790841908678333, 47.69073553335755, -104.80297825793168, 94.4275036218155, 54.4264796709707, -177.25262269619853, 20.500427326112543, 292.3082142333903, -379.04317267681176, 204.03979038230963, -42.50601812711854], 5, 2.951678220621459e-08, 2.431994477837323e-20

14, 18, 10, [-10.790842042229173, 47.69073637853559, -104.80297979249133, 94.42750304653326, 54.42648327728054, -177.2526215073968, 20.500419293383164, 292.308211908628, -379.043152421331, 204.03977136321296, -42.506012399073875], 5, 2.985582384064576e-08, 2.4571758508791618e-20

14, 18, 10, [-10.79083992363795, 47.690717553042255, -104.80291572751277, 94.42741365035205, 54.426472802995086, -177.2524575054698, 20.500344340248184, 292.3079435393591, -379.0427133224137, 204.03950226271758, -42.505950556545336], 15, 2.1896518572509797e-08, 1.7958797735700656e-20

14, 18, 10, [-10.790844045771722, 47.690754751059735, -104.80304451052346, 94.42759770717008, 54.42648858982282, -177.2527954036123, 20.500510355108343, 292.30849709153796, -379.04364404530753, 204.04008247155505, -42.50608586926881], 12, 2.037005763367153e-08, 1.718464616388949e-20

14, 18, 10, [-10.79084290373117, 47.6907442660008, -104.80300750583245, 94.42754338996599, 54.4264858590686, -177.25269563004835, 20.500457327488327, 292.3083334590386, -379.0433599261966, 204.0399017243144, -42.50604295922694], 12, 2.025349703693623e-08, 1.6981175059415006e-20

14, 18, 10, [-10.790839028572863, 47.690709191773095, -104.80288571728329, 94.42736871936594, 54.42647155872146, -177.25237490699251, 20.50029858838181, 292.30780794047433, -379.0424743027998, 204.0393491042226, -42.50591402703263], 12, 2.057682660596387e-08, 1.7397206811657695e-20

14, 18, 10, [-10.790842510776518, 47.6907411739256, -104.80299861189297, 94.4275344073379, 54.42648001000411, -177.2526792822968, 20.500459928431326, 292.30830715809117, -379.04333969858845, 204.03989884317193, -42.50604432275297], 12, 2.3437747680087204e-08, 1.971393835558587e-20

14, 18, 10, [-10.79084296720852, 47.69074522997916, -104.80301241552027, 94.42755367301956, 54.42648225235505, -177.25271462019418, 20.500476133092985, 292.3083649752047, -379.043434493008, 204.03995706543887, -42.506057740705174], 12, 2.2596982570454708e-08, 1.906933244437072e-20

14, 18, 10, [-10.79084234248877, 47.69073966495872, -104.80299342856412, 94.42752709060086, 54.42647924688243, -177.2526658489823, 20.500453635424407, 292.30828515740785, -379.0433034621321, 204.0398765952264, -42.506039213307524], 12, 2.032661080383241e-08, 1.698301614701989e-20

14, 18, 10, [-10.790841854132932, 47.69073493551757, -104.8029757885132, 94.4274993183885, 54.42648029591969, -177.25261475056973, 20.500421451274907, 292.30820110283963, -379.0431464088133, 204.03977244306137, -42.50601364274226], 13, 2.5723921830734753e-08, 2.1515315588649906e-20

14, 18, 10, [-10.790839385498588, 47.69071274962242, -104.80289936850127, 94.42739095399484, 54.42646977854826, -177.25241583479774, 20.50032637711582, 292.30787534271343, -379.04260487656285, 204.03943745346893, -42.50593607739071], 12, 2.061759352968993e-08, 1.742388238922125e-20

14, 18, 10, [-10.790840736583707, 47.69072510764644, -104.8029427814619, 94.4274542239274, 54.42647361807017, -177.25253205128536, 20.500386660461114, 292.3080658991236, -379.04293215474866, 204.0396441179987, -42.50598479918639], 13, 2.037336795049066e-08, 1.7033594631337187e-20

14, 18, 10, [-10.790841811192651, 47.690734823743185, -104.80297646776269, 94.4275024111819, 54.426477758618546, -177.25262053035837, 20.500430001875635, 292.30821086136586, -379.04317534809564, 204.03979538162926, -42.5060199819579], 12, 2.1469105151495193e-08, 1.8174358088324826e-20

14, 18, 10, [-10.790841597491445, 47.69073270121535, -104.80296835762704, 94.42748927913274, 54.42647869873938, -177.25259635547835, 20.50041385578416, 292.3081710530698, -379.04309891431404, 204.0397439478507, -42.50600720779384], 11, 2.3137352053887155e-08, 1.950690424800766e-20

14, 18, 10, [-10.790847319273196, 47.69078483193732, -104.8031507919018, 94.42775396752411, 54.42649609488681, -177.2530824474876, 20.500663655540553, 292.3089678989819, -379.0444631737651, 204.04060419771352, -42.50620984853892], 9, 2.9721433245760006e-08, 2.4501800220911968e-20

14, 18, 10, [-10.79084079152013, 47.69072532744791, -104.80294246059337, 94.42745157746805, 54.42647632600758, -177.252527099785, 20.500378161126488, 292.3080574996451, -379.0429045131118, 204.0396214903625, -42.50597840911471], 11, 2.438266081289335e-08, 2.0445804104962017e-20

