14, 18, 10, [-13.516682749211684, 79.65032107623522, -264.0107865748414, 520.0343515398931, -546.8475831172631, 44.57447172766799, 735.197501008878, -1100.594637728177, 805.1113989825866, -311.86659870887706, 51.26868708386312], 13, 4.062829927585689e-07, 3.29662060767609e-19

14, 18, 10, [-13.516682115147479, 79.65031337774829, -264.0107468643707, 520.0342414559047, -546.8474205961651, 44.574402548191266, 735.197315348876, -1100.5942527960576, 805.1110603818119, -311.86644701869847, 51.268658817539865], 14, 6.447441101971039e-07, 4.979716371975767e-19

14, 18, 10, [-13.516681971482232, 79.6503111108822, -264.0107325231726, 520.0341942388188, -546.8473381803673, 44.574352461596575, 735.1972301310057, -1100.5940355194368, 805.1108494008885, -311.8663452964385, 51.268638686177944], 14, 3.2061459631380496e-07, 2.6712486980980523e-19

14, 18, 10, [-13.51668177614088, 79.65030885777065, -264.01072149659024, 520.0341653438427, -546.8472983823591, 44.57433893668561, 735.1971826005392, -1100.5939463234474, 805.1107756272597, -311.8663140004539, 51.26863315131467], 14, 3.9403567910510196e-07, 3.210212128840112e-19

14, 18, 10, [-13.516679988539007, 79.65028787982331, -264.010617050921, 520.033886682216, -546.8469060747926, 44.574195190794335, 735.1967202621386, -1100.593052113428, 805.1100217607919, -311.86598864029605, 51.268574629462954], 13, 3.816896031810002e-07, 3.1195958808347084e-19

14, 18, 14, [-12.355286317994494, 63.369241850238645, -166.6845838508133, 205.98912119530254, -1.663054714238158, -263.8723487255263, 82.6046459268162, 355.47838063756654, -141.0829443123776, -518.4264853313986, 294.58031989419635, 729.0185255395642, -1109.894446403256, 603.8840643610425, -121.94648391000672], 6, 8.675183957167559e-08, 7.166962177039833e-20

14, 18, 10, [-13.51668168158889, 79.65030804209907, -264.010718946981, 520.0341628609401, -546.8473023564131, 44.57434944123777, 735.1971819918808, -1100.593968470922, 805.1108062059309, -311.8663315858593, 51.26863703831989], 14, 3.337705863560111e-07, 2.771967016551954e-19

14, 18, 10, [-13.516680669906517, 79.65029579078775, -264.0106559920427, 520.0339892672284, -546.8470481506633, 44.5742442942096, 735.1968894907218, -1100.5933715545198, 805.1102868231703, -311.86610137529294, 51.268594613774816], 15, 3.892685128063404e-07, 3.1787164457298407e-19

14, 18, 14, [-12.355277181453289, 63.36914455149064, -166.68417529373872, 205.98834280137274, -1.6627012011946996, -263.87138565892127, 82.60377417036307, 355.4769547180265, -141.08152422546135, -518.4241213500144, 294.57778760882695, 729.0150235512689, -1109.887299843405, 603.8796145456224, -121.9454913240801], 8, 9.407297647295422e-08, 7.789754659539153e-20

14, 18, 14, [-12.355282270739535, 63.36919832195399, -166.6843990682646, 205.98876416732233, -1.6628851720338387, -263.8719093434631, 82.60423073316511, 355.47772795429444, -141.08226303774265, -518.4253937372765, 294.5791029045626, 729.0169005918995, -1109.891047842114, 603.8819236034369, -121.94600194937775], 7, 1.0254221750385723e-07, 8.363981350826503e-20

14, 18, 10, [-13.51668351332426, 79.65032979959592, -264.01082865009033, 520.0344595904749, -546.8477273206114, 44.57451420712538, 735.1976773599497, -1100.5949505613144, 805.1116470031097, -311.8666994486537, 51.268704074185514], 12, 5.060010653951043e-07, 4.003258325634437e-19

14, 18, 10, [-13.516680547517744, 79.65029391584252, -264.0106443339756, 520.0339513057563, -546.8469824110101, 44.57420476836253, 735.1968212997432, -1100.5931987645658, 805.1101193288149, -311.8660206641198, 51.26857863918519], 15, 3.250442400743627e-07, 2.7067430671275597e-19

14, 18, 10, [-13.516679880705464, 79.65028634673828, -264.0106080597393, 520.0338588507926, -546.8468602880647, 44.574170422425745, 735.1966710011536, -1100.592936201083, 805.1099134249125, -311.8659379203586, 51.26856484073272], 15, 4.899748765302683e-07, 3.88898605846984e-19

14, 18, 10, [-13.51668027318038, 79.65029137416174, -264.0106353064947, 520.033938043831, -546.84698336589, 44.574230014082715, 735.1968073385931, -1100.5932382227159, 805.1101884730388, -311.86606451683133, 51.26858897935708], 15, 4.0149283939827823e-07, 3.2633757262150484e-19

14, 18, 10, [-13.516678887406385, 79.65027421765117, -264.01054513736386, 520.0336834062936, -546.8465995767671, 44.57405752466852, 735.1963742459066, -1100.5923159639, 805.1093656515694, -311.86569184461445, 51.26851889910791], 13, 3.9209475955416095e-07, 3.1968874139762183e-19

14, 18, 10, [-13.516680254937809, 79.65029087111529, -264.01063120724336, 520.0339222023762, -546.8469518984869, 44.57420654225702, 735.1967776280022, -1100.5931482742278, 805.110094609706, -311.86601677731414, 51.2685790957026], 12, 6.105664796455332e-07, 4.738644218458413e-19

14, 18, 10, [-13.516680081225644, 79.65028895070076, -264.01062236105446, 520.0339009840235, -546.846926805786, 44.57420393088096, 735.1967438481552, -1100.59310149939, 805.1100659828984, -311.86600893389686, 51.268578522249825], 13, 4.750432307619415e-07, 3.7844873593575953e-19

14, 18, 10, [-13.516682860300222, 79.65032195030395, -264.0107886262879, 520.0343501375623, -546.8475686426699, 44.5744505141431, 735.1974936244138, -1100.594580854159, 805.1113279273187, -311.86655896931893, 51.268678338712455], 15, 3.185723158720246e-07, 2.63744093930362e-19

14, 18, 10, [-13.516681243710499, 79.65030271047202, -264.01069140385715, 520.0340865070461, -546.8471898692998, 44.57430213546812, 735.1970530032753, -1100.593703218885, 805.1105744674197, -311.8662285541539, 51.26861800436656], 14, 3.204362563686331e-07, 2.650719793650588e-19

14, 18, 10, [-13.516680834041917, 79.65029729679294, -264.01066127392403, 520.0339968366351, -546.8470471360353, 44.57422928393723, 735.1968971021939, -1100.5933475009872, 805.1102458451626, -311.8660756899235, 51.26858860690484], 15, 3.522660968288227e-07, 2.8484033168559226e-19

14, 18, 14, [-12.355278727213182, 63.36916083846505, -166.68424279227, 205.9884690123547, -1.6627546975960095, -263.8715432393376, 82.60390736234277, 355.4771871656425, -141.08173801695222, -518.4245015944836, 294.57816674949134, 729.0155823767511, -1109.88838966516, 603.8802772823561, -121.9456361882148], 6, 9.850490331784573e-08, 7.901391182932906e-20

14, 18, 10, [-13.516680806453286, 79.65029731112223, -264.0106631016596, 520.034006799033, -546.847070104956, 44.57424873541225, 735.1969176100008, -1100.5934160457678, 805.1103187668992, -311.86611290545295, 51.26859627906487], 15, 3.3658145075738365e-07, 2.7936203206762085e-19

14, 18, 10, [-13.51668256719429, 79.65031804357362, -264.01076672117233, 520.0342845035061, -546.8474634384329, 44.57439598763562, 735.1973792160252, -1100.5943174116944, 805.1110834564447, -311.86644486369767, 51.268656333650256], 15, 3.7075313444507753e-07, 3.0429393206061774e-19

14, 18, 10, [-13.5166802598513, 79.65029080951074, -264.010630306382, 520.0339181582699, -546.8469434737939, 44.57420026880929, 735.196769511776, -1100.5931245999434, 805.1100707725618, -311.8660051352426, 51.26857679120845], 14, 3.943719127246364e-07, 3.2123843401249277e-19

14, 18, 10, [-13.51667986931526, 79.65028651230796, -264.0106104647978, 520.0338699275914, -546.8468842377808, 44.57418970155853, 735.1966928927948, -1100.5930064164786, 805.1099875507667, -311.8659757045749, 51.26857264538577], 13, 5.124368965947569e-07, 4.0484049165338576e-19

14, 18, 10, [-13.516680277997892, 79.6502914142895, -264.0106353803671, 520.0339377516957, -546.8469818592494, 44.57422783410309, 735.1968066522155, -1100.5932320935417, 805.1101803425007, -311.8660597098269, 51.26858786385714], 14, 3.3001943471672916e-07, 2.743409406307484e-19

14, 18, 10, [-13.516680137378264, 79.65028959095902, -264.0106253599742, 520.0339081549073, -546.8469349045605, 44.57420380601888, 735.1967555023207, -1100.593114723576, 805.1100712537168, -311.8660085995443, 51.268577954194846], 14, 3.602041359462423e-07, 2.966481498873823e-19

14, 18, 10, [-13.516683093975065, 79.65032459993061, -264.01080125851536, 520.0343819718566, -546.847609697553, 44.574460346140846, 735.1975453600455, -1100.5946661565238, 805.1113911768572, -311.86658261815603, 51.268681909124474], 14, 3.1776112678059154e-07, 2.6451215681637103e-19

14, 18, 10, [-13.516679459864834, 79.65028167846175, -264.0105862341802, 520.0338047672212, -546.8467915343692, 44.57415446731573, 735.1965844201575, -1100.592793174483, 805.109805872067, -311.8658965356791, 51.26855827044002], 15, 4.086332138855229e-07, 3.3116780438621515e-19

14, 18, 10, [-13.516681387699986, 79.65030448731589, -264.0107007285998, 520.0341128407171, -546.8472296194202, 44.574320123632276, 735.1970977747195, -1100.5937989804659, 805.110660154404, -311.86626746520835, 51.2686253390375], 13, 4.4071777848597343e-07, 3.541419766197259e-19

