14, 18, 9, [9800.69515698697, -59538.017328433125, 89647.678609207, 89156.14676370632, -197332.17851377354, -324517.2719845145, 406892.87490263034, 1105028.715950404, -2018871.7061946138, 911898.5650411104], 50, 0.21938586841340096, 1.436473172207436e-11

14, 18, 9, [9800.695126257317, -59538.01714041772, 89647.67832275365, 89156.14648375235, -197332.17787791637, -324517.270954324, 406892.8735777856, 1105028.7124126574, -2018871.6996565608, 911898.5620673157], 8, 0.21973239573311137, 1.436643531284571e-11

14, 18, 9, [9800.695147462306, -59538.01726993707, 89647.67851953843, 89156.14667688333, -197332.17831385197, -324517.2716631796, 406892.87448372645, 1105028.7148418613, -2018871.704132923, 911898.5640996883], 40, 0.21964351056596867, 1.4364761296206604e-11

14, 18, 8, [17089.06220420177, -120294.28498077161, 257767.11296610849, 19558.11139546864, -643273.0323112552, 56023.66233785204, 1931291.9158467415, -2472007.5581704313, 962776.5946497732], 4, 0.21314886638998398, 1.397639226493456e-11

14, 18, 9, [9800.695149493058, -59538.01728314727, 89647.67854160191, 89156.14669557751, -197332.17836593333, -324517.2717384853, 406892.8746005315, 1105028.7151183009, -2018871.7046895723, 911898.5643657714], 50, 0.2194493531093294, 1.4364056936385049e-11

14, 18, 9, [9800.695154514644, -59538.01731353292, 89647.6785870621, 89156.14674124171, -197332.17846550632, -324517.2719037175, 406892.8748044276, 1105028.71567804, -2018871.7057043102, 911898.5648217668], 3, 0.21945739434405967, 1.4359678324297393e-11

14, 18, 8, [17089.062204426482, -120294.2849826634, 257767.1129710187, 19558.111394647476, -643273.0323243279, 56023.66234225667, 1931291.9158883467, -2472007.5582313123, 962776.5946756672], 3, 0.21278453338389214, 1.3984100921054561e-11

14, 18, 9, [9800.69514461806, -59538.01725279629, 89647.67849406665, 89156.1466510384, -197332.17825833993, -324517.271570237, 406892.8743708015, 1105028.7145285918, -2018871.7035690704, 911898.563847463], 50, 0.219644766748239, 1.437746203511789e-11

14, 18, 9, [9800.695148670584, -59538.0172772175, 89647.67853037122, 89156.146687834, -197332.17833751146, -324517.27170261944, 406892.87453208596, 1105028.7149751638, -2018871.7043742, 911898.5642081052], 40, 0.2196776515955888, 1.4365175063782321e-11

14, 18, 9, [9800.695136929655, -59538.01720600942, 89647.67842341443, 89156.14658104947, -197332.17810252833, -324517.271314811, 406892.8740489111, 1105028.7136573205, -2018871.70197412, 911898.56312634], 3, 0.21953064492686558, 1.4357805503805793e-11

