14, 18, 18, [-18.722493663364993, 164.18075272374222, -890.8459636597781, 3319.508759821738, -8873.229736938714, 17122.28255300113, -22982.05057126119, 18537.47651304879, -2562.275463120578, -12420.281744914042, 11142.150162583626, 3621.9270690648805, -12080.416799465453, 3974.092397522594, 8945.352453006955, -12451.833577650426, 7438.648830772622, -2280.822021029692, 293.85898017870306], 4, 1.0106404341954712e-05, 1.5444192039687637e-16

14, 18, 18, [-18.722493679995857, 164.18075321518933, -890.8459701349841, 3319.5088099185614, -8873.229988684929, 17122.283407607167, -22982.052526783333, 18537.479346997967, -2562.2774281344664, -12420.282643064902, 11142.153000980292, 3621.9261679388082, -12080.41939051731, 3974.0948131550845, 8945.353931841863, -12451.837649802965, 7438.651990730347, -2280.8231859837147, 293.85915442286154], 4, 8.535423176801744e-06, 1.3687867976180923e-16

14, 18, 18, [-18.72249365545663, 164.18075251378082, -890.8459611691108, 3319.508742420731, -8873.229657687105, 17122.282308289607, -22982.05006097837, 18537.475843027634, -2562.2750670502783, -12420.28148156151, 11142.149547708083, 3621.92720070373, -12080.416226524863, 3974.091932846964, 8945.352108589304, -12451.832746218975, 7438.648207546241, -2280.821795651895, 293.85894687303164], 2, 1.0368305904520413e-05, 1.5807325193744914e-16

14, 18, 18, [-18.722493661886354, 164.1807526998222, -890.8459635882994, 3319.5087610289675, -8873.229751279709, 17122.282628235484, -22982.05080263842, 18537.476940320073, -2562.275861897593, -12420.281794075028, 11142.150672774253, 3621.9267905093125, -12080.417242713464, 3974.092953295085, 8945.35266614892, -12451.834429406546, 7438.6495526937215, -2280.822302564953, 293.8590241417985], 4, 8.787200334237378e-06, 1.399092936704274e-16

14, 18, 18, [-18.722493655956132, 164.1807525130327, -890.845960992748, 3319.5087400100174, -8873.229641300522, 17122.28224078115, -22982.04988364843, 18537.475555699064, -2562.274839067333, -12420.281411649366, 11142.149236810512, 3621.9273256527026, -12080.415947980275, 3974.091643997278, 8945.351957431738, -12451.832279135302, 7438.6478346174, -2280.8216557216365, 293.8589256602212], 4, 9.430314089737593e-06, 1.4687230925440926e-16

14, 18, 16, [-18.73571067111944, 164.6145948211881, -897.2987046484969, 3377.0279765886576, -9215.337957579593, 18549.903640221528, -27244.53864337345, 27576.929589473242, -15498.369499904631, -2187.1626321666813, 12436.068955523295, -9882.965075564864, 1735.4911602699176, 2847.6652363240414, -2506.4203231062306, 885.8942825515211, -123.76678877873427], 6, 1.5206077585258208e-06, 9.781248909036999e-17

14, 18, 18, [-18.722493655839894, 164.180752529932, -890.8459614618097, 3319.508745400119, -8873.229676643094, 17122.282387412015, -22982.05027953931, 18537.476225538525, -2562.275414396824, -12420.28152716391, 11142.149995495576, 3621.926951034805, -12080.416613961661, 3974.09243360096, 8945.352288754419, -12451.833513506639, 7438.648870230795, -2280.8220580692914, 293.8589884227899], 5, 1.948193567408477e-06, 6.359795508240276e-17

14, 18, 18, [-18.7224936811605, 164.1807532409394, -890.8459703580342, 3319.508810750767, -8873.22998844483, 17122.283391908288, -22982.052455990222, 18537.47918724148, -2562.2772496987272, -12420.282652681497, 11142.15278761825, 3621.926319882583, -12080.419212618102, 3974.094539648001, 8945.353861814887, -12451.837249323009, 7438.651628927026, -2280.823038889875, 293.8591306747927], 5, 1.027399110593978e-06, 5.449238795297233e-17

14, 18, 18, [-18.72249365819251, 164.1807525882231, -890.8459620848892, 3319.508749115758, -8873.229689798978, 17122.282413189507, -22982.05029340757, 18537.47617029949, -2562.2752856539746, -12420.281590694049, 11142.1498685987, 3621.927104866326, -12080.416520512246, 3974.092201443898, 8945.352277465787, -12451.833203816293, 7438.648562080191, -2280.821926489218, 293.8589664890688], 4, 8.75895344893844e-06, 1.394501309872547e-16

14, 18, 16, [-18.735710693127622, 164.6145954934764, -897.2987139535766, 3377.0280538208563, -9215.33838595424, 18549.905312364666, -27244.543340588523, 27576.93906873941, -15498.382739924646, -2187.151533427057, 12436.067663617643, -9882.975597080003, 1735.5069737566414, 2847.6527721874827, -2506.4143902006354, 885.8926653921515, -123.76659357094202], 5, 1.6282467604922688e-06, 9.898030434651743e-17

