14, 18, 11, [231.12927441461386, -1371.775453774843, 2212.2262971074215, 967.7650437021384, -3643.382599387455, -3315.1660130205505, 5140.360802284594, 9760.768588106721, -6377.258883220202, -23622.973315318683, 30735.721735890085, -10731.274288684792], 6, 0.00491781786860804, 4.9284142220083665e-15

14, 18, 11, [231.1292750163529, -1371.775457682509, 2212.226304333181, 967.7650456336463, -3643.3826123195513, -3315.1660221598163, 5140.3608233667455, 9760.768620865862, -6377.258913647288, -23622.973402032745, 30735.721862903207, -10731.274336281382], 10, 0.004918363497551727, 4.92846995226886e-15

14, 18, 10, [386.7542133693586, -2561.3224686863214, 5273.6212104103215, -566.8328860787057, -8957.340322012447, 357.4901248420441, 17835.31275493378, 915.2544234943249, -41030.07071837873, 41042.81228863261, -12706.923424781979], 2, 0.004764007689123402, 4.72562198479676e-15

14, 18, 10, [386.7542294293411, -2561.3225771961565, 5273.621442046338, -566.8329229561155, -8957.340720673756, 357.49016703773486, 17835.31357054829, 915.2544165691208, -41030.07262365914, 41042.81426989865, -12706.924056007629], 20, 0.004727426896222089, 4.696011459898261e-15

14, 18, 10, [386.75423876900015, -2561.3226384676236, 5273.621567840267, -566.8329362219196, -8957.340934297265, 357.490175006396, 17835.31399554639, 915.2544396453286, -41030.07360054535, 41042.815244523255, -12706.924356985248], 20, 0.004648607876307885, 4.650545793060662e-15

14, 18, 11, [231.12927938717593, -1371.7754840263092, 2212.2263485974795, 967.7650624657674, -3643.3826873721114, -3315.166084920147, 5140.3609353420925, 9760.768818002889, -6377.2590619266775, -23622.973895256637, 30735.722535732588, -10731.274578431383], 2, 0.004903738492279668, 4.929451273848298e-15

14, 18, 10, [386.7542033713743, -2561.3224029483913, 5273.621075024789, -566.8328711986142, -8957.340091849957, 357.49011491598975, 17835.31229593055, 915.2544011174872, -41030.06966178869, 41042.81123041998, -12706.92309699343], 25, 0.004697715393395113, 4.68038799459268e-15

14, 18, 11, [231.1292839431731, -1371.7755107786998, 2212.22639184893, 967.7650810635756, -3643.3827589262523, -3315.1661492402154, 5140.361037252683, 9760.769009225769, -6377.25918982428, -23622.97436057012, 30735.723145872566, -10731.27479254321], 5, 0.004916698636075992, 4.927505007869748e-15

14, 18, 11, [231.12927257962048, -1371.775443238736, 2212.226280660369, 967.7650358604681, -3643.3825728159745, -3315.1659874947445, 5140.360766209783, 9760.768515901693, -6377.258840628599, -23622.97314431044, 30735.72152067285, -10731.274215235815], 3, 0.0049132838617145114, 4.926552625193355e-15

14, 18, 11, [231.1292853843912, -1371.7755192587495, 2212.2264055918604, 967.7650869419194, -3643.3827816906437, -3315.166169654026, 5140.361069714042, 9760.769070033906, -6377.259230565733, -23622.97450858905, 30735.72333994146, -10731.274860608557], 6, 0.004918655049043229, 4.929708209366599e-15

