14, 18, 14, [1.4229356555034771, -77.30260468580433, 397.2519004535661, -803.7570800615727, 354.07042196498855, 1048.6980395286341, -871.2098147896191, -1607.6913641143326, 1406.517922548557, 2693.6289375792953, -2552.8582942585413, -4060.3406422596513, 7723.1275509880315, -4672.805165335048, 1020.2703693050947], 7, 5.4528515789892985e-05, 5.201169635905146e-17

14, 18, 14, [1.4229375130281425, -77.3026237748366, 397.2519774088702, -803.7572185428251, 354.0704710983434, 1048.6982206291714, -871.2099469696625, -1607.6916367632857, 1406.5181382779579, 2693.6293864016143, -2552.858693763886, -4060.3413152992644, 7723.128797554785, -4672.805913205344, 1020.2705319593289], 6, 5.6697652084794876e-05, 5.2617957893540356e-17

14, 18, 14, [1.422938930051908, -77.30263920747375, 397.2520436381075, -803.7573474782901, 354.07053123202974, 1048.6983857477762, -871.2100997179467, -1607.691890907764, 1406.5183960518582, 2693.62982382652, -2552.859170151483, -4060.3419867312123, 7723.130190247838, -4672.806794800964, 1020.2707318535961], 8, 5.252603811766454e-05, 5.1488259695522615e-17

14, 18, 14, [1.4229376771258642, -77.30262546686828, 397.25198426505483, -803.7572309941409, 354.0704757358952, 1048.6982368103154, -871.2099593585012, -1607.6916611484955, 1406.518158784162, 2693.629426867561, -2552.8587319792214, -4060.3413763088643, 7723.128914919848, -4672.8059852396045, 1020.2705479605362], 7, 5.408125261616687e-05, 5.189333630618112e-17

14, 18, 10, [-0.9606713347867871, -64.79094997501616, 441.37111356154224, -1324.2408795181311, 1980.9718203096922, -771.8556835060591, -2400.7892325529915, 4735.700887559079, -4028.535282311859, 1747.159024929459, -315.03602918158373], 13, 0.0001512370661996875, 1.5176071353733744e-16

14, 18, 14, [1.4229351789186673, -77.30259827295158, 397.25186763839463, -803.7570041745063, 354.07037037250234, 1048.697946125727, -871.2096916244215, -1607.6912137593583, 1406.5177075117927, 2693.6286574623664, -2552.857898589314, -4060.340195922125, 7723.126475774275, -4672.80444451007, 1020.2701992994726], 8, 5.363506586656585e-05, 5.1793747439592005e-17

14, 18, 14, [1.422937691942089, -77.30262599066333, 397.2519881168705, -803.7572422215876, 354.0704861528106, 1048.6982498561586, -871.2099834363968, -1607.691683200585, 1406.5182021048488, 2693.6294717799556, -2552.858812091597, -4060.3414507508805, 7723.129122234445, -4672.806131350214, 1020.2705836321919], 5, 5.659112689550481e-05, 5.25738299752016e-17

14, 18, 10, [-0.9606723533064488, -64.79093840884529, 441.3710580050222, -1324.2407373328645, 1980.971631549194, -771.855631370837, -2400.7889910276963, 4735.700460279981, -4028.5349403800574, 1747.1588839306874, -315.0360049118605], 15, 0.00014933221891858488, 1.5094642698436972e-16

14, 18, 10, [-0.9606725291299201, -64.7909362855227, 441.3710472222523, -1324.2407082822942, 1980.9715908792327, -771.855618031934, -2400.78893996822, 4735.700365867709, -4028.534863533893, 1747.1588521235542, -315.03599948263957], 20, 0.00014956379547324507, 1.5087974184910933e-16

14, 18, 14, [1.4229370293295738, -77.3026183271102, 397.2519532569804, -803.7571698019833, 354.0704461151554, 1048.6981586504494, -871.2098846781629, -1607.6915403295204, 1406.5180324275468, 2693.629217486658, -2552.8584989012156, -4060.341053868776, 7723.128238774747, -4672.805555741588, 1020.2704504287597], 6, 5.636349580240582e-05, 5.2530590233748705e-17

