14, 18, 12, [-18.829554951298924, 167.01575201963496, -926.31609574235, 3592.4708586554916, -10305.349625835843, 22511.42835561635, -37891.00350186225, 49042.691607169545, -48051.041230445684, 34499.64168183385, -17113.314702699474, 5234.253190139089, -742.6627954274136], 14, 0.004515411178677476, 2.1025979442046585e-15

14, 18, 12, [-18.8295549545385, 167.01575212525287, -926.3160972658434, 3592.4708715306565, -10305.349696937015, 22511.42862633703, -37891.004231816165, 49042.69301391616, -48051.04315680077, 34499.6435127974, -17113.315851097075, 5234.253617532329, -742.6628669018384], 6, 0.0045314484901136575, 2.110384653384326e-15

14, 18, 12, [-18.829554954000773, 167.01575210681364, -926.3160969860628, 3592.4708690480315, -10305.349682589436, 22511.42856939275, -37891.00407240526, 49042.69269613141, -48051.04270810672, 34499.64307425611, -17113.31556889166, 5234.253509972887, -742.6628485078547], 3, 0.004507783509960743, 2.1024604054953062e-15

14, 18, 12, [-18.829554951418558, 167.01575202255123, -926.31609577087, 3592.4708587888813, -10305.34962601243, 22511.42835424915, -37891.00349279564, 49042.69157930629, -48051.04117773394, 34499.64161736204, -17113.314652814202, 5234.253167871863, -742.6627910514126], 11, 0.004512074651704903, 2.1029903424286974e-15

14, 18, 12, [-18.82955495440433, 167.01575212247823, -926.3160972502438, 3592.470871610823, -10305.349698565837, 22511.428637078086, -37891.00427301833, 49042.693116835326, -48051.0433297651, 34499.64370743681, -17113.31599200305, 5234.2536769258395, -742.6628779886613], 7, 0.004508634253375496, 2.1033686283324715e-15

14, 18, 12, [-18.829554951270428, 167.01575201729435, -926.3160956926529, 3592.4708581368113, -10305.349622598567, 22511.4283424057, -37891.00346498295, 49042.691535288985, -48051.04113248184, 34499.641590164334, -17113.3146464921, 5234.2531697744525, -742.6627921184048], 11, 0.004510905276936618, 2.1036553785940455e-15

14, 18, 12, [-18.829554951760965, 167.01575203353843, -926.3160959277243, 3592.470860106988, -10305.34963328151, 22511.428382013968, -37891.00356827006, 49042.69172672706, -48051.041383446085, 34499.64181764353, -17113.314782104073, 5234.253217604038, -742.6627996781247], 4, 0.004533244928658745, 2.1111958322050635e-15

14, 18, 12, [-18.82955495258979, 167.01575206180365, -926.31609635152, 3592.470863808863, -10305.349654312931, 22511.428464080986, -37891.00379433841, 49042.69217070012, -48051.042001720445, 34499.64241426797, -17113.31516149763, 5234.253360591891, -742.662823869883], 12, 0.004524073752935619, 2.1049102062432157e-15

14, 18, 12, [-18.829554952452586, 167.01575205532205, -926.3160962306684, 3592.470862570455, -10305.349646349641, 22511.428429740496, -37891.003691541526, 49042.69195403047, -48051.04168096706, 34499.642087727705, -17113.31494379103, 5234.253275011703, -742.6628088342106], 10, 0.004516480246833593, 2.1052500723401385e-15

14, 18, 12, [-18.829554952980597, 167.01575207410718, -926.3160965225965, 3592.470865197029, -10305.349661627393, 22511.42849043961, -37891.00386095955, 49042.692289731516, -48051.04215095806, 34499.642542290036, -17113.315232754565, 5234.253383645781, -742.66282713431], 6, 0.004508433936507858, 2.1037291597350533e-15

14, 18, 12, [-18.8295549546607, 167.01575212859908, -926.3160973055857, 3592.470871796127, -10305.349698017542, 22511.428628991067, -37891.004235067136, 49042.69301276078, -48051.043145273594, 34499.64349266333, -17113.3158329252, 5234.253608798688, -742.6628651290536], 12, 0.004505022963748575, 2.1001667153747103e-15

14, 18, 12, [-18.82955495154399, 167.01575202453597, -926.3160957700123, 3592.4708585421654, -10305.349623383512, 22511.42833963744, -37891.00344160507, 49042.69145915499, -48051.04098548249, 34499.641409927906, -17113.31450823647, 5234.253109048633, -742.6627804346114], 11, 0.0045133673820295745, 2.1040234569439016e-15

14, 18, 12, [-18.82955495138285, 167.01575202226476, -926.3160957765405, 3592.4708588970157, -10305.34962683293, 22511.428357894743, -37891.00350340057, 49042.691600487655, -48051.04120728113, 34499.64164593226, -17113.314671225195, 5234.253175032177, -742.6627923279526], 12, 0.004517010099888733, 2.104185638248742e-15

14, 18, 12, [-18.829554953380477, 167.01575208826864, -926.3160967411236, 3592.4708671455255, -10305.34967285372, 22511.42853464602, -37891.0039834, 49042.69253087322, -48051.04248710299, 34499.642866576956, -17113.315438743946, 5234.253461156936, -742.662840223969], 9, 0.00452019947114565, 2.1073341306686325e-15

14, 18, 12, [-18.829554952867177, 167.01575207192144, -926.3160965132437, 3592.4708653078796, -10305.349663302144, 22511.42850090998, -37891.00390032391, 49042.69238714251, -48051.04231385681, 34499.64272504768, -17113.315364755184, 5234.253439163831, -742.6628374725461], 8, 0.004515565501610468, 2.1053893288508164e-15

14, 18, 12, [-18.829554954767694, 167.01575213294592, -926.3160973793711, 3592.4708725063883, -10305.349702395339, 22511.428647346896, -37891.00428904776, 49042.69312537147, -48051.043311147005, 34499.64366131118, -17113.31594550848, 5234.253653190524, -742.6628729616534], 11, 0.004507533774702407, 2.101218161402271e-15

14, 18, 12, [-18.829554952919366, 167.01575207154002, -926.3160964796066, 3592.4708648007477, -10305.349659340298, 22511.428481618084, -37891.00383742674, 49042.69224568392, -48051.042093244956, 34499.642490460945, -17113.3152023815, 5234.253373194515, -742.6628255351296], 5, 0.004514941377604872, 2.105302890134267e-15

14, 18, 12, [-18.829554953671085, 167.0157520969795, -926.3160968577063, 3592.4708680753038, -10305.349677803824, 22511.428553227786, -37891.004033823745, 49042.692630358106, -48051.04262839736, 34499.64300713863, -17113.315531556003, 5234.253497639486, -742.6628466770287], 7, 0.004526330364355056, 2.10876838165497e-15

14, 18, 12, [-18.829554952101876, 167.01575204501108, -926.316096098413, 3592.4708615896343, -10305.349641655224, 22511.428414441674, -37891.003656715264, 49042.69189827691, -48051.04161882331, 34499.64204093912, -17113.31492142924, 5234.253269041831, -742.6628081911899], 11, 0.004525055273813868, 2.1076205775231326e-15

14, 18, 12, [-18.829554953940946, 167.01575210380253, -926.3160969282519, 3592.4708684445213, -10305.34967865598, 22511.428552257705, -37891.004020735345, 49042.69258670164, -48051.042545706274, 34499.642908858754, -17113.31545877981, 5234.253466821745, -742.6628409610005], 3, 0.0045285884259046675, 2.110291302075251e-15

14, 18, 12, [-18.829554952187408, 167.01575204761463, -926.3160961330866, 3592.4708618593945, -10305.34964302947, 22511.428419278967, -37891.00366876244, 49042.69191960877, -48051.041645391415, 34499.642063554486, -17113.31493386008, 5234.25327297605, -742.6628087269912], 5, 0.004520212841532873, 2.106800684290944e-15

14, 18, 12, [-18.829554951116197, 167.01575201280943, -926.3160956327672, 3592.4708576408557, -10305.349619748866, 22511.428330558654, -37891.00342903325, 49042.691456222965, -48051.04100860583, 34499.64145601478, -17113.314551350028, 5234.253130090882, -742.6627847480964], 4, 0.004508472229766225, 2.1034386223432853e-15

14, 18, 12, [-18.82955495461717, 167.015752127346, -926.3160972908692, 3592.4708717079557, -10305.349697770658, 22511.42862909683, -37891.00423845603, 49042.69302567364, -48051.04317204984, 34499.64352692703, -17113.315859959024, 5234.253620900054, -742.6628674863193], 10, 0.004517116418394348, 2.105483838521211e-15

14, 18, 12, [-18.82955495200103, 167.01575204156606, -926.3160960457982, 3592.4708611191513, -10305.349638923899, 22511.428403598984, -37891.00362647339, 49042.69183838914, -48051.041534995755, 34499.641959818895, -17113.314869780268, 5234.253249571255, -742.6628048982238], 11, 0.004514626619809145, 2.1034131906761585e-15

14, 18, 12, [-18.82955495429679, 167.01575211584424, -926.316097109795, 3592.47087005092, -10305.349687929192, 22511.428589046143, -37891.0041236935, 49042.692791863046, -48051.04283516377, 34499.64319141719, -17113.315640279598, 5234.253535829184, -742.6628527254439], 10, 0.004516122346710446, 2.1051747446620597e-15

14, 18, 12, [-18.82955495371314, 167.0157520974152, -926.316096852317, 3592.4708679434257, -10305.349676650796, 22511.428547363543, -37891.004014302816, 49042.69258592232, -48051.04255848942, 34499.64293222327, -17113.315479295994, 5234.25347623165, -742.6628427690251], 3, 0.004496137864705299, 2.0999140241267518e-15

14, 18, 12, [-18.829554955338295, 167.01575215029118, -926.3160976145841, 3592.470874388888, -10305.349712305077, 22511.428683512033, -37891.00438291868, 49042.69330008825, -48051.043542748754, 34499.64387472479, -17113.316075382103, 5234.253700097148, -742.6628805719554], 12, 0.00452487991159274, 2.105985296608901e-15

14, 18, 12, [-18.829554953113735, 167.01575207841555, -926.3160965850558, 3592.4708657362785, -10305.34966473423, 22511.428503054412, -37891.003897915936, 49042.692368136624, -48051.04227000737, 34499.64266803632, -17113.315320279686, 5234.253419661813, -742.6628337609092], 7, 0.004520996254256176, 2.106493026996335e-15

14, 18, 12, [-18.82955495190201, 167.01575204023183, -926.3160960532923, 3592.4708614027995, -10305.349641670495, 22511.428418402007, -37891.0036777026, 49042.691958183765, -48051.041726945354, 34499.64216796547, -17113.315015979708, 5234.253309643187, -742.6628158658737], 3, 0.004516626974038098, 2.1064090601126395e-15

14, 18, 12, [-18.82955495426031, 167.0157521156546, -926.3160971190049, 3592.4708702149755, -10305.349689256345, 22511.428595560785, -37891.004144929364, 49042.69283947202, -48051.04290908462, 34499.643269628024, -17113.31569412842, 5234.253557588029, -742.6628566411326], 11, 0.0045162488274807676, 2.1044101805389764e-15

