14, 18, 9, [-17.989491875259365, 148.0954951492024, -733.2428752169183, 2412.8008739215934, -5501.7860568653505, 8786.186336326431, -9685.127643257001, 7040.86088495514, -3043.8804015277465, 593.5275201423092], 13, 3.4784693927544954e-05, 1.535107419345146e-17

14, 18, 9, [-17.98949193809544, 148.09549630048804, -733.2428845252548, 2412.8009175135276, -5501.786187186509, 8786.186594269933, -9685.127981294865, 7040.861167813953, -3043.880538666871, 593.5275494954766], 3, 3.440266623047632e-05, 1.5209117149494278e-17

14, 18, 9, [-17.989491811227914, 148.09549389202226, -733.2428643397315, 2412.8008194943036, -5501.785883292201, 8786.18597046654, -9685.127133528924, 7040.860432264125, -3043.880168951838, 593.5274674680409], 12, 3.47802363050861e-05, 1.5360877563064275e-17

14, 18, 9, [-17.989491917675043, 148.09549590662985, -733.2428811718644, 2412.8009009631273, -5501.786134982719, 8786.186485093074, -9685.127829852216, 7040.861033414138, -3043.8804694028663, 593.5275336981274], 11, 3.46486779716057e-05, 1.5311373254223827e-17

14, 18, 9, [-17.98949222057939, 148.09550158281382, -733.2429281827494, 2412.801126835883, -5501.786828869449, 8786.18789863785, -9685.129739588818, 7040.862683612142, -3043.881297063822, 593.5277173005362], 13, 3.482998678015496e-05, 1.5371653127036613e-17

14, 18, 9, [-17.989492055002273, 148.09549856646098, -733.2429039529164, 2412.8010142110097, -5501.786495094273, 8786.187244729292, -9685.12889289898, 7040.86198511154, -3043.8809640130685, 593.5276473982577], 8, 3.4808723643265145e-05, 1.5359392104216503e-17

14, 18, 9, [-17.989492017070884, 148.09549782581297, -733.2428975767034, 2412.8009824236733, -5501.786393899531, 8786.187031271058, -9685.128594407748, 7040.8617181802365, -3043.880825444001, 593.5276155746943], 9, 3.476147290812518e-05, 1.5363814440915632e-17

14, 18, 9, [-17.989491845367585, 148.09549456983592, -733.2428702665854, 2412.800849445634, -5501.785979681196, 8786.186175311099, -9685.127421007906, 7040.86068918655, -3043.8803016484508, 593.5274976497249], 13, 3.482065232182632e-05, 1.53779382609258e-17

14, 18, 9, [-17.989492219546197, 148.0955016481924, -733.2429294613896, 2412.80113668655, -5501.7868710106895, 8786.188009646028, -9685.12992478893, 7040.862875082648, -3043.881409331831, 593.5277459017801], 20, 3.486061456158998e-05, 1.5377840972274607e-17

14, 18, 9, [-17.98949191258088, 148.09549577631444, -733.2428798186914, 2412.800893224359, -5501.786107670865, 8786.186422817642, -9685.127737559398, 7040.860947343021, -3043.880423438538, 593.5275229665704], 5, 3.4674561807945875e-05, 1.5289202764528364e-17

14, 18, 9, [-17.989492048356823, 148.0954983212537, -733.2429008999482, 2412.80099453336, -5501.786418988829, 8786.187057325824, -9685.128595439337, 7040.861689432658, -3043.8807961779125, 593.5276058077712], 11, 3.464324196346274e-05, 1.5300813128411665e-17

14, 18, 9, [-17.989491939313478, 148.09549629341566, -733.2428842534706, 2412.8009153525677, -5501.786178448726, 8786.18657327295, -9685.127950057076, 7040.861139570751, -3043.8805244729524, 593.5275464680639], 10, 3.467818582376421e-05, 1.5319285025696578e-17

14, 18, 9, [-17.989492326104845, 148.09550363762418, -733.2429458417207, 2412.8012147534196, -5501.7871083424525, 8786.188486932717, -9685.130559724666, 7040.863413851301, -3043.881673928442, 593.5278032018805], 6, 3.4662014764248344e-05, 1.5318221019966374e-17

14, 18, 9, [-17.989491815757038, 148.09549400048806, -733.2428654540751, 2412.800825956495, -5501.785906672139, 8786.186025345256, -9685.127217304931, 7040.860512636113, -3043.880213000469, 593.5274779913809], 7, 3.466705686079797e-05, 1.531665001783613e-17

14, 18, 9, [-17.989491917965687, 148.09549594034152, -733.2428817129532, 2412.800904965072, -5501.786152053727, 8786.18653060182, -9685.127907234735, 7040.861115253199, -3043.880518584651, 593.5275465514812], 5, 3.4742210955032306e-05, 1.5386494700960612e-17

14, 18, 9, [-17.98949210533257, 148.09549944622339, -733.242910704324, 2412.801044024118, -5501.7865784232345, 8786.187397225149, -9685.129074973092, 7040.862121159707, -3043.881021269082, 593.5276575946949], 15, 3.47277533350235e-05, 1.5352283506074955e-17

14, 18, 9, [-17.989491784751543, 148.09549339598473, -733.2428602092058, 2412.8007994103164, -5501.7858204030945, 8786.185838886053, -9685.126949542628, 7040.860266488548, -3043.88008164711, 593.5274470045639], 10, 3.478199441948298e-05, 1.5345909267508074e-17

14, 18, 9, [-17.989491918600084, 148.09549585097392, -733.2428801373228, 2412.800893397948, -5501.786104302582, 8786.186408580097, -9685.127709161665, 7040.860915601379, -3043.880404271217, 593.527518076393], 9, 3.484244336116949e-05, 1.537494411380952e-17

14, 18, 9, [-17.989491883489187, 148.0954953037114, -733.2428765269099, 2412.800880503611, -5501.7860784250015, 8786.186383925904, -9685.127713833434, 7040.860952472018, -3043.880439215795, 593.5275294688183], 5, 3.44003436099625e-05, 1.529414630409466e-17

14, 18, 9, [-17.989492086496263, 148.09549908802765, -733.2429076798354, 2412.801029150319, -5501.786531505614, 8786.18729884871, -9685.128937947466, 7040.861998975936, -3043.880958012989, 593.5276431142569], 3, 3.422140397256154e-05, 1.5212875551631327e-17

14, 18, 9, [-17.989491963187227, 148.09549669974209, -733.242887248495, 2412.800927818235, -5501.786210387196, 8786.186624498909, -9685.12799940697, 7040.861164093918, -3043.880527230622, 593.5275448697631], 20, 3.487525990696248e-05, 1.538965754315362e-17

14, 18, 9, [-17.989492114849266, 148.09549956235097, -733.2429111595756, 2412.801043834699, -5501.786570754696, 8786.18736766984, -9685.129016965127, 7040.862056098936, -3043.880981501567, 593.5276472696701], 6, 3.4735439562950903e-05, 1.5346942905199693e-17

14, 18, 9, [-17.98949229258639, 148.09550300161544, -733.2429405524884, 2412.801189446224, -5501.78703156696, 8786.18833380241, -9685.130358991655, 7040.863247178691, -3043.881594451799, 593.5277866396306], 5, 3.464661529378991e-05, 1.5322513561769945e-17

14, 18, 9, [-17.989492032826806, 148.09549807792692, -733.2428992926917, 2412.8009888237575, -5501.78640775752, 8786.187047474938, -9685.12859986244, 7040.861708594384, -3043.880813445527, 593.5276113192951], 11, 3.4719626794444585e-05, 1.5334439943030194e-17

14, 18, 9, [-17.98949187971806, 148.0954952923666, -733.2428769292, 2412.8008848371555, -5501.786099140213, 8786.186441216178, -9685.12781157629, 7040.861054419772, -3043.880499050621, 593.5275446524021], 4, 3.4656499748851895e-05, 1.5355822653889157e-17

14, 18, 9, [-17.989491996519728, 148.09549741495914, -733.2428939440074, 2412.800963797475, -5501.786332912755, 8786.186899105596, -9685.128404904814, 7040.86154485911, -3043.8807336950135, 593.5275941563552], 11, 3.4717109435184215e-05, 1.534360026695285e-17

14, 18, 9, [-17.989491933155943, 148.09549623462038, -733.2428842200236, 2412.800917295211, -5501.786190642403, 8786.18661031866, -9685.128015968747, 7040.861209713715, -3043.880566025942, 593.5275570503683], 13, 3.4794618078107574e-05, 1.5360778914041274e-17

14, 18, 9, [-17.989491993139186, 148.09549736024414, -733.2428935621184, 2412.800962302196, -5501.786329346803, 8786.186893887365, -9685.128400534844, 7040.861543309561, -3043.8807339826294, 593.5275944435076], 5, 3.4823014007233275e-05, 1.538110653540353e-17

14, 18, 9, [-17.989491906399234, 148.0954956884513, -733.2428793015737, 2412.800891641479, -5501.786105219091, 8786.186421969729, -9685.127740951782, 7040.860953258926, -3043.880427428794, 593.5275239735815], 3, 3.450692067852147e-05, 1.5295428114744538e-17

14, 18, 9, [-17.989491866678602, 148.0954948555157, -733.2428716700929, 2412.8008514677904, -5501.785971111104, 8786.186127216522, -9685.12731400229, 7040.860559918447, -3043.880218142899, 593.5274749444329], 5, 3.48160453230453e-05, 1.5399136115593968e-17

