14, 18, 13, [-18.825678646449138, 167.14368660092777, -929.1785115727484, 3622.597679995642, -10505.084784366303, 23421.95066761214, -40858.73706183158, 56079.72374569641, -60226.40776372647, 49714.20809755727, -30484.51717053858, 13072.752161558567, -3493.7967131867567, 437.17382485539724], 11, 1.672246466520091e-07, 4.475932098897367e-16

14, 18, 13, [-18.825678646830013, 167.14368661622782, -929.1785118438012, 3622.5976828001194, -10505.084803281634, 23421.950755573485, -40858.737352679025, 56079.72444000265, -60226.408963811984, 49714.20958512341, -30484.518459235707, 13072.752902211985, -3493.7969668530177, 437.17386403217165], 9, 2.769635859515942e-07, 5.784286142949508e-16

14, 18, 13, [-18.825678646887546, 167.14368661882554, -929.178511888107, 3622.5976832035367, -10505.084805523391, 23421.950763654502, -40858.73737191604, 56079.724469343026, -60226.40898835999, 49714.20958605729, -30484.518436729577, 13072.752876959225, -3493.7969542902915, 437.1738615257145], 10, 2.429980692663262e-07, 5.385589432310673e-16

14, 18, 13, [-18.825678648081684, 167.14368666329136, -929.1785126240486, 3622.5976903714186, -10505.084851388665, 23421.950967501074, -40858.73802037523, 56079.72596704491, -60226.411504800526, 49714.21262994365, -30484.521018078252, 13072.754332965691, -3493.797444705195, 437.1739361387013], 11, 1.5189386289856524e-07, 4.3279798158928116e-16

14, 18, 13, [-18.825678647580382, 167.14368664366458, -929.1785122846396, 3622.5976869365945, -10505.084828667554, 23421.95086354658, -40858.737681125946, 56079.72516550233, -60226.41013038551, 49714.21093678029, -30484.519558343214, 13072.753497265181, -3493.797159416546, 437.17389220451753], 9, 2.741495555387934e-07, 5.749887407605085e-16

14, 18, 13, [-18.82567864626949, 167.143686594537, -929.1785114731773, 3622.5976791071594, -10505.084779334873, 23421.95064866528, -40858.73701369394, 56079.72366465485, -60226.40768050859, 49714.20806248076, -30484.517196863915, 13072.752207921229, -3493.7967392864343, 437.1738303912208], 10, 2.0360492465324511e-07, 4.929505254418375e-16

14, 18, 16, [-18.8260331025367, 167.1571741152624, -929.390159928682, 3624.26461784174, -10510.038341919679, 23393.157934718878, -40456.73501816808, 53777.08725111062, -51816.93210297303, 28156.396058314007, 9629.294295145906, -41565.297609654, 50524.066183737494, -37321.877065369976, 17695.267885512596, -4987.601472980994, 639.0080768869966], 7, 9.117113516841594e-09, 1.382841830410776e-17

14, 18, 13, [-18.82567864757943, 167.14368664587934, -929.1785123573951, 3622.5976879821333, -10505.084837409408, 23421.950911047374, -40858.73785824093, 56079.72563117644, -60226.41100211522, 49714.21209233392, -30484.52061835192, 13072.754137232585, -3493.7973881595103, 437.173928872452], 8, 3.1692097692840566e-07, 6.243542290523576e-16

14, 18, 13, [-18.825678648100272, 167.14368666454666, -929.1785126531167, 3622.5976907243225, -10505.08485404323, 23421.950980911573, -40858.7380678394, 56079.72608721206, -60226.411723654885, 49714.21291432577, -30484.5212752135, 13072.754486610385, -3493.7974992204195, 437.17394483292935], 10, 1.9902832091972055e-07, 4.8721437118098925e-16

14, 18, 13, [-18.825678647204775, 167.14368662817262, -929.1785120070533, 3622.597684064699, -10505.08480943928, 23421.950775187055, -40858.73739325097, 56079.72448969252, -60226.408983247755, 49714.209541885975, -30484.51837396692, 13072.752830626812, -3493.7969359712597, 437.1738584531097], 7, 3.3591337527054816e-07, 6.47253647294581e-16

14, 18, 13, [-18.825678647684494, 167.14368664952093, -929.1785124140134, 3622.597688504674, -10505.084840594473, 23421.950924582605, -40858.73789958031, 56079.72572334965, -60226.41115265547, 49714.21227072225, -30484.520767749036, 13072.75422108608, -3493.797416453745, 437.17393320884634], 11, 2.0077489236624328e-07, 4.896401413607635e-16

14, 18, 13, [-18.82567864644784, 167.1436866019525, -929.1785116059588, 3622.5976804599463, -10505.08478812198, 23421.95068730546, -40858.73713266035, 56079.723925492064, -60226.40808925208, 49714.20851580026, -30484.517543226633, 13072.752380588738, -3493.796789538854, 437.17383681150244], 9, 2.9466693954495754e-07, 5.982102319644529e-16

14, 18, 13, [-18.82567864621316, 167.14368658969892, -929.1785113498811, 3622.597677506562, -10505.08476667428, 23421.950582248955, -40858.73677197808, 56079.72304014409, -60226.40652645224, 49714.20654738883, -30484.51581707202, 13072.751379375706, -3493.796444317047, 437.1737832428681], 11, 2.9530313660607203e-07, 5.987212252632302e-16

14, 18, 13, [-18.825678647174378, 167.14368662841696, -929.178512032596, 3622.597684505409, -10505.084813350955, 23421.950796778816, -40858.737473276655, 56079.72469621043, -60226.409359642086, 49714.210024960375, -30484.518801248683, 13072.753078566006, -3493.7970209173523, 437.1738714739433], 8, 3.1387631666217503e-07, 6.202337635333189e-16

14, 18, 13, [-18.825678647614566, 167.14368664654637, -929.1785123623038, 3622.597687999671, -10505.084837456334, 23421.95091134884, -40858.73786034777, 56079.72564018145, -60226.41102624353, 49714.21213453454, -30484.520666770655, 13072.754172459954, -3493.7974029235506, 437.1739315897397], 9, 3.1353551769872153e-07, 6.205238805674085e-16

14, 18, 13, [-18.825678646586663, 167.14368660449963, -929.1785116078192, 3622.5976801243164, -10505.084783963495, 23421.950660937644, -40858.737026697985, 56079.723635824375, -60226.40753586346, 49714.20777488999, -30484.516860860775, 13072.751968407345, -3493.7966424312817, 437.1738132904023], 9, 2.971206370479981e-07, 6.010578746250573e-16

14, 18, 13, [-18.825678646883755, 167.1436866167609, -929.1785118288516, 3622.5976824381014, -10505.084799717326, 23421.950734852777, -40858.73727332313, 56079.72423012228, -60226.408573167864, 49714.20907373145, -30484.51799781597, 13072.752628845961, -3493.796871100281, 437.17384900085966], 11, 1.7541552998186715e-07, 4.599810601329888e-16

14, 18, 13, [-18.825678645979522, 167.14368658128464, -929.178511214688, 3622.597676218847, -10505.084758548048, 23421.95054634958, -40858.73665774403, 56079.722775029746, -60226.406077609165, 49714.20599963675, -30484.515348399113, 13072.751112890634, -3493.796353975479, 437.17376943650385], 9, 3.056281214017463e-07, 6.102952147361726e-16

14, 18, 13, [-18.825678646835307, 167.14368661551373, -929.1785118154618, 3622.597682356937, -10505.084799378947, 23421.9507336413, -40858.73726908808, 56079.724217086805, -60226.408542697514, 49714.20902358967, -30484.5179420892, 13072.752589106387, -3493.796854689382, 437.17384601645375], 10, 1.8225792013740403e-07, 4.683864957241209e-16

14, 18, 13, [-18.825678646855177, 167.14368661678537, -929.1785118431748, 3622.5976826778483, -10505.084801708854, 23421.950745117945, -40858.73730902096, 56079.7243171152, -60226.40872382396, 49714.209258446725, -30484.51815455957, 13072.752716371433, -3493.79690001135, 437.1738532765905], 9, 2.6588770316596355e-07, 5.657395910249115e-16

14, 18, 13, [-18.82567864780006, 167.14368665462808, -929.1785125114562, 3622.597689565985, -10505.084847991498, 23421.95095961076, -40858.73801615089, 56079.72600078531, -60226.41162707005, 49714.21284883971, -30484.521257588814, 13072.754495298072, -3493.79750763068, 437.1739468457182], 9, 2.585903527182153e-07, 5.566741162903375e-16

14, 18, 13, [-18.82567864696193, 167.14368662045342, -929.1785118978546, 3622.5976831443386, -10505.084804231376, 23421.950754139252, -40858.73733049777, 56079.724349872886, -60226.40875089753, 49714.209258363575, -30484.518127842948, 13072.752687072489, -3493.796885642252, 437.1738504513878], 10, 1.487484872055471e-07, 4.288823315587575e-16

14, 18, 13, [-18.825678646065253, 167.14368658712965, -929.1785113543934, 3622.5976779770913, -10505.084772159078, 23421.95061641089, -40858.736908034654, 56079.7234096525, -60226.40722816178, 49714.20748122194, -30484.516671706057, 13072.751892202938, -3493.796626078912, 437.1738120957924], 10, 2.2817639275003149e-07, 5.213369371524191e-16

14, 18, 13, [-18.825678646414467, 167.14368659974468, -929.1785115549986, 3622.5976798413644, -10505.084783485596, 23421.950664075135, -40858.73705144481, 56079.72372299758, -60226.407726791156, 49714.20805347281, -30484.51713316955, 13072.752140335468, -3493.79670596989, 437.17382374780993], 7, 3.41200628258946e-07, 6.518797802439465e-16

14, 18, 13, [-18.825678646459103, 167.14368660008856, -929.1785115386411, 3622.5976794755666, -10505.084779914283, 23421.950643200707, -40858.736970642276, 56079.72350643155, -60226.40731767547, 49714.207509317064, -30484.516633915773, 13072.751839365736, -3493.796598632398, 437.1738065816811], 5, 3.338859366911685e-07, 6.437478732328659e-16

14, 18, 13, [-18.825678646077748, 167.14368658810508, -929.1785113790038, 3622.5976782915213, -10505.08477458107, 23421.950628684743, -40858.73695096827, 56079.723515992584, -60226.407416417635, 49714.20771815059, -30484.516878887833, 13072.752011927556, -3493.7966672035195, 437.1738184557786], 12, 2.2338655237083235e-07, 5.109776880599452e-16

14, 18, 16, [-18.826033105009714, 167.15717421940386, -929.3901618767397, 3624.264639302818, -10510.038497463434, 23393.15871800718, -40456.73783089154, 53777.09448146712, -51816.94507998517, 28156.410833740858, 9629.288050223558, -41565.308708219825, 50524.09124689081, -37321.902186696694, 17695.28256050457, -4987.606310039022, 639.0087772092542], 4, 4.765287945728897e-08, 5.745361218165765e-17

14, 18, 13, [-18.82567864685403, 167.1436866164406, -929.1785118354638, 3622.5976826075357, -10505.084801396306, 23421.950744631882, -40858.73731087334, 56079.724329850476, -60226.40875981472, 49714.20931962625, -30484.518221162292, 13072.75276202601, -3493.7969180263226, 437.17385640458866], 10, 1.9525350335860115e-07, 4.833301819933886e-16

14, 18, 13, [-18.8256786464799, 167.14368660352926, -929.1785116379077, 3622.5976808248847, -10505.084790773879, 23421.95070034883, -40858.73717764683, 56079.724036382744, -60226.408285785, 49714.20876445512, -30484.51776251319, 13072.752508727153, -3493.7968341500305, 437.1738438188087], 11, 1.560115297484183e-07, 4.3538852983262835e-16

14, 18, 16, [-18.826033103436068, 167.1571741530144, -929.3901606264815, 3624.2646253980174, -10510.038395625557, 23393.15819993503, -40456.735953785304, 53777.089621423605, -51816.93631347603, 28156.40082832776, 9629.29226626256, -41565.301162968586, 50524.07430793512, -37321.885317599634, 17695.272787060443, -4987.603120977265, 639.0083209544983], 4, 4.687530293508027e-08, 5.6706402220996e-17

