14, 18, 8, [98.3397097663835, -1670.5139282876862, 11714.43343080934, -46300.31892768134, 113727.94196403233, -178220.48070570017, 174173.07483682226, -97097.57438257497, 23645.33451122155], 6, 2.155546924980258e-05, 1.0670515429168913e-13

14, 18, 8, [98.33970915105553, -1670.5139180661845, 11714.433356749356, -46300.31862197872, 113727.9411777413, -178220.4794152469, 174173.07351709405, -97097.57361361754, 23645.334315776923], 6, 2.1563710921574614e-05, 1.0667696255138643e-13

14, 18, 8, [98.33970982860157, -1670.5139292854433, 11714.433437840475, -46300.31895612351, 113727.94203626612, -178220.48082361493, 174173.0749576, -97097.57445351033, 23645.334529500895], 10, 2.160335830728798e-05, 1.0672267735178472e-13

14, 18, 8, [98.33970994192507, -1670.5139310546112, 11714.433449800046, -46300.3190017951, 113727.94214386855, -178220.48098344493, 174173.07510335598, -97097.57452781795, 23645.33454561469], 15, 2.1593510243520797e-05, 1.066781940530546e-13

14, 18, 8, [98.33971024830227, -1670.5139359554416, 11714.433484043811, -46300.31913833277, 113727.94248371263, -178220.48152424957, 174173.0756407689, -97097.57483277137, 23645.334621279864], 4, 2.157205654107144e-05, 1.0674549210496633e-13

14, 18, 8, [98.33970962940889, -1670.5139258902702, 11714.433412634166, -46300.31884964712, 113727.94175632435, -178220.48035446802, 174173.07446812233, -97097.57416278895, 23645.334454232747], 8, 2.1562962393948254e-05, 1.0666876852327377e-13

14, 18, 8, [98.3397100886975, -1670.513933560187, 11714.433468482373, -46300.319081232796, 113727.94235447318, -178220.48133984164, 174173.07547921492, -97097.57475362875, 23645.334604777672], 2, 2.1580532967375382e-05, 1.0703162526542136e-13

14, 18, 8, [98.33970944713506, -1670.5139230437064, 11714.433393251316, -46300.31877447809, 113727.94157471051, -178220.4800745072, 174173.07419919354, -97097.574015589, 23645.334419077994], 10, 2.1595588845948197e-05, 1.0670974060611037e-13

14, 18, 8, [98.33970851920611, -1670.5139079552396, 11714.433286181542, -46300.31834140583, 113727.94048266433, -178220.47831655317, 174173.0724349434, -97097.57300637632, 23645.33416713944], 6, 2.1591441080004573e-05, 1.0670234951779772e-13

14, 18, 8, [98.33971083581251, -1670.5139455212739, 11714.433551963686, -46300.31941300465, 113727.94317568175, -178220.48263626423, 174173.07675399602, -97097.57546750072, 23645.334779092766], 7, 2.159699214957174e-05, 1.0676381656290774e-13

14, 18, 8, [98.33971058909833, -1670.5139415674562, 11714.43352434526, -46300.31930317031, 113727.94290368336, -178220.48220672837, 174173.07633156606, -97097.57523094551, 23645.33472134085], 4, 2.1546706916985564e-05, 1.065819423418123e-13

14, 18, 8, [98.3397103302092, -1670.5139374460873, 11714.433495678773, -46300.31918936975, 113727.94262164281, -178220.4817598269, 174173.07588941045, -97097.5749811942, 23645.334659675045], 11, 2.157335538529848e-05, 1.0665587677701971e-13

14, 18, 8, [98.33970990489854, -1670.513930532438, 11714.433446726352, -46300.31899217935, 113727.94212738005, -178220.48097044148, 174173.07510493847, -97097.57453768622, 23645.334550462547], 15, 2.1604345807676167e-05, 1.0671840028573967e-13

14, 18, 8, [98.33971048891883, -1670.5139399970485, 11714.433513617349, -46300.31926145935, 113727.94280273319, -178220.4820510075, 174173.07618207447, -97097.57514930061, 23645.33470192269], 3, 2.1564583153007144e-05, 1.0658088309838061e-13

14, 18, 8, [98.33970997410151, -1670.5139318377558, 11714.433457249499, -46300.319039763286, 113727.94225981341, -178220.4812032899, 174173.0753579512, -97097.57469323363, 23645.334591929724], 8, 2.15559922630014e-05, 1.0663839512953802e-13

14, 18, 8, [98.33971007661856, -1670.5139332563422, 11714.433465496522, -46300.31906554409, 113727.94230520396, -178220.4812440062, 174173.07536563117, -97097.57467827156, 23645.334583277745], 6, 2.159058211445281e-05, 1.0668551351205107e-13

14, 18, 8, [98.33971023898926, -1670.5139359104942, 11714.43348451937, -46300.319143605935, 113727.94250574471, -178220.48157415638, 174173.075705642, -97097.5748784635, 23645.334634848765], 10, 2.1583308829844625e-05, 1.0669245034742829e-13

14, 18, 8, [98.33970971808063, -1670.5139275211875, 11714.433425526344, -46300.318907039946, 113727.94191407008, -178220.48062905887, 174173.07476414728, -97097.57434368454, 23645.334502247155], 8, 2.1586141831955383e-05, 1.06655535631652e-13

14, 18, 8, [98.33971099803203, -1670.513948576968, 11714.433576665284, -46300.31952532467, 113727.94349068066, -178220.48319522548, 174173.0773677372, -97097.57584916253, 23645.334882098123], 7, 2.157953022027441e-05, 1.0665788555117653e-13

14, 18, 8, [98.33970896916054, -1670.5139153076002, 11714.433338575636, -46300.31855408356, 113727.94102052644, -178220.47918439342, 174173.07330739725, -97097.5735060404, 23645.334291958938], 9, 2.1597928520049036e-05, 1.0671376836446873e-13

14, 18, 8, [98.33971010240205, -1670.5139339378984, 11714.43347224982, -46300.31910081643, 113727.94241467163, -178220.48145392002, 174173.07561068726, -97097.57483840705, 23645.3346282944], 15, 2.1576821944072014e-05, 1.0664889353296364e-13

14, 18, 8, [98.33971031922208, -1670.5139372550357, 11714.433494331368, -46300.31918435367, 113727.94261111713, -178220.48174797994, 174173.0758843376, -97097.5749831702, 23645.33466163088], 6, 2.159272115465354e-05, 1.0670245036196945e-13

14, 18, 8, [98.33971055494149, -1670.5139410405914, 11714.43352085764, -46300.319290273, 113727.94287468943, -178220.48216648737, 174173.0762983733, -97097.57521648172, 23645.33471895825], 4, 2.1563296826259345e-05, 1.0669031284100718e-13

14, 18, 8, [98.33970987160826, -1670.513930206374, 11714.433445936116, -46300.31899512176, 113727.94215019961, -178220.48103180647, 174173.07519104908, -97097.57460084479, 23645.33456966243], 5, 2.1575230642944074e-05, 1.0667649784565895e-13

14, 18, 8, [98.33971042942676, -1670.5139390169431, 11714.433506572608, -46300.31923260528, 113727.94272907596, -178220.48193100368, 174173.07606021484, -97097.57507878043, 23645.334684115092], 4, 2.15457250422193e-05, 1.0678170950218406e-13

14, 18, 8, [98.33970965021712, -1670.5139265806858, 11714.433420025895, -46300.31888959169, 113727.94188227659, -178220.4805976401, 174173.07475252182, -97097.57434844237, 23645.33450628374], 20, 2.160991294173287e-05, 1.0669862804352602e-13

14, 18, 8, [98.33971051362776, -1670.51394043822, 11714.433517024368, -46300.31927634717, 113727.94284304368, -178220.4821203255, 174173.07625605894, -97097.57519413855, 23645.334713741806], 3, 2.1492553509193158e-05, 1.066430590578706e-13

14, 18, 8, [98.33971025008682, -1670.5139361108056, 11714.43348607034, -46300.31915036883, 113727.94252397538, -178220.48160535147, 174173.0757387985, -97097.57489850813, 23645.33464013205], 6, 2.156484911491053e-05, 1.067092897855064e-13

14, 18, 8, [98.33971135625049, -1670.5139540343919, 11714.43361277952, -46300.319660822075, 113727.94380569013, -178220.48365944723, 174173.07779067798, -97097.576066598, 23645.334930280736], 25, 2.1604143682597482e-05, 1.0666965740800296e-13

14, 18, 8, [98.33971035232592, -1670.5139381319755, 11714.433502927459, -46300.31922857754, 113727.94274605569, -178220.48200214945, 174173.0761756606, -97097.57517002948, 23645.334713184566], 15, 2.1586464918678405e-05, 1.0667479802166939e-13

