14, 18, 8, [-15.193027215905927, 102.59258911052284, -403.97327681904017, 1021.9220763890031, -1721.8330185905713, 1931.8590450882687, -1391.5389261834164, 583.8285615073452, -108.69011101702827], 35, 1.0296763287342058e-05, 8.51718475723856e-18

14, 18, 8, [-15.19302680809046, 102.59258352607725, -403.973243464893, 1021.9219628976584, -1721.8327779633469, 1931.8587195471728, -1391.538651736819, 583.8284296827466, -108.69008339516061], 35, 1.0313254408654075e-05, 8.52579090073322e-18

14, 18, 8, [-15.193027118379385, 102.59258774814477, -403.97326851600957, 1021.9220475597399, -1721.8329562276194, 1931.8589590388683, -1391.5388522328947, 583.8285253209601, -108.69010329832744], 25, 1.043251049978487e-05, 8.61712251223717e-18

14, 18, 8, [-15.193026884507953, 102.59258457878191, -403.97324978518463, 1021.9219844986851, -1721.8328239298523, 1931.8587819125335, -1391.53870442177, 583.8284550201026, -108.69008870639085], 25, 1.0471631817077354e-05, 8.64547386351181e-18

14, 18, 8, [-15.193027057854911, 102.59258693411667, -403.9732637502748, 1021.9220316926658, -1721.8329233596346, 1931.8589156503124, -1391.5388165779077, 583.8285086405658, -108.69009989610034], 11, 1.0490630094812365e-05, 8.66386824807103e-18

14, 18, 8, [-15.193027672459573, 102.59259527022392, -403.97331306004065, 1021.9221978437286, -1721.8332721849467, 1931.8593829172755, -1391.5392066037716, 583.8286941197807, -108.69013837373035], 30, 1.0431582158701055e-05, 8.616769225500108e-18

14, 18, 10, [-15.350558646441485, 103.07812945110038, -390.40853960687565, 880.3968341675477, -1059.4991207001594, 85.81276142931976, 1922.9412575702804, -3308.0298010917727, 2792.850164582362, -1250.7387561538549, 237.9857877075651], 14, 6.238445050376194e-07, 4.909928385513325e-19

14, 18, 10, [-15.35056065958698, 103.07815762321466, -390.408706991788, 880.3973681280777, -1059.5000257564836, 85.8131948361826, 1922.9426556562128, -3308.033108503437, 2792.8535025857555, -1250.7404731252943, 237.98615506863837], 11, 7.438896091725451e-07, 5.750235106116806e-19

14, 18, 8, [-15.193027352136346, 102.5925908896652, -403.9732869342807, 1021.9221090905344, -1721.833084344489, 1931.8591292970273, -1391.5389932642436, 583.8285918989078, -108.69011701308582], 30, 1.0457737701792294e-05, 8.634495245812096e-18

14, 18, 8, [-15.193027009327265, 102.59258615488851, -403.9732583968403, 1021.9220110520071, -1721.8328743660104, 1931.8588421801853, -1391.538748495539, 583.8284729518579, -108.69009178573985], 30, 1.0412377541201572e-05, 8.604359684886524e-18

14, 18, 8, [-15.193027285648883, 102.59259002008625, -403.9732819833859, 1021.922093061853, -1721.833052065055, 1931.8590878846226, -1391.538960206024, 583.8285768838065, -108.69011404161358], 30, 1.03277009807645e-05, 8.542196288050095e-18

14, 18, 8, [-15.193026622456218, 102.5925809714928, -403.9732281271197, 1021.9219104211513, -1721.832666060388, 1931.8585672518077, -1391.5385225571201, 583.8283672460145, -108.69007022973756], 35, 1.0379343237283515e-05, 8.569057606051225e-18

14, 18, 8, [-15.193026717294458, 102.59258224504623, -403.9732355738311, 1021.9219351844484, -1721.8327172834038, 1931.8586347405474, -1391.53857786693, 583.828393024206, -108.69007546078012], 35, 1.0364181245345561e-05, 8.568791973134491e-18

14, 18, 8, [-15.193027174166689, 102.5925885075929, -403.97327303633097, 1021.9220629219159, -1721.8329888253152, 1931.8590032566465, -1391.5388896711459, 583.8285434079712, -108.69010711529897], 35, 1.034544606131093e-05, 8.54679964039719e-18

14, 18, 8, [-15.1930270782858, 102.59258721631022, -403.9732654367314, 1021.9220373904413, -1721.8329352648836, 1931.8589314043998, -1391.538829470007, 583.8285146040045, -108.69010108936182], 35, 1.0366687745721948e-05, 8.561104277370234e-18

14, 18, 8, [-15.193027604493421, 102.59259440172114, -403.97330824591285, 1021.9221827363968, -1721.833242856165, 1931.8593468906552, -1391.5391793006709, 583.8286824716554, -108.69013623797123], 35, 1.0291414626352073e-05, 8.513733081409748e-18

14, 18, 8, [-15.193027189195094, 102.59258868057697, -403.97327386666274, 1021.9220650343674, -1721.832991746109, 1931.859005038187, -1391.5388892917451, 583.8285422970798, -108.6901066826586], 30, 1.0312473255443161e-05, 8.529960348258285e-18

14, 18, 10, [-15.35055981625032, 103.07814622979389, -390.4086417277507, 880.3971679850199, -1059.4997026723722, 85.81306266437596, 1922.9421408938992, -3308.031972661645, 2792.85240400313, -1250.7399286344805, 237.98604256739503], 15, 7.51645441200063e-07, 5.802575718510895e-19

14, 18, 8, [-15.193026771247773, 102.59258295680424, -403.9732396774762, 1021.9219486919827, -1721.832745049639, 1931.8586712432532, -1391.5386078390586, 583.8284070775366, -108.69007834159464], 30, 1.0321249978347882e-05, 8.536847449536679e-18

14, 18, 8, [-15.193027311871106, 102.59259035656262, -403.9732838589054, 1021.9220989885032, -1721.833063666361, 1931.8591022716776, -1391.5389712265717, 583.8285816410059, -108.69011492500647], 35, 1.0297059280333107e-05, 8.514706906843847e-18

14, 18, 8, [-15.193027005341209, 102.59258619095628, -403.97325917328754, 1021.9220156666452, -1721.8328884611649, 1931.858867246191, -1391.5387748132564, 583.8284881422145, -108.69009551405992], 50, 1.0350666253377937e-05, 8.549298171181e-18

14, 18, 8, [-15.193027001185143, 102.59258616268379, -403.97325917004497, 1021.9220162010492, -1721.8328907130788, 1931.8588717566595, -1391.538779808795, 583.8284910953644, -108.69009624486166], 30, 1.0388351315354357e-05, 8.585840707167075e-18

14, 18, 8, [-15.193027041550623, 102.59258662595484, -403.97326139429407, 1021.9220219003588, -1721.8328987996417, 1931.8588772588791, -1391.5387798513773, 583.8284889091342, -108.69009532591164], 35, 1.0396360015830163e-05, 8.591142802148617e-18

14, 18, 8, [-15.193026714087514, 102.59258222629728, -403.97323562293946, 1021.9219359345153, -1721.832720179166, 1931.858640511622, -1391.5385843624117, 583.8283969567109, -108.69007646057257], 30, 1.038334081028927e-05, 8.58267864922831e-18

14, 18, 8, [-15.193026466873857, 102.59257886047013, -403.97321562999576, 1021.9218682604366, -1721.8325774021503, 1931.8584482482881, -1391.5384229826493, 583.8283197579386, -108.69006034636418], 35, 1.0293988467221123e-05, 8.51357666530739e-18

14, 18, 8, [-15.193027497665284, 102.59259288822918, -403.9732989010172, 1021.92214989457, -1721.8331710045602, 1931.8592466862522, -1391.53909231084, 583.8286394924053, -108.69012698514564], 40, 1.0353795575239858e-05, 8.561009017424529e-18

14, 18, 8, [-15.193026850068394, 102.59258401282257, -403.97324586402493, 1021.9219693933076, -1721.8327883277132, 1931.8587291291994, -1391.5386562134938, 583.8284301698751, -108.6900831624502], 35, 1.0353989039289884e-05, 8.559770908944598e-18

14, 18, 8, [-15.19302733992045, 102.59259074486037, -403.9732862039021, 1021.9221070598342, -1721.8330809882734, 1931.8591260124315, -1391.5389915237538, 583.8285915399376, -108.69011703385513], 40, 1.0379747946700858e-05, 8.578647236313076e-18

14, 18, 8, [-15.193027451343827, 102.59259232251048, -403.9732959237279, 1021.9221410978662, -1721.8331551026033, 1931.859228772208, -1391.5390801323556, 583.82863498983, -108.69012631117907], 35, 1.0320207718868366e-05, 8.530856554247681e-18

14, 18, 8, [-15.193027355233331, 102.5925909052293, -403.9732868547475, 1021.922108189888, -1721.833081004965, 1931.8591227145441, -1391.5389858636988, 583.8285874016783, -108.69011586212946], 30, 1.0337604161693113e-05, 8.54819731798243e-18

