14, 18, 8, [-11.946356732439636, 59.04107644835775, -148.5549661886523, 166.53118615438328, 67.37065860231557, -461.6802149352979, 608.3752998742907, -370.41529943975553, 90.38019372496944], 30, 1.7815849464627082e-08, 1.4940324725583438e-20

14, 18, 8, [-11.946350207060561, 59.04101131358315, -148.5547129559606, 166.53076062671903, 67.37068300034846, -461.679113774302, 608.3734527386307, -370.41398544552675, 90.37983137789591], 30, 3.429872498374606e-08, 2.773054118147377e-20

14, 18, 8, [-11.946355221395358, 59.041062629121804, -148.55491791145258, 166.5311171759508, 67.3706448056361, -461.6800331465883, 608.3750518966247, -370.4151546133548, 90.38016202963249], 30, 2.6766206968946875e-08, 2.189916147700121e-20

14, 18, 8, [-11.946356612405504, 59.04107634771669, -148.55497053548345, 166.53120403429898, 67.37064209544013, -461.68025832889145, 608.375422431462, -370.4154142791392, 90.38023263059895], 30, 1.795247236807963e-08, 1.5051374577456218e-20

14, 18, 8, [-11.946359984399058, 59.04111074903635, -148.5551074816311, 166.53144127770747, 67.37061809744161, -461.6808703316314, 608.376482348631, -370.4161867137295, 90.3804504447823], 35, 2.965666739910023e-08, 2.1297777638514735e-20

14, 18, 8, [-11.946354708939326, 59.041057100069196, -148.5548946638606, 166.53107428747262, 67.3706527472569, -461.6799231638312, 608.3748501475693, -370.41500175613703, 90.38011749805956], 25, 2.7057376141705065e-08, 2.2133568346197688e-20

14, 18, 8, [-11.946364854543594, 59.04115978251993, -148.55529995731698, 166.53176887828997, 67.37059314352005, -461.6817169301316, 608.3779225120576, -370.4172224698073, 90.38073904524788], 25, 2.5696028747446658e-08, 2.1080183953402415e-20

14, 18, 8, [-11.946353746647107, 59.04104750835491, -148.55485736935054, 166.53101146542187, 67.37065675672052, -461.67976069006954, 608.3745757363054, -370.4148051392343, 90.38006281928246], 40, 8.002465868823775e-09, 6.586283660860469e-21

14, 18, 8, [-11.946366186682315, 59.04117387441556, -148.55535822218573, 166.5318746528415, 67.3705754351196, -461.6819884772923, 608.378415821731, -370.4175946408556, 90.38084729131094], 30, 2.6859319782259562e-08, 2.1995220145138787e-20

14, 18, 8, [-11.946355716715809, 59.04106730256972, -148.554934928138, 166.53114323908855, 67.37064695777381, -461.68010125824077, 608.3751546232126, -370.4152214240461, 90.38017885049081], 30, 9.002069969969923e-09, 7.80634808587835e-21

14, 18, 8, [-11.94635348251809, 59.041044123253016, -148.55484104834343, 166.53097715127439, 67.37066860013314, -461.67967370700796, 608.3743987154887, -370.4146623411554, 90.3800191287721], 30, 7.714346923090156e-09, 6.5762583207108375e-21

14, 18, 8, [-11.946360460076837, 59.041115334509755, -148.5551246346078, 166.53146866432712, 67.37061853788093, -461.68094156123954, 608.3765956656318, -370.4162641029658, 90.38047099556354], 30, 9.420712739753681e-09, 8.164393214021876e-21

14, 18, 8, [-11.946351394333785, 59.041023372475365, -148.5547607750976, 166.53084315952762, 67.3706749697574, -461.67932672723316, 608.373820887021, -370.414253621243, 90.37990702599089], 30, 2.246091197893462e-08, 1.8556187613722166e-20

14, 18, 8, [-11.946352070421218, 59.04103019671691, -148.554787594995, 166.53088878252464, 67.37067165248693, -461.67944466921386, 608.3740206425385, -370.41439656041666, 90.37994660726989], 11, 4.1565415195282425e-08, 3.328270037537173e-20

14, 18, 8, [-11.946357250479823, 59.04108323015156, -148.55499950463613, 166.53125763589338, 67.37063183710868, -461.680395706991, 608.3756759004451, -370.4156073304026, 90.38028918612812], 25, 2.6489612870147414e-08, 2.1694467972179316e-20

14, 18, 8, [-11.94634943134792, 59.041003596178705, -148.55468310061488, 166.53071087776678, 67.37068512882497, -461.67898489172796, 608.3732392051196, -370.41383523875976, 90.37979045253353], 20, 3.987787921580488e-08, 3.1993696166578466e-20

14, 18, 8, [-11.946360773889424, 59.04111831516775, -148.55513556441102, 166.5314855481754, 67.37061976200184, -461.68098566622564, 608.3766625215787, -370.4163076371616, 90.38048192908545], 35, 1.602232262719684e-08, 1.3546106173375602e-20

14, 18, 8, [-11.946357474100688, 59.04108567587233, -148.55500998304584, 166.53127752054837, 67.37062722010069, -461.6804465019952, 608.3757727260485, -370.41568296192776, 90.38031188283446], 30, 1.1254407070418951e-08, 9.687975417763219e-21

14, 18, 8, [-11.94635611211336, 59.041070862664164, -148.5549471307138, 166.53116015593199, 67.37065115652153, -461.6801459885201, 608.3752132906685, -370.4152542234048, 90.38018559501552], 35, 1.2275377604809612e-08, 9.233029712107881e-21

14, 18, 8, [-11.946350056985887, 59.04101024738919, -148.5547106996477, 166.53076110350617, 67.37067666494998, -461.67911383536796, 608.3734732864434, -370.41401152258805, 90.37984158922964], 20, 3.844669431152666e-08, 3.0894128172548124e-20

14, 18, 8, [-11.946357307319177, 59.041083490520016, -148.55499921842215, 166.53125431761, 67.37063610568872, -461.68038787131076, 608.3756498722465, -370.41558179975925, 90.38028034464391], 15, 4.138441199404324e-08, 3.3144058835642966e-20

14, 18, 8, [-11.946358192104647, 59.04109218769099, -148.55503243362847, 166.53130875766266, 67.37063504655147, -461.6805291372024, 608.37588005326, -370.41574166958793, 90.38032339093458], 25, 3.031854878647545e-08, 2.465892360615993e-20

14, 18, 8, [-11.946359408554303, 59.04110517280329, -148.55508656933665, 166.5314079116453, 67.37061733089448, -461.6807834805212, 608.3763455306619, -370.416094488354, 90.3804263916406], 20, 3.976932748305781e-08, 3.191233661706696e-20

14, 18, 8, [-11.946354610940643, 59.04105612884386, -148.55489096640568, 166.53106835931393, 67.37065253397495, -461.6799077086636, 608.374826410229, -370.4149863516078, 90.38011370217129], 25, 2.5906060284652463e-08, 2.1241432761850375e-20

14, 18, 8, [-11.946361604585968, 59.04112633215345, -148.55516560983807, 166.53153367423164, 67.37062027795629, -461.68111079587993, 608.3768624429866, -370.4164446712626, 90.38051844871632], 15, 4.138952386621905e-08, 3.3145517531600153e-20

14, 18, 8, [-11.946347173787784, 59.04098083140346, -148.5545935872661, 166.5305581787872, 67.37069726895588, -461.67859037919607, 608.3725664118721, -370.41335041381075, 90.37965510431357], 40, 3.327350341729062e-08, 2.3859161933507322e-20

14, 18, 8, [-11.94635528111748, 59.04106251745837, -148.5549144451301, 166.53110464208504, 67.37065526553656, -461.6800025085584, 608.3749694482267, -370.41507888693866, 90.38013672624619], 25, 3.058550394727972e-08, 2.4858526864327738e-20

14, 18, 8, [-11.94635329588618, 59.04104239761482, -148.55483490426673, 166.5309680244635, 67.37066744923636, -461.67964978543586, 608.3743637309975, -370.4146401557844, 90.3800136797489], 25, 3.793723072905674e-08, 3.05114685226668e-20

14, 18, 8, [-11.94636417219064, 59.0411530051516, -148.55527378119103, 166.5317253413333, 67.37059490498311, -461.6816041239871, 608.3777358817002, -370.41709130066965, 90.38070332776938], 30, 7.732847522656783e-09, 6.549423326961637e-21

14, 18, 6, [-11.751027577967474, 59.155091126072286, -165.36148749162317, 277.21585129657575, -278.6998735046129, 155.58274672975307, -37.20345595902161], 7, 7.058097783931003e-07, 5.922732827938352e-19

