14, 18, 9, [-13.691981937742069, 80.00654404439732, -253.0264200372558, 433.78204675544237, -249.36711762041693, -524.8200917374617, 1340.1098784866865, -1368.3162135497735, 704.965509119459, -150.7078601886527], 25, 1.761400319640964e-07, 1.33463504339657e-19

14, 18, 9, [-13.691983107409074, 80.00655781638636, -253.0264864461885, 433.7822059273332, -249.36726883204219, -524.8202464148322, 1340.1104941470792, -1368.3169623992628, 704.9659457913464, -150.70796322502267], 20, 1.73143760852164e-07, 1.3967288400979357e-19

14, 18, 9, [-13.69198758516638, 80.00661123473566, -253.0267479009369, 433.7828441807399, -249.367895868816, -524.8208465652715, 1340.1130160274631, -1368.3201027185873, 704.9678156856551, -150.70841369175614], 20, 1.3620373152442597e-07, 1.1237063719662188e-19

14, 18, 9, [-13.691979273622024, 80.00651126583575, -253.02625445753577, 433.7816282140069, -249.36668258404364, -524.8197202597057, 1340.1081641533117, -1368.3140026481663, 704.9641546690609, -150.7075253053831], 20, 2.1553071035781997e-07, 1.706013216428706e-19

14, 18, 9, [-13.69198256729038, 80.00655164088333, -253.0264577004614, 433.7821401478564, -249.36721196240757, -524.8201769989508, 1340.1102541789226, -1368.3166905477683, 704.9657979798895, -150.7079309237923], 14, 2.2039859261627363e-07, 1.7406440855831154e-19

14, 18, 9, [-13.691982733018895, 80.00655342771515, -253.02646541488778, 433.78215597440646, -249.36722229697887, -524.8201968867909, 1340.1103033497293, -1368.3167341063347, 704.9658148295101, -150.70793287205285], 20, 1.6904724334322127e-07, 1.366547249275257e-19

14, 18, 9, [-13.691980797732118, 80.00653018127257, -253.0263507827658, 433.78187366284146, -249.3669406430858, -524.819935595303, 1340.1091768500553, -1368.3153165378747, 704.9649630023546, -150.7077258314927], 25, 1.4033943738652847e-07, 1.1551395414049556e-19

14, 18, 9, [-13.691981771995367, 80.00654204781527, -253.02641015029934, 433.78202226311043, -249.3670929138487, -524.8200693388586, 1340.1097800427372, -1368.316088719074, 704.9654336361057, -150.7078417393956], 20, 2.1866946755866557e-07, 1.7285004546952764e-19

14, 18, 9, [-13.691982651457023, 80.00655275759539, -253.02646366372633, 433.78215585371737, -249.36722891138524, -524.8201907050504, 1340.1103198801204, -1368.3167752430365, 704.9658492881986, -150.70794336607545], 12, 2.2466938589454022e-07, 1.7724310784456353e-19

14, 18, 9, [-13.691982318998228, 80.00654882126811, -253.0264445286386, 433.7821094368216, -249.36718367309376, -524.8201468488691, 1340.110137334079, -1368.3165483520872, 704.9657141557028, -150.70791074980295], 25, 1.961762703029187e-07, 1.4706303073189048e-19

14, 18, 9, [-13.691978616967546, 80.00650485099511, -253.02623035784976, 433.7815896173604, -249.3666781623253, -524.8196531280531, 1340.1080966496163, -1368.3140245772374, 704.9642202548852, -150.70755291460893], 20, 1.283779497957959e-07, 1.0644238548544964e-19

14, 18, 9, [-13.691985045423706, 80.00658083711043, -253.02659864267224, 433.78247858906576, -249.36753483863805, -524.8205043553725, 1340.1115668551186, -1368.3182931944402, 704.9667360307063, -150.70815317059868], 4, 2.2604553803933457e-07, 1.7825850559571628e-19

14, 18, 9, [-13.691983432336851, 80.00656113125588, -253.02649976610516, 433.78223033825907, -249.36727930518765, -524.820281894208, 1340.1105562738917, -1368.3169964980345, 704.9659444838572, -150.70795801236062], 20, 1.353630144298411e-07, 1.1171771493903277e-19

14, 18, 9, [-13.691982623893088, 80.00655252641717, -253.02646305639448, 433.78215588605144, -249.36723155194437, -524.8201882459539, 1340.1103266843215, -1368.316792469495, 704.9658640233686, -150.7079479508536], 20, 1.5168741531090513e-07, 1.2383659468613238e-19

14, 18, 9, [-13.691983402764226, 80.00656151855436, -253.0265055049045, 433.7822551122128, -249.36732165167854, -524.8202884345981, 1340.1106999574124, -1368.3172334124085, 704.9661146102233, -150.7080055980178], 15, 2.2365556465004697e-07, 1.7651917019823458e-19

14, 18, 9, [-13.69198007793997, 80.00652194664133, -253.0263123009529, 433.7817848042858, -249.36686180443013, -524.8198442157143, 1340.1088472398912, -1368.3149330783037, 704.9647481027288, -150.70767709199592], 13, 2.2335391862887336e-07, 1.7627490910618892e-19

14, 18, 9, [-13.691983010252727, 80.00655681542442, -253.02648236971314, 433.7821982829393, -249.367265180889, -524.8202356418059, 1340.1104737578933, -1368.3169494003157, 704.9659442371914, -150.70796424974398], 20, 1.4753138089278543e-07, 1.2077883728713232e-19

14, 18, 9, [-13.691984292181274, 80.00657233122614, -253.02655941921358, 433.7823893411778, -249.3674576280191, -524.8204110665456, 1340.1112406230325, -1368.317918530502, 704.9665281164637, -150.70810639362796], 15, 2.1845554007009016e-07, 1.7273751547227764e-19

14, 18, 9, [-13.691984428345599, 80.00657368978666, -253.02656474723585, 433.7823988097872, -249.36746127540792, -524.8204250053335, 1340.1112638002915, -1368.3179304665073, 704.9665270985985, -150.70810437452437], 25, 2.141519233493445e-07, 1.5925167235735625e-19

14, 18, 9, [-13.691983664410268, 80.00656463497926, -253.02652071969624, 433.7822921103294, -249.3673577002551, -524.8203235544441, 1340.1108453520978, -1368.3174131994297, 704.9662209448633, -150.70803103284476], 25, 1.0535894967908403e-07, 8.84940773440819e-20

14, 18, 9, [-13.691982646850958, 80.00655270811377, -253.02646346086502, 433.7821554994707, -249.36722884970078, -524.8201900619946, 1340.1103192366832, -1368.3167756114924, 704.9658501605484, -150.7079437377605], 15, 2.21863103286763e-07, 1.7521622979254457e-19

14, 18, 9, [-13.691979272816003, 80.00651198012645, -253.02626168142902, 433.7816562032178, -249.36672726166032, -524.8197307162217, 1340.1083183589997, -1368.3142492971408, 704.9643287063269, -150.7075733636134], 20, 1.4061881216599853e-07, 1.1564099779253798e-19

14, 18, 9, [-13.691985081490936, 80.0065817628395, -253.0266056511097, 433.78250236512713, -249.36756889510818, -524.8205171665277, 1340.1116877627494, -1368.3184758546613, 704.9668601900852, -150.70818643198356], 25, 2.1288094228369853e-07, 1.583823486350767e-19

14, 18, 9, [-13.691983129228285, 80.00655820432519, -253.02648905911337, 433.7822144517652, -249.36728103718096, -524.8202506548722, 1340.1105377016365, -1368.317030182408, 704.9659932825201, -150.70797635634392], 25, 1.9757548923937683e-07, 1.5729256749704026e-19

14, 18, 9, [-13.691981924905647, 80.00654452602211, -253.02642561634687, 433.78206918128154, -249.36715401059334, -524.820099809036, 1340.1100034145536, -1368.3164133652326, 704.965649670397, -150.70789881889468], 25, 1.0519063938471276e-07, 8.835620011347076e-20

14, 18, 9, [-13.691981134426749, 80.00653456902636, -253.02637421583924, 433.78193643647234, -249.36701177843238, -524.8199856817441, 1340.1094490312105, -1368.315686719185, 704.9651993127084, -150.7077864183474], 30, 1.0407312126081036e-07, 8.733122868597586e-20

14, 18, 9, [-13.691979464141685, 80.00651451550779, -253.02627535855186, 433.7816930109472, -249.36676892116984, -524.8197604121591, 1340.1084776604478, -1368.3144642077507, 704.9644646158183, -150.70760783420974], 15, 2.181040356818706e-07, 1.7250101024858974e-19

14, 18, 9, [-13.691980872568452, 80.00653131003259, -253.0263575287932, 433.7818935447542, -249.3669658829327, -524.8199489737225, 1340.109269916305, -1368.315450858179, 704.9650522533592, -150.70774944970702], 15, 2.1753848834421955e-07, 1.720549394978285e-19

14, 18, 9, [-13.691981656557115, 80.00654087413278, -253.02640542027044, 433.7820134264028, -249.36708852594455, -524.8200572699883, 1340.1097559245416, -1368.3160711361493, 704.9654289638885, -150.7078418320338], 20, 1.8812042169722377e-07, 1.5062877187872546e-19

14, 18, 9, [-13.69198235568229, 80.00654968936044, -253.02645103593704, 433.78213171508855, -249.36721636853082, -524.8201576365228, 1340.1102529084446, -1368.3167276816137, 704.9658388598917, -150.70794490275193], 20, 2.0502105100303706e-07, 1.6293871688607187e-19

