14, 18, 15, [-18.561366387688086, 159.9267955550465, -840.9292474742256, 2972.6412585711296, -7285.286828803183, 12112.019517098932, -11995.563080081654, 2353.821787177765, 11320.900172772697, -14154.663068691107, -532.8533749486928, 19302.83319882186, -24384.967787897895, 15504.914107550807, -5289.0670605087425, 773.836215803249], 6, 7.818848678527639e-05, 5.392571162400775e-17

14, 18, 11, [-18.512336632109665, 159.34529433364224, -842.167243170952, 3038.6067817787166, -7869.133951346416, 14966.36103740542, -21018.427154752404, 21588.9826006136, -15788.523775005968, 7791.39842698295, -2326.4476268123744, 317.5191877558839], 12, 0.0008199839808429738, 6.811152819005214e-16

14, 18, 11, [-18.512336624696726, 159.34529416242444, -842.1672414154748, 3038.606771215419, -7869.133909840565, 14966.360925451114, -21018.426942991628, 21588.982319448773, -15788.523517956413, 7791.398272742623, -2326.4475720988225, 317.5191790570864], 12, 0.0008227351919305301, 6.829913908843978e-16

14, 18, 15, [-18.56136634667793, 159.92679464305257, -840.9292384774348, 2972.6412069941794, -7285.286640696027, 12112.019073557565, -11995.562449200963, 2353.8214355985324, 11320.899726048681, -14154.662119436245, -532.8536438800907, 19302.832080199725, -24384.966004441372, 15504.912827536942, -5289.066585100285, 773.8361415585432], 7, 1.1871373669265012e-05, 9.910342565274681e-18

14, 18, 11, [-18.51233665554104, 159.3452948159097, -842.1672476213075, 3038.6068060900107, -7869.134038724856, 14966.36125442257, -21018.427534921397, 21588.983070490387, -15788.524176688377, 7791.3986532571535, -2326.447702433824, 317.51919911933163], 14, 0.0008197672801509444, 6.809138555679774e-16

14, 18, 11, [-18.51233664204985, 159.34529453976793, -842.167245082886, 3038.606792249712, -7869.133988969016, 14966.361130535926, -21018.427316848592, 21588.982799042296, -15788.523942482376, 7791.398519835358, -2326.447657259266, 317.51919223111287], 11, 0.0008230717096664112, 6.831879156078002e-16

14, 18, 15, [-18.561366311752067, 159.9267939080656, -840.9292316565231, 2972.641170505836, -7285.286517996081, 12112.018812232898, -11995.562129691285, 2353.8213294510365, 11320.899436275025, -14154.661720183483, -532.8536199426993, 19302.83154867343, -24384.965414300917, 15504.912523810157, -5289.066512670128, 773.8361364550722], 8, 7.202374660148297e-05, 4.951474783896179e-17

14, 18, 15, [-18.561366177383423, 159.92679073331925, -840.9291983746423, 2972.6409675906125, -7285.285729438184, 12112.016821622286, -11995.55905415953, 2353.8192818886278, 11320.89754904296, -14154.656712648946, -532.8556605029027, 19302.82592179829, -24384.955295403226, 15504.904742580464, -5289.063453685876, 773.835633690514], 7, 6.559386794098932e-05, 4.559396521622998e-17

14, 18, 15, [-18.56136628485794, 159.92679317505508, -840.9292230091198, 2972.6411121956535, -7285.286270340434, 12112.018133453537, -11995.560987459097, 2353.8204507630494, 11320.89883890362, -14154.659725799896, -532.8546381888071, 19302.829398315534, -24384.961147420294, 15504.909081077421, -5289.065109685127, 773.8358988610601], 6, 7.466011462928865e-05, 5.161306466538477e-17

14, 18, 11, [-18.51233664051487, 159.34529449292017, -842.1672445137831, 3038.6067884257104, -7869.13397280199, 14966.361084789543, -21018.427227723325, 21588.982678822944, -15788.52383200748, 7791.398453761687, -2326.4476340540905, 317.5191885983468], 13, 0.0008200565036295256, 6.810698828375357e-16

14, 18, 11, [-18.512336632963805, 159.34529434992868, -842.167243316775, 3038.606782589239, -7869.133954433829, 14966.36104577195, -21018.427171013303, 21588.982623057083, -15788.523796416777, 7791.398440373489, -2326.4476317432654, 317.5191885652095], 14, 0.000820209708654472, 6.810845385654191e-16

14, 18, 11, [-18.51233663590715, 159.3452944168699, -842.1672439968022, 3038.6067866649078, -7869.133970457914, 14966.361089197213, -21018.42725384061, 21588.982734317284, -15788.523899625687, 7791.398503373701, -2326.447654528913, 317.51919226595317], 12, 0.0008223847525267131, 6.827240496199131e-16

14, 18, 11, [-18.512336624221586, 159.34529416072385, -842.1672414751388, 3038.606771951613, -7869.133913935884, 14966.360939118516, -21018.426972824214, 21588.982363269006, -15788.523561054288, 7791.398300023424, -2326.447582163397, 317.51918070374], 13, 0.0008211510424143329, 6.818134731484488e-16

14, 18, 11, [-18.512336639033023, 159.34529448580594, -842.1672446641247, 3038.6067904122933, -7869.133984029946, 14966.361122484092, -21018.427310212406, 21588.982800120713, -15788.523951343068, 7791.398529286873, -2326.4476619014054, 317.5191931502437], 13, 0.0008199583572186249, 6.810320617579394e-16

14, 18, 15, [-18.5613662159679, 159.92679166925802, -840.9292084482564, 2972.641030665451, -7285.285981369164, 12112.017476554787, -11995.560102344662, 2353.8200300604954, 11320.898144527817, -14154.658476748105, -532.8548421673149, 19302.827859921028, -24384.958986297053, 15504.907671719937, -5289.064635548513, 773.8358325780116], 7, 5.997694895183657e-05, 4.188933152743182e-17

14, 18, 11, [-18.512336615159395, 159.34529396442932, -842.1672395671592, 3038.606760975071, -7869.13387243006, 14966.360830831505, -21018.426773928837, 21588.982106040916, -15788.523331434544, 7791.398165227315, -2326.4475353075723, 317.5191733938664], 13, 0.0008217344118273769, 6.823297449300511e-16

14, 18, 11, [-18.512336652277565, 159.34529475193136, -842.1672470617985, 3038.606803207001, -7869.1340289933605, 14966.361231816136, -21018.42749802802, 21588.983028182272, -15788.52414327669, 7791.398635954639, -2326.447697147842, 317.5191983980824], 13, 0.0008194530864452349, 6.806831538073512e-16

14, 18, 15, [-18.56136624626346, 159.92679232652762, -840.9292146871664, 2972.6410644951266, -7285.286095364674, 12112.01771565468, -11995.560379314338, 2353.8200880728773, 11320.898432221491, -14154.658782896493, -532.8549603660801, 19302.828311070814, -24384.95930308362, 15504.90770159815, -5289.064577507307, 773.8358125830174], 7, 3.26891330350523e-05, 2.3740679410866097e-17

14, 18, 11, [-18.51233665657046, 159.34529484029414, -842.1672478703078, 3038.606807544644, -7869.134044144368, 14966.361267966799, -21018.427558096257, 21588.983097597644, -15788.52419784271, 7791.398663658363, -2326.4477052844536, 317.5191994369479], 4, 0.0008247118471496497, 6.84399439302649e-16

14, 18, 11, [-18.51233664718934, 159.34529464382697, -842.1672460267246, 3038.606797312304, -7869.134006813914, 14966.361173943933, -21018.427391215893, 21588.98288879095, -15788.524017268437, 7791.398560824404, -2326.44767056131, 317.5191941680405], 5, 0.0008231837250877214, 6.835256352583623e-16

14, 18, 11, [-18.512336640053793, 159.34529450726077, -842.1672448545411, 3038.6067913514307, -7869.1339868478835, 14966.361127676217, -21018.427315518282, 21588.9828013664, -15788.523947448766, 7791.398524126793, -2326.4476591468474, 317.51919257826916], 14, 0.0008206865403786193, 6.815266902151337e-16

14, 18, 15, [-18.561366210989384, 159.92679155198798, -840.929207159987, 2972.641022102214, -7285.285944005765, 12112.01736809012, -11995.559903171457, 2353.819848633815, 11320.898071817153, -14154.658096107702, -532.8551043573532, 19302.82747946812, -24384.958072712307, 15504.90686308828, -5289.064281037863, 773.8357685685548], 7, 1.3857155787132726e-05, 1.1249492959912348e-17

14, 18, 15, [-18.561366224314938, 159.9267919095141, -840.9292113259727, 2972.641049899428, -7285.286060932207, 12112.017685518835, -11995.560431618893, 2353.8202474118493, 11320.898355821826, -14154.659009873805, -532.8546531553583, 19302.828471404544, -24384.960007402602, 15504.9084103098, -5289.064907126752, 773.8358739414948], 7, 1.2214279162286385e-05, 1.0129225035739196e-17

14, 18, 11, [-18.512336644675948, 159.3452945917795, -842.1672455530733, 3038.6067948155705, -7869.133998365022, 14966.36115475088, -21018.42736155791, 21588.982858008043, -15788.523996758951, 7791.398552955545, -2326.4476692918315, 317.5191941996982], 12, 0.0008212207009040079, 6.818879375942528e-16

14, 18, 11, [-18.51233665924872, 159.34529491590874, -842.1672487669533, 3038.6068135783303, -7869.134070074329, 14966.361343283243, -21018.42770977144, 21588.98331017481, -15788.524401620727, 7791.398791189559, -2326.447752265515, 317.5192071665686], 14, 0.0008232314565956365, 6.830676179386241e-16

14, 18, 15, [-18.561366331737783, 159.92679436014333, -840.9292361915736, 2972.641196936346, -7285.286615982862, 12112.01904720854, -11995.562470525254, 2353.821527533707, 11320.899671205598, -14154.662242221031, -532.8534591105224, 19302.83215818672, -24384.966407736036, 15504.913245119005, -5289.066782783865, 773.836178891511], 6, 8.084941478698756e-05, 5.570767008492127e-17

14, 18, 11, [-18.51233663987509, 159.3452944843219, -842.1672444693647, 3038.606788329583, -7869.133972815198, 14966.361085291048, -21018.427228698332, 21588.982679292312, -15788.52383109621, 7791.398452154624, -2326.4476330439047, 317.5191883609287], 11, 0.0008217165892280841, 6.823466827713447e-16

14, 18, 15, [-18.56136613741047, 159.9267898589372, -840.9291898307479, 2972.6409187251356, -7285.285550294726, 12112.016393376975, -11995.558428658076, 2353.818904721579, 11320.897134936748, -14154.655737657118, -532.8560029614921, 19302.824801127255, -24384.953376268262, 15504.9032998421, -5289.062895178703, 773.8355429538602], 6, 8.745749173212897e-05, 6.009619245588345e-17

14, 18, 11, [-18.51233668481954, 159.34529544134557, -842.1672535932812, 3038.6068397434733, -7869.134163128563, 14966.361571319065, -21018.428102842125, 21588.983786959936, -15788.524800623916, 7791.39901069088, -2326.4478237385915, 317.51921760679545], 12, 0.0008226290790910357, 6.82807238868434e-16

14, 18, 11, [-18.512336616099514, 159.34529398150113, -842.1672397077087, 3038.6067616691525, -7869.133874715988, 14966.36083609592, -21018.426782550818, 21588.982116036463, -15788.523339428912, 7791.398169402767, -2326.447536580533, 317.51917356402424], 12, 0.0008250867779821238, 6.846090797408166e-16

