13, 15, 14, [4969.507435586209, -22987.261382980465, 28944.430804878568, 9813.827873101109, -26569.385726691205, -21891.989113924767, 15403.692083987575, 35337.31643264086, 8677.743387549115, -35489.03998078904, -34877.43913774438, 26560.071735994723, 55242.12264254018, -59183.99507649435, 16049.399598113409], 8, 3.908709915139889e-05, 1.9064930510003773e-13

9, 15, 14, [4969.507432660066, -22987.261369024585, 28944.430786414465, 9813.82786783582, -26569.385709113907, -21891.989100768158, 15403.692072538708, 35337.31640950748, 8677.743383579531, -35489.03995570152, -34877.43911525627, 26560.071715718972, 55242.12260479159, -59183.99503337308, 16049.399585958408], 4, 3.9461835060217264e-05, 1.9114627920748722e-13

12, 15, 15, [3321.3991037432115, -14142.848762790085, 14687.184860320758, 9405.044393779554, -11374.167995744014, -16179.23584906439, 200.4342125620719, 18036.93478300956, 15994.43407894495, -6281.6880975120275, -24749.805357020094, -12918.937466776068, 22823.861858363452, 28079.860771702304, -38299.72113045479, 11396.252233224346], 3, 4.219971472120361e-05, 2.0803176617007921e-13

15, 15, 14, [4969.5074587598965, -22987.26149121908, 28944.43094313309, 9813.827918085539, -26569.385854876866, -21891.98921724374, 15403.692160373444, 35337.31660274796, 8677.743426804123, -35489.04015425175, -34877.439305240194, 26560.071867498547, 55242.1229104653, -59183.99536641153, 16049.399677142796], 8, 3.8098095658124014e-05, 1.8907236163619407e-13

12, 15, 15, [3321.3991027161437, -14142.848757751013, 14687.18485383943, 9405.044390993104, -11374.167989669273, -16179.235842580207, 200.4342104326029, 18036.934773502624, 15994.434072644937, -6281.68809181206, -24749.80534362322, -12918.937462245482, 22823.861843615367, 28079.860757272923, -38299.7211064473, 11396.252225400165], 7, 4.1815021973413166e-05, 2.0735719138801778e-13

12, 15, 15, [3321.399093756193, -14142.848719791878, 14687.184814829638, 9405.044365485372, -11374.167959859738, -16179.235799285814, 200.4342107988504, 18036.934726225776, 15994.434029714672, -6281.688076544489, -24749.805278990778, -12918.937427211693, 22823.861785369936, 28079.860683590658, -38299.721008476256, 11396.252196678302], 6, 4.1980770879393733e-05, 2.0772881431110474e-13

11, 15, 18, [13446.736986941727, -60761.43062107803, 70531.99748613758, 34336.16362651886, -57798.13102449696, -67712.19565352121, 9241.628607335615, 81224.1676835025, 68436.84651837064, -21227.140620465176, -100214.53875011505, -80805.23344534436, 34979.09313221019, 132096.09827748835, 74758.8853142251, -116143.2942584475, -157538.83467593358, 200542.4503874214, -57394.26889850064], 5, 1.752361010672189e-05, 5.089487088370939e-14

9, 15, 15, [3321.3990770855125, -14142.848647424575, 14687.18473716081, 9405.044318372447, -11374.167897667812, -16179.235714875864, 200.4342059893816, 18036.934627912997, 15994.433946333318, -6281.688038157512, -24749.8051435791, -12918.937360694948, 22823.86165660966, 28079.86053134607, -38299.72079393904, 11396.25213181737], 7, 4.184675215515093e-05, 2.074225947537978e-13

10, 15, 15, [3321.3990938891966, -14142.848719927753, 14687.184814164428, 9405.044365941429, -11374.16795866155, -16179.2357989767, 200.43420946882736, 18036.934724405706, 15994.434029478198, -6281.6880743663905, -24749.80527626508, -12918.937427376915, 22823.861781315554, 28079.860680994516, -38299.72100215984, 11396.252194365117], 6, 4.2010611180091094e-05, 2.0774844154025052e-13

7, 15, 18, [13446.737098624952, -60761.43114149447, 70531.99812087021, 34336.16390268084, -57798.131568586155, -67712.19624441557, 9241.628740447506, 81224.16844975091, 68436.84711496769, -21227.140880046292, -100214.53971491684, -80805.23416540094, 34979.09353665625, 132096.0995645247, 74758.88597727411, -116143.29544943424, -157538.83618770074, 200542.4524103634, -57394.269491915875], 3, 3.3125949511774476e-05, 7.429331016656172e-14

13, 15, 15, [3321.3990877500064, -14142.848693604063, 14687.184786504275, 9405.044348542855, -11374.167936993863, -16179.235768622792, 200.43420867665336, 18036.93469009622, 15994.433999451621, -6281.688062005958, -24749.805229157748, -12918.937403179752, 22823.861737542233, 28079.860627697664, -38299.720928904986, 11396.25217249639], 6, 4.2086534266266505e-05, 2.078530168987017e-13

14, 15, 15, [3321.399087307711, -14142.848690956213, 14687.184782326965, 9405.04434742472, -11374.16793255399, -16179.23576476722, 200.43420629361816, 18036.934683200972, 15994.433995762529, -6281.688056887151, -24749.805219298232, -12918.937400831468, 22823.861725733474, 28079.86061738833, -38299.720909937576, 11396.252166082228], 3, 4.2200735221193716e-05, 2.0803770664140966e-13

13, 15, 14, [4969.507423881107, -22987.261327291988, 28944.430731663415, 9813.827851544036, -26569.385657369305, -21891.989061023156, 15403.692039865695, 35337.31634118629, 8677.743370244538, -35489.039883419406, -34877.43904843858, 26560.0716589511, 55242.122495005, -59183.99491108229, 16049.39955205102], 7, 3.9114021690643556e-05, 1.9060627816371498e-13

14, 15, 15, [3321.3990995362856, -14142.848744289022, 14687.184840022152, 9405.044381939408, -11374.167979125104, -16179.23582723602, 200.43421059037976, 18036.93475677775, 15994.434057427463, -6281.688086445158, -24749.805320763415, -12918.937449817711, 22823.861823051415, 28079.860731200784, -38299.721071850225, 11396.25221526974], 7, 4.197929409935075e-05, 2.0751726562032863e-13

15, 15, 15, [3321.3991016648597, -14142.848753885099, 14687.184850980251, 9405.044387882517, -11374.167988443796, -16179.235838800956, 200.43421233212362, 18036.93477145036, 15994.434068787072, -6281.688093397233, -24749.805341159426, -12918.937458576047, 22823.861843680508, 28079.860753743447, -38299.721105872166, 11396.25222590233], 6, 4.199659701059751e-05, 2.0771830229595132e-13

8, 15, 15, [3321.3991066104795, -14142.848774208445, 14687.184870696408, 9405.044402056368, -11374.168002516619, -16179.235861289422, 200.43421024218983, 18036.93479389175, 15994.434091173365, -6281.688098400323, -24749.805371514172, -12918.937477337759, 22823.861868805536, 28079.86078907506, -38299.72114886485, 11396.252237869176], 6, 4.200857545573374e-05, 2.0775273020977697e-13

9, 15, 18, [13446.737073252423, -60761.4310199029, 70531.99796653567, 34336.16384135122, -57798.131431937174, -67712.19610363762, 9241.62869961817, 81224.16825704525, 68436.84697240764, -21227.14080596086, -100214.53946950489, -80805.23399024873, 34979.093424886785, 132096.09923559404, 74758.88581588485, -116143.29513852767, -157538.8358047304, 200542.45188746275, -57394.2693373391], 5, 2.1523734842405394e-05, 5.6748788503647956e-14

13, 15, 15, [3321.3990866033073, -14142.848688044885, 14687.184779448091, 9405.044345440223, -11374.16793043513, -16179.235761542452, 200.4342064425024, 18036.934679819664, 15994.433992583243, -6281.6880558975645, -24749.805214673266, -12918.937398239232, 22823.861721618963, 28079.86061207441, -38299.72090294005, 11396.252164030919], 3, 4.2188872172596104e-05, 2.0797535937567825e-13

12, 15, 14, [4969.507439932039, -22987.26140299225, 28944.43082983915, 9813.82788188952, -26569.385749413985, -21891.989133124847, 15403.692096685229, 35337.316462957264, 8677.743395697667, -35489.04001045186, -34877.43916782678, 26560.071757478843, 55242.12268921562, -59183.99512520069, 16049.399611082568], 5, 3.947093709686812e-05, 1.9117380349369544e-13

12, 15, 15, [3321.399101064612, -14142.84875102009, 14687.184847426313, 9405.044386236777, -11374.167985203248, -16179.235835185893, 200.434211344263, 18036.934766370377, 15994.434065259202, -6281.688090535657, -24749.805334029843, -12918.937455975409, 22823.86183602202, 28079.860746006958, -38299.72109337083, 11396.252221879193], 7, 4.204299509124047e-05, 2.0778432814855506e-13

8, 15, 18, [13446.7370095075, -60761.4307190473, 70531.99759162948, 34336.163687247594, -57798.13110424793, -67712.19576061233, 9241.628606275674, 81224.16779500603, 68436.84662749007, -21227.140630876762, -100214.53888134292, -80805.23356991426, 34979.09315547874, 132096.0984447396, 74758.88543108369, -116143.29438437938, -157538.83488259566, 200542.4506149316, -57394.268958123976], 7, 1.1572328657815966e-05, 4.669810342748554e-14

15, 15, 15, [3321.399090514945, -14142.848704947135, 14687.18479747275, 9405.044356469029, -11374.167944791263, -16179.235781153015, 200.43420745350645, 18036.93470253515, 15994.434011928128, -6281.68806470288, -24749.805245972206, -12918.937413652648, 22823.86175138157, 28079.860647294347, -38299.72095261129, 11396.252179069734], 6, 4.198745777916778e-05, 2.0768967043859e-13

14, 15, 15, [3321.399106215546, -14142.848773661091, 14687.18487225226, 9405.044400727455, -11374.168005520913, -16179.23586188303, 200.434213748618, 18036.934798444272, 15994.434091571102, -6281.6881040691915, -24749.805378365796, -12918.937476706835, 22823.861879214855, 28079.86079553529, -38299.72116506321, 11396.2522438494], 6, 4.200526594562089e-05, 2.0770643244089513e-13

14, 15, 15, [3321.399101080479, -14142.848751404712, 14687.184848444815, 9405.044386187854, -11374.167986532637, -16179.23583595049, 200.43421244069611, 18036.934768426683, 15994.43406593165, -6281.6880925632695, -24749.805337063706, -12918.937456187967, 22823.861840182315, 28079.860749036146, -38299.72109998826, 11396.252224249134], 7, 4.1827986968708636e-05, 2.0739438377296776e-13

13, 15, 15, [3321.3991190168063, -14142.848829453247, 14687.184932535192, 9405.04443686946, -11374.168054119828, -16179.235927194384, 200.4342181154511, 18036.934875230276, 15994.43415605211, -6281.688134771945, -24749.805484232995, -12918.937527969381, 22823.86198060379, 28079.860914330686, -38299.72133378448, 11396.252295061253], 6, 4.215958357014168e-05, 2.079841984503846e-13

8, 15, 15, [3321.399090026513, -14142.848702803594, 14687.184795129266, 9405.044355093452, -11374.167942879423, -16179.23577862905, 200.43420723866197, 18036.934699516893, 15994.43400944008, -6281.68806344293, -24749.805241802434, -12918.93741168945, 22823.86174733212, 28079.860642632284, -38299.7209458849, 11396.252177011245], 3, 4.219163193849119e-05, 2.0790779797505415e-13

13, 15, 14, [4969.5074343235365, -22987.2613771141, 28944.43079744673, 9813.827870618496, -26569.385719841797, -21891.989108320744, 15403.69207998398, 35337.31642353589, 8677.743385343403, -35489.03997161693, -34877.43912875823, 26560.071729129177, 55242.12262829367, -59183.995061236754, 16049.39959398125], 7, 3.9032033613998624e-05, 1.9055263119773867e-13

13, 15, 14, [4969.507421770355, -22987.261316931294, 28944.43071743968, 9813.827847952547, -26569.385643512254, -21891.989051184948, 15403.692030363689, 35337.31632303168, 8677.743367695415, -35489.03986314587, -34877.43903086796, 26560.071642262115, 55242.12246494853, -59183.99487622073, 16049.399542166564], 8, 3.81677221336064e-05, 1.8923259381926095e-13

10, 15, 14, [4969.507438762591, -22987.26139905623, 28944.43082790844, 9813.82787792641, -26569.385749751244, -21891.98912904444, 15403.692100992996, 35337.31646262301, 8677.74339010691, -35489.04001606475, -34877.43916643121, 26560.07176635384, 55242.122693717836, -59183.995138310696, 16049.399616034056], 8, 3.847098189661435e-05, 1.8967802839847064e-13

9, 15, 15, [3321.3990872250374, -14142.848691332825, 14687.184784068948, 9405.044347075254, -11374.167935037953, -16179.235765991996, 200.434208494582, 18036.934686999743, 15994.433996870048, -6281.68806073527, -24749.805224874268, -12918.93740115239, 22823.861733375805, 28079.86062289745, -38299.72092195002, 11396.252170356585], 8, 4.200587401901746e-05, 2.0757132291380912e-13

