14, 18, 16, [-18.75718086175752, 164.8677783332416, -897.239626675379, 3354.5878421091784, -8991.941749958823, 17341.004933267857, -22969.864170141525, 17196.49700645434, 1640.683826796492, -19508.49079184051, 17322.27554111304, 5179.5176340119715, -26076.389169510756, 27816.379279720437, -15803.470017863774, 4910.314453348673, -660.9756983547404], 4, 0.00035836692902525504, 1.1153834391873351e-16

14, 18, 14, [-18.74581655484651, 164.625221486978, -895.2695472879267, 3349.353958822001, -9022.593030787724, 17684.069309457424, -24513.64187816375, 21262.74086873865, -4498.4659710192145, -16978.32907008684, 28249.225064711067, -23826.322684177347, 12132.030927783835, -3552.6486221870173, 462.971436123491], 9, 0.0002157861504585758, 9.930945081812511e-17

14, 18, 14, [-18.745816587233012, 164.6252222900686, -895.2695562278409, 3349.354017706864, -9022.593284866418, 17684.070057125784, -24513.643376448053, 21262.74278290282, -4498.467072266863, -16978.3300361255, 28249.227902067054, -23826.325722384772, 12132.032761094693, -3552.649237479354, 462.9715260576357], 8, 0.00031209388639964134, 1.279920457756024e-16

14, 18, 16, [-18.75718090823797, 164.86777956876676, -897.2396413975381, 3354.587945626159, -8991.942224426197, 17341.006402932337, -22969.86721412775, 17196.500848662385, 1640.6821160786571, -19508.49376620454, 17322.280861081552, 5179.516509366559, -26076.39539089856, 27816.388554909947, -15803.476422190945, 4910.316761593293, -660.9760497182073], 6, 4.9227137853465806e-05, 2.030533015468007e-17

14, 18, 14, [-18.745816561501762, 164.62522163377196, -895.269548737595, 3349.353967277935, -9022.59306306826, 17684.06939345254, -24513.642026687365, 21262.741033976654, -4498.466043556949, -16978.329171117188, 28249.225295953907, -23826.322911979827, 12132.031059338724, -3552.648665545993, 462.97144247996164], 8, 0.00020391628120768903, 9.58148714068019e-17

14, 18, 14, [-18.745816569527072, 164.62522186148607, -895.269551572165, 3349.3539877946087, -9022.593159035228, 17684.069696400496, -24513.642673324382, 21262.741913366295, -4498.466603672743, -16978.32956906999, 28249.226634122348, -23826.32440542216, 12132.031984612706, -3552.648981992469, 462.9714893595484], 8, 0.0004510698561004391, 1.6904505740798094e-16

14, 18, 14, [-18.74581651666579, 164.6252205085342, -895.2695360641385, 3349.3538828578694, -9022.592694865962, 17684.06829858265, -24513.639809417637, 21262.738167320782, -4498.464356050441, -16978.327759634005, 28249.221021729805, -23826.318281895656, 12132.02823967529, -3552.6477112444145, 462.9713018726074], 8, 0.0002097523430013593, 9.776008078372676e-17

14, 18, 14, [-18.745816564528713, 164.62522171950692, -895.2695497968613, 3349.3539748435414, -9022.593097779882, 17684.069500253594, -24513.642247188942, 21262.741320324894, -4498.46620835606, -16978.329318366017, 28249.225719076956, -23826.323354682725, 12132.031318486383, -3552.648749286442, 462.97145417537484], 7, 0.0007352060723185272, 2.520915049970835e-16

14, 18, 14, [-18.745816507466028, 164.62522029694458, -895.2695338980687, 3349.3538698495468, -9022.59264415601, 17684.06816523504, -24513.639574536548, 21262.737913489935, -4498.464260119913, -16978.32758715531, 28249.220678217065, -23826.317977525727, 12132.02808440917, -3552.6476672312087, 462.97129649118875], 7, 0.0005733656382779782, 2.0491669713217984e-16

14, 18, 14, [-18.745816519801977, 164.62522060701355, -895.2695373938158, 3349.3538931443404, -9022.592745729808, 17684.068466962384, -24513.64018438297, 21262.73869921102, -4498.464718390599, -16978.327978727964, 28249.221846761495, -23826.31923458744, 12132.02884477047, -3552.6479226964057, 462.971333830741], 8, 0.00024336656204358186, 1.077595644498054e-16

14, 18, 14, [-18.74581657174326, 164.62522190364882, -895.269551907846, 3349.3539891812106, -9022.593161690915, 17684.069695014306, -24513.64265281027, 21262.741863206214, -4498.466550344483, -16978.329564556894, 28249.22654412319, -23826.32428136623, 12132.031898566303, -3552.6489503074185, 462.9714844197651], 9, 0.00029347686557162266, 1.2178041257844446e-16

14, 18, 14, [-18.745816536865345, 164.6252210386373, -895.2695423013125, 3349.3539262124486, -9022.592891977283, 17684.068909124868, -24513.64109793252, 21262.739911536304, -4498.465471705224, -16978.328536948455, 28249.223681946954, -23826.321285753245, 12132.030126025475, -3552.6483665650367, 462.9714006940354], 9, 0.00023799851204294765, 1.0559742979064892e-16

14, 18, 14, [-18.74581658283507, 164.6252221720273, -895.269554823106, 3349.354007917277, -9022.59324055515, 17684.069921281513, -24513.643094270643, 21262.74240976468, -4498.466845517593, -16978.329857633562, 28249.227341531827, -23826.32511019923, 12132.03238742391, -3552.6491111732844, 462.9715075230373], 8, 0.000556561700733688, 1.999040086319204e-16

14, 18, 16, [-18.757180924906958, 164.86777998513702, -897.2396460654849, 3354.587976536896, -8991.942357908732, 17341.00679216385, -22969.867970042866, 17196.50172903226, 1640.6818088252528, -19508.49451121281, 17322.281997081587, 5179.516390949475, -26076.396779914576, 27816.390436894926, -15803.477644597013, 4910.317179282488, -660.9761101377543], 6, 9.590310855944176e-05, 3.413850647759731e-17

14, 18, 14, [-18.74581650138582, 164.62522014570692, -895.2695322113622, 3349.3538587362873, -9022.5925962782, 17684.06802486335, -24513.63929499503, 21262.73756002343, -4498.464062057338, -16978.327403288007, 28249.220158048047, -23826.31743018495, 12132.027759448829, -3552.6475599816895, 462.9712810909535], 6, 0.0007676258472869222, 2.616454794497191e-16

14, 18, 14, [-18.745816549535053, 164.6252213573677, -895.2695458854284, 3349.353949958454, -9022.592994614888, 17684.06921047818, -24513.641698036216, 21262.740669314066, -4498.465894547046, -16978.328932757857, 28249.224795492257, -23826.322454837984, 12132.030819099435, -3552.6485951240697, 462.9714335120677], 8, 0.00023017979089203728, 1.0379520891536231e-16

14, 18, 14, [-18.74581653827607, 164.62522107810577, -895.2695427880642, 3349.3539297012107, -9022.592908078368, 17684.068958987045, -24513.641201504874, 21262.74004674435, -4498.4655499719065, -16978.328606312352, 28249.223881993537, -23826.321494815376, 12132.030248030844, -3552.6484058108645, 462.9714061437767], 10, 0.00020086467023436633, 9.48525581841356e-17

14, 18, 14, [-18.74581653751464, 164.62522105682348, -895.2695425199979, 3349.35392768918, -9022.592898099043, 17684.06892489968, -24513.641121175708, 21262.739922617617, -4498.465449993513, -16978.328572390838, 28249.22367828819, -23826.32122791438, 12132.030060716657, -3552.64833411115, 462.9713943327139], 8, 0.00020887336211932524, 9.719351837823484e-17

14, 18, 14, [-18.745816582759982, 164.6252221562544, -895.2695544968495, 3349.3540048058803, -9022.593223105208, 17684.069858367944, -24513.642944911873, 21262.742185836476, -4498.466680837668, -16978.32977644453, 28249.2269862396, -23826.324684165527, 12132.03210987733, -3552.649012171686, 462.9714922914579], 8, 0.0006403067960487562, 2.2444011665217917e-16

14, 18, 14, [-18.745816546382816, 164.6252212467942, -895.2695443036381, 3349.3539373016993, -9022.592930649149, 17684.068995341902, -24513.641212569048, 21262.739971378847, -4498.465408235313, -16978.328656261245, 28249.22370563188, -23826.321178265123, 12132.029998924769, -3552.6483053878783, 462.97138925060904], 8, 0.0007047364570867691, 2.433107736576882e-16

14, 18, 14, [-18.74581656888117, 164.62522181972122, -895.2695508301878, 3349.353981145418, -9022.59312299551, 17684.06956927217, -24513.642376256637, 21262.74147401279, -4498.466286754286, -16978.329403667227, 28249.225940973338, -23826.32358386686, 12132.03145431239, -3552.648794523839, 462.97146078641725], 7, 0.0005829898535837333, 2.0758398479468266e-16

14, 18, 16, [-18.757180892506053, 164.86777918454038, -897.2396371993874, 3354.587918616316, -8991.942111475068, 17341.006085305464, -22969.86662336246, 17196.500201644507, 1640.682290920931, -19508.493180899495, 17322.280076445142, 5179.516513877171, -26076.39439348786, 27816.387315642776, -15803.475665308944, 4910.316517235999, -660.976016299477], 7, 3.907720041112245e-05, 1.7177338602746772e-17

14, 18, 14, [-18.745816527933588, 164.6252207950086, -895.2695393197631, 3349.353904659674, -9022.59279014885, 17684.068581659114, -24513.64038062143, 21262.738900786728, -4498.464780481544, -16978.328128133042, 28249.222109796116, -23826.319448005095, 12132.028943437264, -3552.647947434399, 462.97133639682187], 10, 0.00034054265522319384, 1.3664731826643645e-16

14, 18, 14, [-18.74581655445165, 164.62522146271212, -895.2695468571369, 3349.353954935089, -9022.593009539236, 17684.069233854312, -24513.641700035143, 21262.74060314227, -4498.465777239056, -16978.32897200201, 28249.224644074216, -23826.322183107368, 12132.030603493326, -3552.648507387909, 462.9714186191453], 9, 0.0002009537998127293, 9.496716408994421e-17

14, 18, 14, [-18.745816592281287, 164.62522243280102, -895.2695580176207, 3349.354030843954, -9022.593347445103, 17684.070258899646, -24513.64381757705, 21262.743400484233, -4498.467487523448, -16978.330294044987, 28249.22885724862, -23826.326823577972, 12132.03346115208, -3552.649482636858, 462.97156321289754], 8, 0.0002360042919738796, 1.0545593644092454e-16

14, 18, 14, [-18.745816575991423, 164.62522201579463, -895.2695532272446, 3349.353998310954, -9022.593202880027, 17684.069821308058, -24513.6429160705, 21262.742213989455, -4498.466767826074, -16978.329727662232, 28249.22707431725, -23826.32486905636, 12132.032262118519, -3552.649074848485, 462.97150294573277], 6, 0.0007664089171921124, 2.613873558105755e-16

14, 18, 16, [-18.757180825567303, 164.86777742390254, -897.2396164573212, 3354.58777455009, -8991.941459866632, 17341.004096086424, -22969.86257086762, 17196.495195996744, 1640.6843840663093, -19508.489200540516, 17322.27328374277, 5179.517740657624, -26076.386350053675, 27816.37565650416, -15803.467752781946, 4910.313706286615, -660.9755939734357], 5, 0.0003430549241771591, 1.0705353983077093e-16

14, 18, 14, [-18.745816563993102, 164.6252216877282, -895.26954923884, 3349.3539698493723, -9022.593070682464, 17684.06940448491, -24513.642022717413, 21262.740986516852, -4498.465964151431, -16978.32919731848, 28249.22519033981, -23826.322718123312, 12132.030900985668, -3552.6485990042656, 462.97143079457135], 7, 0.0006321959962827678, 2.221590196005514e-16

14, 18, 14, [-18.7458165433218, 164.6252211868832, -895.2695438136544, 3349.3539352167127, -9022.592926433614, 17684.068996531572, -24513.641241699395, 21262.74004521184, -4498.465488382629, -16978.32866150181, 28249.2238393455, -23826.32136419974, 12132.030128423177, -3552.6483532080188, 462.97139672522195], 8, 0.00020898006833236846, 9.758186177753717e-17

14, 18, 14, [-18.745816532683264, 164.6252209391124, -895.269541213611, 3349.3539190084134, -9022.592859984683, 17684.06881012634, -24513.640884998636, 21262.73961164309, -4498.4652615413925, -16978.328422984683, 28249.223210654545, -23826.32071819623, 12132.029750684651, -3552.64822991476, 462.9713791692451], 8, 0.0002926237688103518, 1.2234522009042346e-16

