25, 14, 18, [0.7165623385178177, -11.492735328588024, 8.575635960552509, 13.179002941701055, 0.46162300365724346, -13.68673541412039, -15.481504086314104, -2.94053655692865, 14.223760575799574, 21.938820408994868, 11.886425655714604, -11.091709364123865, -29.317078856984217, -22.972737590805266, 11.187360485227872, 43.59385094996801, 20.426224850936574, -64.58260811076819, 24.376398736084493], 2, 1.3418338949044806e-08, 2.4886100434626593e-21

25, 14, 14, [-2.7527721176139144, 0.10762395731153365, 3.200442439669313, 1.8946024685025882, -1.823877674314472, -4.031335212504378, -2.439907893097436, 1.915761620717178, 5.284325297809719, 3.882370580429045, -2.4419808679299386, -7.8278087032154104, -3.0071324684826863, 11.672107231139291, -4.632420350699889], 4, 6.510034578395192e-08, 1.7332425034587166e-20

25, 14, 18, [0.7167151543204798, -11.493250568128396, 8.575886002035666, 13.17950355612232, 0.46170036740010795, -13.68718960401525, -15.482068961426355, -2.9406831466071552, 14.224230909493153, 21.939595469113872, 11.886872738457631, -11.092072222873073, -29.31810840927758, -22.97356813290755, 11.187736197879818, 43.5953980117919, 20.426967117507214, -64.58491134964044, 24.377267469700122], 2, 1.3480300886644832e-08, 2.495989674519989e-21

25, 14, 14, [-2.752787970649796, 0.10767749388345772, 3.200415045135353, 1.8945503045487062, -1.8238807489612046, -4.03128156193041, -2.4398524688910648, 1.9157570307894518, 5.284253110554255, 3.882297366384966, -2.441964020660485, -7.827692753218886, -3.0070708484726265, 11.671933065928103, -4.632354736536676], 3, 6.519321193424188e-08, 1.736235286194629e-20

25, 14, 18, [0.7166382925602687, -11.492991384137817, 8.57576020393367, 13.17925170016922, 0.46166143670091214, -13.686961104650795, -15.481784742771286, -2.940609332003366, 14.223994343803032, 21.93920552389007, 11.886647687656104, -11.091889862555956, -29.317590570856275, -22.973150187490468, 11.187547545884698, 43.5946200654688, 20.426593531304533, -64.58375347643548, 24.376830928291056], 2, 1.3300392745841085e-08, 2.4601667136860435e-21

25, 14, 14, [-2.7527754924491923, 0.10763532720135344, 3.200436659986246, 1.8945914008569027, -1.8238783745329756, -4.031323884587065, -2.439896136271214, 1.9157607206576401, 5.284310084762132, 3.8823550791897676, -2.4419774014479088, -7.827784282027509, -3.0071194062204682, 11.672070595495383, -4.632406582859245], 2, 6.518918588050974e-08, 1.735671715790623e-20

25, 14, 18, [0.7166476263605516, -11.493021824504487, 8.5757734113589, 13.17928088688729, 0.4616679487651813, -13.686985220154474, -15.48181731238476, -2.9406205871685622, 14.224017330518354, 21.939247791896452, 11.886675410129833, -11.091904515997937, -29.317643222316555, -22.9731970850069, 11.187560894874029, 43.59469700811195, 20.426636060342666, -64.58386450893109, 24.376870505889638], 2, 1.3449439573914427e-08, 2.4850464614318897e-21

25, 14, 14, [-2.752777639874141, 0.10764261240975792, 3.2004328865987137, 1.8945842887099718, -1.823878738155264, -4.0313165053416045, -2.43988857525432, 1.9157600113464002, 5.2843001242494285, 3.882345057053186, -2.4419749848665373, -7.8277682694426, -3.007110987430557, 11.672046496321126, -4.632397468540962], 2, 6.516238442475298e-08, 1.735620875130727e-20

25, 14, 14, [-2.7527822192147653, 0.10765805930912772, 3.2004250088546162, 1.894569244315638, -1.8238796593385629, -4.031301071471808, -2.439872590979721, 1.9157587428624594, 5.284279380248351, 3.8823239629352866, -2.441970209694963, -7.8277349635610225, -3.007093220223953, 11.671996509581694, -4.632378665793999], 4, 6.513288073895302e-08, 1.7343921503697307e-20

25, 14, 18, [0.7167022285849733, -11.493208357409161, 8.575867566582225, 13.179463076754793, 0.4616915228079242, -13.687155946108799, -15.482023787905076, -2.940667838876366, 14.224198580322918, 21.939536598945555, 11.886834548765835, -11.092051146623461, -29.318034612426402, -22.97350303914932, 11.187716599140034, 43.595289782322716, 20.42690819189099, -64.58475452037666, 24.377211151806947], 3, 1.0050301372754572e-08, 1.9788275426974334e-21

25, 14, 14, [-2.752774687209931, 0.10763264676596854, 3.2004379780330074, 1.8945939965556375, -1.8238781560662722, -4.03132647841075, -2.4398988891738624, 1.9157608504800865, 5.284313537253368, 3.8823586753389723, -2.4419780984780726, -7.827789811277451, -3.007122452074789, 11.672078845041243, -4.632409649028792], 4, 6.515298408187804e-08, 1.734582097119034e-20

25, 14, 14, [-2.7527754671304536, 0.1076352842492027, 3.200436618569648, 1.8945914272567104, -1.8238782901271162, -4.031323817216647, -2.439896163329986, 1.915760589958248, 5.284309940140312, 3.8823550648701173, -2.44197720884425, -7.827784016326295, -3.0071194263472103, 11.672070098338942, -4.6324063262928385], 3, 6.5190679470478e-08, 1.7361965920781316e-20

25, 14, 18, [0.7167272725324157, -11.493293062880449, 8.575909112523485, 13.17954546116105, 0.46170365813881037, -13.687231382972056, -15.482116816677882, -2.9406910976174863, 14.224277339191783, 21.93966498021347, 11.886907497366435, -11.092112974499319, -29.31820633088932, -22.973640041331414, 11.18778134372358, 43.59554866366226, 20.42703037718333, -64.58514133891059, 24.37735793927601], 3, 8.474347713831115e-09, 1.7536239988105744e-21

25, 14, 14, [-2.752778968521971, 0.10764681533152119, 3.200431139642329, 1.8945803052605221, -1.8238794805015948, -4.031312992841583, -2.439884368484877, 1.9157604459068238, 5.284295705721337, 3.8823398111714624, -2.4419748489811273, -7.827761329986298, -3.0071064050018306, 11.672036571083437, -4.632394092046987], 4, 6.519119180171585e-08, 1.7362002537616786e-20

25, 14, 14, [-2.7527757748454977, 0.10763607591784106, 3.2004365661766845, 1.8945907528473072, -1.823878774320531, -4.031323635112057, -2.4398954682396288, 1.9157612195695561, 5.284309965603764, 3.882354418913444, -2.4419780027108895, -7.827784197732732, -3.007118734693992, 11.672070812364764, -4.632406916009419], 5, 6.510530080636597e-08, 1.7326847350256202e-20

25, 14, 18, [0.7165081791077768, -11.49254650433192, 8.575535027069035, 13.178817054649887, 0.461606023226231, -13.686552844810832, -15.48129205273473, -2.940497788819526, 14.223560066738829, 21.938515357439087, 11.88626886417181, -11.091537167906182, -29.31665368959442, -22.97241978876538, 11.18717215385127, 43.59320004965052, 20.425944202139778, -64.58161966622812, 24.376013122923442], 2, 1.3310783572968217e-08, 2.47248912066501e-21

25, 14, 18, [0.7165618545404341, -11.492730885585354, 8.575629570529294, 13.178997544368777, 0.46162754816648777, -13.686724153084699, -15.481496983190404, -2.9405421992713254, 14.223743627998976, 21.938804180636325, 11.886425169587666, -11.091688146276097, -29.31704804151713, -22.97272443741393, 11.18733376708879, 43.59379897220379, 20.42621469951234, -64.58252155323527, 24.376360063160504], 2, 1.3336709812881946e-08, 2.4675627670020818e-21

25, 14, 14, [-2.7527684521521203, 0.1076113849530103, 3.20044914794771, 1.8946147950138545, -1.8238772929989502, -4.031348288003343, -2.4399210079970364, 1.9157632384812553, 5.2843430995157235, 3.8823881166034315, -2.4419856294301927, -7.827837403051478, -3.007147114610703, 11.672150676699413, -4.632436963323399], 5, 6.510242810502205e-08, 1.7300772237465848e-20

25, 14, 14, [-2.7527699646184782, 0.10761666846318937, 3.2004461921028504, 1.8946095787533583, -1.8238772807971013, -4.031342555594197, -2.439915451871356, 1.915762281456796, 5.284335189924051, 3.8823805814403185, -2.4419832105203527, -7.827824593541332, -3.007140881260447, 11.672131110660366, -4.632429356901], 3, 6.522583840395617e-08, 1.7366241690460958e-20

25, 14, 14, [-2.7527804561010876, 0.10765206122498383, 3.200428137073042, 1.8945751074047597, -1.823879384257589, -4.0313071838521095, -2.4398788277739856, 1.9157593621293256, 5.2842876427955545, 3.8823322455688523, -2.4419722477298462, -7.82774824826517, -3.0071001735071983, 11.672016514325021, -4.6323862412261345], 1, 6.46203459695632e-08, 1.7294723014996958e-20

25, 14, 14, [-2.7527845647279108, 0.1076658840598976, 3.200421138453817, 1.89456165941526, -1.8238802708355313, -4.031293460707725, -2.4398645437909243, 1.9157583244965282, 5.2842692354249765, 3.8823134343293826, -2.4419681183896103, -7.827718711383296, -3.0070843098999935, 11.671972241189664, -4.6323696297877754], 2, 6.518703161461062e-08, 1.7358837124805477e-20

25, 14, 18, [0.7166947889558135, -11.49318216581719, 8.57585322007469, 13.179437187343765, 0.46168956803498384, -13.687130026330102, -15.481994155577347, -2.940662953451047, 14.224169773433994, 21.93949349209678, 11.886812961718318, -11.09202595455706, -29.317973955386833, -22.97345838272906, 11.18768886180782, 43.595196647391184, 20.426868835132808, -64.58461266350913, 24.377155520306673], 3, 1.1408292315846141e-08, 2.1715848601816106e-21

25, 14, 14, [-2.7527839343196776, 0.10766361756307699, 3.20042249512999, 1.8945639213405305, -1.823880386553044, -4.031296073495331, -2.4398669582580568, 1.9157589109170434, 5.284272903590902, 3.882316776216143, -2.441969419358475, -7.827724684101526, -3.00708703846891, 11.671981464264787, -4.6323732866525855], 4, 6.508651203791747e-08, 1.732497008116448e-20

25, 14, 14, [-2.7527727289723676, 0.10762580425862134, 3.2004418011754754, 1.8946007557277167, -1.8238781577878203, -4.031333892225215, -2.4399060955813128, 1.9157620571126723, 5.2843237496147495, 3.8823684410964154, -2.4419811695410947, -7.82780632821457, -3.007130546351796, 11.672104023821555, -4.632419406434006], 3, 6.521309621787901e-08, 1.7365080212391353e-20

25, 14, 14, [-2.7527778199480726, 0.10764309624709653, 3.2004328166047293, 1.8945838657110783, -1.8238789874258634, -4.031316328294837, -2.439888135999826, 1.9157603228437525, 5.284300023266841, 3.882344613992203, -2.441975361649816, -7.827768179755765, -3.0071105387229413, 11.672046588143886, -4.632397667251501], 2, 6.512707200623187e-08, 1.7352106945444197e-20

25, 14, 18, [0.716646120730642, -11.493014126410278, 8.575765801258031, 13.17927236311095, 0.46167147893799165, -13.68697172640977, -15.481806699284835, -2.9406244770638157, 14.223998698339859, 21.93922742521926, 11.886671426142568, -11.09188311482111, -29.317608124253226, -22.973178890848967, 11.187534834547357, 43.5946395705113, 20.426621100204684, -64.58377145261723, 24.37683039117775], 2, 1.3418710438744053e-08, 2.4887179727795857e-21

25, 14, 18, [0.7166321401280202, -11.492969565037647, 8.57574796039954, 13.179230104444379, 0.46166023707397774, -13.686938993773378, -15.481760011147191, -2.94060593754722, 14.223969295759, 21.939168995361868, 11.886630254562117, -11.091867154693928, -29.317538226462887, -22.97311281588001, 11.187521968649639, 43.594538960217726, 20.426560836925237, -64.58362874341394, 24.376781293024415], 3, 1.1844880955570528e-08, 2.2452392008517223e-21

25, 14, 14, [-2.752776352972531, 0.1076379795663116, 3.2004356628121426, 1.894588916575577, -1.8238789730150173, -4.031321850297162, -2.43989352033367, 1.9157612001714792, 5.284307620745494, 3.8823519010456686, -2.441977620690866, -7.827780462851631, -3.0071165837482563, 11.672065298202034, -4.632404907484123], 5, 6.512576777899264e-08, 1.7348751553751242e-20

25, 14, 14, [-2.752778094788989, 0.10764401492714344, 3.200432355819568, 1.8945829761216373, -1.823879047097119, -4.031315422912543, -2.4398871956450083, 1.9157602489099204, 5.284298804112354, 3.8823433771682114, -2.441975072166925, -7.827766213075374, -3.007109502040088, 11.6720436181084, -4.632396539669456], 3, 6.515751132001007e-08, 1.7357105982348002e-20

25, 14, 18, [0.7166683858480374, -11.493090215048936, 8.575804247950046, 13.17934668978752, 0.4616810451202157, -13.687041436567407, -15.481890942532596, -2.9406436841749843, 14.224072755321224, 21.93934532218175, 11.886736305326592, -11.091943102527377, -29.317767986462773, -22.97330374700806, 11.187598577712919, 43.594881742268704, 20.426732137957927, -64.58413514513596, 24.37696964861136], 2, 1.3338925504074029e-08, 2.476793524936816e-21

