30, 13, 14, [4.962963280445023, -15.909160985307999, -2.2447953471368263, 13.254269607519786, 15.384709258495837, 3.573437695629899, -13.000378676220937, -21.886902420444063, -14.538362380074414, 7.43197297258053, 29.44272448329523, 28.349852124588388, -10.600186551923755, -56.9232698245845, 31.704144891483928], 4, 1.1521103799865132e-06, 2.908158875866226e-19

30, 13, 15, [2.640169366130831, -9.610179232188555, -2.516455586373452, 7.069075097726806, 10.245737395331405, 5.211220336704119, -4.50369067952451, -12.626889546586423, -13.299230205140406, -4.27736973298132, 10.668338777748223, 21.463712513860536, 15.436154127438632, -12.35002409831137, -38.54694052025417, 23.99746989027586], 4, 1.1807994717600262e-06, 3.016610359280606e-19

30, 13, 14, [4.96296303021232, -15.909160460215459, -2.244795205844642, 13.254269241400497, 15.384708766973233, 3.573437516687215, -13.000378357403433, -21.88690178993911, -14.538361899766336, 7.431972851778907, 29.442723703608053, 28.34985129374884, -10.600186358659352, -56.92326830776764, 31.70414410355324], 2, 1.155133968341353e-06, 2.9187479404265315e-19

30, 13, 15, [2.6401755710706745, -9.610191693786055, -2.516460125588785, 7.06908292880127, 10.245750066170986, 5.211227469314489, -4.503695373297034, -12.62690458137525, -13.299246625410653, -4.277375495360983, 10.668351320899498, 21.46373864412877, 15.436173293274797, -12.350038936621964, -38.54698790878304, 23.997499352152676], 4, 1.1835771322118917e-06, 3.019785305763523e-19

30, 13, 15, [2.640175482317605, -9.610191577828711, -2.5164600254050487, 7.069082926533191, 10.245749969310436, 5.211227338579088, -4.5036954643402005, -12.626904580013168, -13.299246522367891, -4.277375331847081, 10.668351464854826, 21.463738680820615, 15.436173174729054, -12.350039164260817, -38.546988061916615, 23.99749959664526], 4, 1.1812972177316802e-06, 3.0168575257131396e-19

30, 13, 14, [4.962962880556161, -15.90916006717863, -2.2447951823616026, 13.254268877614455, 15.38470839474136, 3.573437501756897, -13.000377926196725, -21.886901174192115, -14.538361578121295, 7.431972491992527, 29.44272274156459, 28.349850496607797, -10.60018584749795, -56.923266411539345, 31.70414293045057], 6, 1.1244003821165052e-06, 2.869220540756041e-19

30, 13, 14, [4.9629610515443705, -15.909155908051712, -2.244794395475668, 13.254265614493264, 15.384704481809507, 3.573436561793161, -13.000374625465419, -21.886895597946246, -14.538357919973754, 7.43197045788009, 29.442715046086256, 28.34984320523285, -10.600182857148823, -56.92325135070359, 31.704134363607555], 5, 1.127974676905189e-06, 2.8917490409842155e-19

30, 13, 14, [4.962956537866288, -15.909145939819158, -2.2447922248457743, 13.254258104123823, 15.384695118195673, 3.5734338965845764, -13.000367381330589, -21.88688273072621, -14.53834902032035, 7.431966516565857, 29.442697913287905, 28.349826336052878, -10.600176961557255, -56.923217891387054, 31.70411585439315], 2, 1.1559691512946894e-06, 2.9202395736351724e-19

30, 13, 14, [4.9629627769012306, -15.909159824170239, -2.244795143402349, 13.254268679308048, 15.384708165758155, 3.573437456996464, -13.0003777169187, -21.886900836138842, -14.538361367654462, 7.431972350122125, 29.44272225963625, 28.349850055689014, -10.600185641386586, -56.923265466540634, 31.70414237994936], 4, 1.1503821728998672e-06, 2.9057914973739243e-19

30, 13, 14, [4.962959274752274, -15.909151987238541, -2.2447935384473316, 13.254262663930374, 15.384700798834801, 3.5734355085695793, -13.000371783880183, -21.886890542462, -14.53835441752886, 7.431968918979152, 29.44270832274598, 28.349836576806446, -10.600180554070128, -56.92323822192248, 31.704127108389578], 5, 1.1278002409777558e-06, 2.873285567957674e-19

30, 13, 15, [2.640173833823456, -9.610188238488256, -2.5164588351912642, 7.06908079602361, 10.245746563950899, 5.21122545558124, -4.503694146408466, -12.626900488683992, -13.299242098765584, -4.277373835135142, 10.668347988646314, 21.46373155387923, 15.4361680101474, -12.350035028854899, -38.54697510135254, 23.997491476097625], 2, 1.1889393802789755e-06, 3.0262269806057813e-19

30, 13, 15, [2.6401793189821223, -9.61019926698424, -2.516462840312327, 7.069087741093318, 10.24575778155908, 5.211231753766429, -4.503698329191347, -12.62691382346942, -13.299256640091759, -4.277378909749315, 10.66835914637194, 21.463754739094927, 15.43618498275981, -12.35004824282022, -38.54701717037926, 23.997517666245354], 2, 1.1891148036662678e-06, 3.0278421170211165e-19

30, 13, 15, [2.6401760461712094, -9.610192677866731, -2.5164604558551273, 7.069083581457193, 10.245751076667409, 5.2112280006893394, -4.503695810038543, -12.626905836145566, -13.299247945550356, -4.277375895265558, 10.668352440313445, 21.46374084496647, 15.436174834583355, -12.35004029087464, -38.546991944976845, 23.997501937588748], 3, 1.1889189985897855e-06, 3.0269814924549566e-19

30, 13, 14, [4.962964451692298, -15.9091636645923, -2.244795838238845, 13.254271726641578, 15.384711779438799, 3.5734382774806326, -13.000380840054786, -21.886906039839836, -14.538364727599598, 7.431974337396664, 29.442729515502794, 28.349856854471337, -10.600188554124278, -56.923279679644125, 31.704150530208175], 5, 1.1190625510969688e-06, 2.8631956486680256e-19

30, 13, 14, [4.962966743474862, -15.90916867559547, -2.244796979684643, 13.25427544743902, 15.384716484417316, 3.5734396907804937, -13.000384363470388, -21.88691242067404, -14.538369226268713, 7.4319761514607725, 29.44273789479077, 28.349865228271145, -10.600191288624476, -56.923296028027984, 31.70415947061434], 5, 1.1189877399485876e-06, 2.862820528838162e-19

30, 13, 15, [2.640177736624752, -9.610196130259592, -2.516461659925101, 7.069085816137299, 10.245754606360832, 5.211229917164377, -4.503697234904205, -12.626910129316112, -13.299252540376589, -4.27737738979978, 10.668356156463314, 21.463748342778583, 15.436180199166, -12.350044740525194, -38.54700562331259, 23.997510580293447], 2, 1.1888721684010182e-06, 3.0266117789863064e-19

30, 13, 14, [4.962962365425853, -15.909158893904477, -2.244794962891192, 13.254267954618502, 15.38470729151845, 3.573437241263011, -13.000376988498175, -21.886899597251254, -14.538360549514346, 7.431971906540079, 29.44272055641285, 28.349848435340498, -10.600184986037185, -56.92326213120165, 31.704140486200334], 5, 1.148867923010793e-06, 2.903089595879971e-19

30, 13, 14, [4.962963516245286, -15.909161466903877, -2.2447954912790413, 13.254269927716761, 15.384709709353816, 3.573437881966313, -13.000378933762008, -21.886902973791766, -14.538362829707939, 7.4319730319182495, 29.442725128363914, 28.34985285658888, -10.600186656950934, -56.92327107169614, 31.704145500209588], 3, 1.155661143828932e-06, 2.9156132410216355e-19

30, 13, 14, [4.962965597558898, -15.909166201489302, -2.244796384683216, 13.254273644634187, 15.384714163057598, 3.573438947524665, -13.000382697395587, -21.886909325162947, -14.538366990645176, 7.431975358697366, 29.44273390220594, 28.349861160761865, -10.600190078543264, -56.923288246941716, 31.70415527931402], 3, 1.1552240193052086e-06, 2.914024244202689e-19

30, 13, 15, [2.6401780741355654, -9.610196749472003, -2.516461940355733, 7.06908613849659, 10.245755216371725, 5.211230333082567, -4.503697340032351, -12.62691074509816, -13.299253309899822, -4.277377781815259, 10.66835653086753, 21.46374937499192, 15.436181096106054, -12.350045127122453, -38.54700741066412, 23.99751154681865], 4, 1.1886357848853563e-06, 3.0256334407241884e-19

30, 13, 14, [4.962959045156688, -15.909151487012057, -2.2447934229984683, 13.254262294241874, 15.384700329533091, 3.573435365732314, -13.00037143538669, -21.886889908315254, -14.538353968643506, 7.431968741420644, 29.442707492079066, 28.349835744476408, -10.600180285059855, -56.92323660036978, 31.704126222580918], 5, 1.1226651954619173e-06, 2.879353732348036e-19

30, 13, 15, [2.640176231897395, -9.61019306547122, -2.5164605832924245, 7.0690838417381165, 10.245751475612076, 5.21122820700459, -4.503695988248929, -12.62690633669674, -13.29924846773173, -4.277376047632864, 10.66835289327766, 21.46374172468189, 15.436175444288184, -12.350040841332154, -38.54699356222976, 23.997502980120874], 4, 1.180542391434015e-06, 3.0163165834569345e-19

30, 13, 15, [2.64017701165123, -9.610194628147193, -2.5164611556250427, 7.069084819959407, 10.245753063421162, 5.211229104933163, -4.503696569562247, -12.6269082146003, -13.299250524218019, -4.2773767762839245, 10.66835445199659, 21.463744986270488, 15.436177844595024, -12.350042681966746, -38.54699947235346, 23.997506646115372], 2, 1.1887138006740168e-06, 3.025992686493838e-19

30, 13, 14, [4.962964168325629, -15.909162903607957, -2.24479580732117, 13.254271006630479, 15.384711058576155, 3.573438270477165, -13.000379970529108, -21.88690482261377, -14.538364113341249, 7.431973590329217, 29.44272758362965, 28.349855280851724, -10.600187494084972, -56.92327586663802, 31.704148147674495], 5, 1.1283112821769478e-06, 2.8737405969295663e-19

30, 13, 14, [4.962963731378001, -15.909161860258344, -2.2447956586481426, 13.254270135241713, 15.384710075396477, 3.5734381065303094, -13.000379027551098, -21.886903339258076, -14.538363221009906, 7.431972915989022, 29.442725425414302, 28.34985334926704, -10.60018651791023, -56.92327162655736, 31.704145640060375], 2, 1.1549204889171795e-06, 2.9149624464270837e-19

30, 13, 14, [4.962955650995721, -15.909143940973488, -2.2447918292730127, 13.254256554797543, 15.38469323836451, 3.5734334193587634, -13.000365835974486, -21.886880081113173, -14.538347253595758, 7.431965596974299, 29.4426942957766, 28.349822868702898, -10.600175603873222, -56.92321081670012, 31.70411186341324], 4, 1.1505559692140203e-06, 2.9064098446898573e-19

30, 13, 15, [2.6401754627758076, -9.610191529873104, -2.516460015665783, 7.0690828868644955, 10.245749917367007, 5.211227319107014, -4.503695428875119, -12.626904503746278, -13.299246451692536, -4.277375322486653, 10.668351384062781, 21.463738544211356, 15.4361730915164, -12.350039063427017, -38.54698780570246, 23.99749942136482], 3, 1.1893430311156637e-06, 3.0268053204870728e-19

30, 13, 14, [4.9629646199882576, -15.909163963200115, -2.244795976069802, 13.254271872388792, 15.384712056636138, 3.573438463381017, -13.000380886145514, -21.886906298379312, -14.538365029287757, 7.431974214626854, 29.44272969186404, 28.349857205410046, -10.600188401552314, -56.9232800024753, 31.70415056138972], 3, 1.1570666907765547e-06, 2.9163810781325056e-19

30, 13, 12, [14.440550443775878, -46.37515126970394, 8.947815634347272, 46.00399233633302, 25.353367671639283, -26.92025150791132, -58.239792485652316, -31.736537792159176, 39.60869677962731, 84.54562078458736, 16.948526717617913, -131.9543341408202, 58.37836892635676], 7, 1.0063353190768806e-06, 2.5766958648474663e-19

30, 13, 14, [4.962957964656752, -15.909149088247267, -2.244792912713925, 13.25426047366195, 15.384698075267771, 3.5734347413000065, -13.000369664279628, -21.886886790621745, -14.53835183148719, 7.431967755202441, 29.442703315129588, 28.34983165890954, -10.600178815962591, -56.92322844141653, 31.704121687877432], 4, 1.1511999618147911e-06, 2.908571354951761e-19

