13, 18, 15, [-8.19376524694768, 25.228065765070564, -30.842800892174505, -2.5574021641330824, 30.305133313535027, 7.833441865649582, -31.431158592291116, -24.243640621840868, 25.126963280984956, 44.7345860175744, -8.60752668863194, -64.25149639324975, -5.002346149024982, 98.10915403533485, -74.96762123507659, 17.760460174925434], 5, 1.2979077392591922e-08, 5.6890222556089455e-21

13, 18, 15, [-8.193772846640735, 25.22811622897177, -30.842911320654395, -2.5573578386530498, 30.30525770830994, 7.833405618385971, -31.431337038908335, -24.243689550380264, 25.127177092054584, 44.73479625936917, -8.607696488329928, -64.25190180762108, -5.00224767280233, 98.10982337675277, -74.96824012137753, 17.760624872386646], 3, 1.540724620937948e-08, 6.542378824359879e-21

13, 18, 15, [-8.193772599179887, 25.22811463168227, -30.84290795286522, -2.5573590164386526, 30.305253925948843, 7.833406423830435, -31.431331822786852, -24.24368775689237, 25.127171198701546, 44.73478993694196, -8.60769223237694, -64.25189033163377, -5.0022497119818645, 98.10980486924501, -74.96822372341619, 17.760620632090664], 2, 1.523494829116785e-08, 6.482466001608222e-21

13, 18, 15, [-8.193766227458104, 25.228072676260194, -30.842817162415287, -2.557394005584543, 30.305151693512432, 7.83343364882005, -31.431186934007922, -24.24364477395668, 25.12700080997924, 44.7346175537335, -8.607560963591572, -64.2515645980729, -5.00232158107529, 98.10927149963686, -74.96773776918307, 17.760492603623817], 3, 1.5271611944452143e-08, 6.500963596395622e-21

13, 18, 15, [-8.193767059376258, 25.22807806784459, -30.842828588881222, -2.5573899334490506, 30.305164537721662, 7.833430793040611, -31.431204737499883, -24.24365075454862, 25.127021060485465, 44.73463907371843, -8.607575735596464, -64.25160390026406, -5.00231435276302, 98.10933500942092, -74.96779425774004, 17.760507248150805], 3, 1.542035173935822e-08, 6.54472425641328e-21

13, 18, 15, [-8.193766157626914, 25.22807180987506, -30.84281409269857, -2.55739693823697, 30.30514820984113, 7.833437697421587, -31.43117986760328, -24.243646733270257, 25.12698849153765, 44.73461127934167, -8.607546238411304, -64.25154440707554, -5.002335407059848, 98.10923266864988, -74.96769284826412, 17.760479003286218], 3, 1.53317312592706e-08, 6.528100622555034e-21

13, 18, 18, [-8.431021821895245, 26.727235429810115, -33.848631783934096, -1.6054653279209337, 32.597975741546826, 8.645459154663095, -32.39377710878291, -28.58392261055246, 18.988857288346214, 48.807373412994686, 14.575503299592084, -50.33674091653484, -57.449443033663265, 26.56368461864838, 94.75574675509522, -1.6836469588976517, -146.21027199320704, 115.36767506986075, -27.486598876638798], 3, 3.010493997332074e-09, 1.3912115266374694e-21

13, 18, 15, [-8.193769898378989, 25.228096596270664, -30.842868216157044, -2.557375317539806, 30.305209125760367, 7.833420052881972, -31.431267136621827, -24.24367069267086, 25.12709303751088, 44.734714024255055, -8.607629443932938, -64.2517426938109, -5.002286793375933, 98.10956044768646, -74.96799666645035, 17.760560045022924], 5, 1.0872530739938585e-08, 4.922322014282158e-21

13, 18, 15, [-8.193779810738059, 25.228162057739386, -30.84301046068156, -2.557319604791904, 30.305369286390704, 7.833375767247938, -31.431495220694185, -24.243736186412303, 25.127363417354516, 44.73498421656846, -8.607840638403779, -64.25225780348048, -5.002167926658484, 98.11040717238409, -74.96877352296987, 17.760765728891993], 4, 1.3857658952745664e-08, 6.0025657997868115e-21

13, 18, 15, [-8.193769729467268, 25.228095102757642, -30.842863846681958, -2.557378690111387, 30.30520419354527, 7.833424403107896, -31.431258082534093, -24.24367197712366, 25.12707845761364, 44.73470534848582, -8.607613047410593, -64.25171809242579, -5.002301463968968, 98.1095144526709, -74.96794533892616, 17.7605447804527], 3, 1.5480242907771253e-08, 6.556330192602766e-21

13, 18, 15, [-8.193772619077633, 25.22811460423704, -30.842907444991546, -2.557359841534668, 30.30525332283814, 7.833407673608547, -31.43133020694389, -24.243688649790755, 25.127167947942723, 44.73478869996178, -8.607688046709583, -64.25188526591857, -5.002253788097447, 98.10979480623818, -74.96821166100004, 17.76061694000779], 3, 1.5215951908418116e-08, 6.4783785122534715e-21

13, 18, 18, [-8.43100783542071, 26.727139050780195, -33.84841149009351, -1.6055667565460987, 32.597733589413366, 8.645539374727031, -32.3934272202938, -28.583805969361624, 18.988479146199946, 48.80690275042815, 14.575607640504174, -50.335999283434184, -57.448946035893705, 26.56302752570944, 94.75455372313137, -1.6832528295884939, -146.20826176390776, 115.36578798247447, -27.486101259555365], 3, 2.9986521085626946e-09, 1.3928368171849396e-21

13, 18, 15, [-8.193764752578137, 25.228063262677257, -30.842797599092098, -2.5574004735222142, 30.305129770560978, 7.83343771365637, -31.43115715013484, -24.243633814867408, 25.12696786051576, 44.73458115744871, -8.607537937794795, -64.25149980009502, -5.002331879113014, 98.10916763223614, -74.96764669554045, 17.760469175676974], 3, 1.533154134671307e-08, 6.5151523804825676e-21

13, 18, 15, [-8.193773459532554, 25.22811968519536, -30.842917146821833, -2.557357934522494, 30.305264169907637, 7.833407976473168, -31.43134336104038, -24.243696600498197, 25.127179428738675, 44.734806395475424, -8.607691873431232, -64.25191059455538, -5.002257064083406, 98.10983094564386, -74.96823583468779, 17.7606217382418], 3, 1.5185873160800497e-08, 6.463222318438326e-21

13, 18, 15, [-8.193764947415543, 25.22806339897476, -30.842794631182922, -2.5574062177567707, 30.30512621134869, 7.833446644191864, -31.43114653142055, -24.243640738775397, 25.12694544939866, 44.73457355431633, -8.607508309333772, -64.25146537363774, -5.002361212492339, 98.10909825894693, -74.96756224463893, 17.760443158836605], 4, 1.3599011591740537e-08, 5.906892956549476e-21

13, 18, 15, [-8.193762335354775, 25.228046166897382, -30.842757237496524, -2.5574207960141218, 30.30508411653641, 7.8334581733585695, -31.431086668479622, -24.243623424642976, 25.1268746090117, 44.7345025956858, -8.607453091494857, -64.25133031029418, -5.0023922078948715, 98.10887632402455, -74.96735872081132, 17.760389275942448], 3, 1.5200955516921997e-08, 6.464744586526285e-21

13, 18, 15, [-8.193768357981595, 25.22808671172496, -30.842847554915256, -2.557382263575653, 30.30518591747772, 7.833424483447698, -31.431235474111737, -24.24365910929817, 25.127057957276683, 44.73467527435187, -8.6076050677841, -64.25167379423178, -5.002297356270248, 98.1094503794696, -74.96790086791464, 17.76053559276436], 6, 1.0176144817333283e-08, 4.636279959874783e-21

13, 18, 15, [-8.193762081054963, 25.22804484520571, -30.8427554057415, -2.557420010819134, 30.30508208995155, 7.833456072398372, -31.431085610169994, -24.24361970658735, 25.12687672715393, 44.73449957404666, -8.607459055495296, -64.25133153681135, -5.002384227182846, 98.10888304202717, -74.9673725937727, 17.76039434614116], 4, 1.3839086224198555e-08, 5.995041481792243e-21

13, 18, 15, [-8.193770544470883, 25.228101146154444, -30.842878885407167, -2.557370072754515, 30.305221214796784, 7.833414902031655, -31.43128563613333, -24.24367378685282, 25.1271171436147, 44.73473487303781, -8.607650862826828, -64.25178676158694, -5.002272110905558, 98.10963551593953, -74.9680697936726, 17.760580129674054], 5, 1.0714151759194699e-08, 4.7368631916185206e-21

13, 18, 15, [-8.193772448917008, 25.228113433231318, -30.8429047672325, -2.557361074485253, 30.30525029557035, 7.833408825230018, -31.431325672197126, -24.243687734131303, 25.127162191843205, 44.73478351159882, -8.607683100682902, -64.2518746216495, -5.002257023621048, 98.1097768567664, -74.9681944662981, 17.760612265700527], 3, 1.5256811456110895e-08, 6.4815456644656885e-21

13, 18, 15, [-8.193770360766079, 25.228099082474284, -30.842871946600706, -2.5573763054518848, 30.305213293265645, 7.833423278987576, -31.431270085202996, -24.243677207441927, 25.127090925625918, 44.73472049249712, -8.607620535582406, -64.25174331650315, -5.002299669607013, 98.10955345607934, -74.9679770810821, 17.760552449171005], 3, 1.5485181592167385e-08, 6.556637204338536e-21

13, 18, 15, [-8.193768627504033, 25.228087788678646, -30.84284787956225, -2.557385002720523, 30.305186179774044, 7.833429431944456, -31.431232371298684, -24.243664590387635, 25.1270479956756, 44.734674844849685, -8.607589384241294, -64.25166008320367, -5.002314566835203, 98.10941934577187, -74.96785849468199, 17.760521883609663], 4, 1.4913413234701304e-08, 6.364338059214081e-21

13, 18, 15, [-8.193769028387607, 25.228090572407684, -30.842854344183838, -2.557381841050104, 30.30519345214296, 7.83342627111892, -31.431243500805248, -24.243666268738504, 25.127062695199857, 44.73468721132311, -8.607602866359736, -64.25168685416288, -5.0023047740082, 98.1094656099725, -74.96790466593711, 17.760534801601114], 3, 1.530152663622272e-08, 6.4967138330323544e-21

13, 18, 15, [-8.193770516421312, 25.2281013592133, -30.84288050964378, -2.5573677552089826, 30.305223081628387, 7.833411403949486, -31.43129034168075, -24.24367130925474, 25.127126505617756, 44.73473846452929, -8.607663012872631, -64.25180145066291, -5.0022600835050355, 98.10966493988526, -74.96810543729354, 17.760591132731157], 4, 1.4032689252358917e-08, 6.068873447306116e-21

13, 18, 15, [-8.193764223919752, 25.228058648114434, -30.84278437123485, -2.557410169256052, 30.305114680173297, 7.833449744570449, -31.431130186688243, -24.243635971777376, 25.12692614099012, 44.734554186526935, -8.607493238567525, -64.2514285159118, -5.002369743383787, 98.10903760820794, -74.9675064656307, 17.760428347002538], 5, 1.3212694755473274e-08, 5.792744321615527e-21

13, 18, 15, [-8.193764644055008, 25.228061941512983, -30.84279302026497, -2.5574046515268383, 30.30512449026051, 7.833443291845993, -31.43114674348472, -24.243635970207478, 25.126950460412477, 44.73457137284134, -8.60751814892812, -64.25147092227928, -5.002349442989387, 98.10911368392011, -74.9675866778771, 17.760451450517227], 3, 1.53698808623711e-08, 6.5239368638954376e-21

13, 18, 18, [-8.431025422986071, 26.727257826321637, -33.8486757939391, -1.6054556482821098, 32.598024537588174, 8.645461943499928, -32.39383445014269, -28.58396516756202, 18.98889441579528, 48.80745739726268, 14.5755307729992, -50.336821464972296, -57.44954524644423, 26.563707421943164, 94.7558915177384, -1.6836153324925405, -146.21046462175022, 115.36778241318464, -27.486614758414206], 2, 3.106204935511734e-09, 1.4383577541441511e-21

13, 18, 15, [-8.19377784533722, 25.228149371173767, -30.842983713602308, -2.5573289491302478, 30.305339241575368, 7.833382138631279, -31.431453802604373, -24.24372190072078, 25.127316671730565, 44.734933993984406, -8.607806950113043, -64.25216675423012, -5.002184009061972, 98.11026039971951, -74.96864352595675, 17.76073210552002], 2, 1.5261988160804216e-08, 6.526760404694817e-21

13, 18, 15, [-8.19377379358645, 25.228122349693024, -30.842924247391537, -2.5573532958334924, 30.305272237674863, 7.833402500349088, -31.431357103162224, -24.24369644101007, 25.12719976697213, 44.734820597076556, -8.607712821000092, -64.25194594663829, -5.002239933500908, 98.1098944644834, -74.96830293876874, 17.76064107551932], 3, 1.5274070749833164e-08, 6.494536592297109e-21

13, 18, 15, [-8.193767511652524, 25.228080365570534, -30.842831581716336, -2.5573916436954245, 30.30516783331327, 7.833434978394045, -31.43120592612474, -24.243657623387918, 25.12701602315483, 44.73464385391894, -8.607563583253354, -64.2515996782353, -5.002329996551806, 98.10931912192457, -74.96776501157183, 17.76049684955909], 4, 1.3748590686449142e-08, 5.965449553125895e-21

