13, 18, 15, [-6.451613488077193, 13.895092369593524, -6.6913910165708765, -11.265176644274188, 2.814066804512214, 14.174621012046138, 7.323600127654925, -11.501552146819568, -20.011024676507954, -2.8889900945865086, 25.548431920405083, 25.066845975169052, -22.947853694429728, -49.46960122116001, 59.007214481984306, -17.60296462319415], 4, 5.480359714001554e-10, 2.592594041940864e-22

13, 18, 16, [-6.0950819784472685, 11.90318318163241, -3.621736983563334, -10.187681365522467, -1.121374633463001, 10.444308476653088, 10.410472246646803, -2.7919789542465, -16.341933660682173, -13.843241604910794, 7.623329559153098, 27.66026345946362, 15.297319948823324, -30.622120495484978, -41.433738523290636, 61.869176927774824, -20.14967458336088], 4, 1.248514821779038e-09, 5.571271310112678e-22

13, 18, 15, [-6.451594510966478, 13.894999650351506, -6.6912796405809924, -11.265098170168015, 2.813953543313309, 14.174443104382195, 7.323607814109628, -11.501290304472914, -20.010768119895918, -2.8891158772195786, 25.54790674171395, 25.066546360079837, -22.947219563404825, -49.46873860464706, 59.00585399497947, -17.602501303029655], 4, 5.475901581747501e-10, 2.5867737449471415e-22

13, 18, 9, [-8.040421544492451, 25.33268331430547, -35.440609365457114, 8.37749964067515, 33.74690100960714, -23.200503921542392, -35.235384367413786, 61.19801969410623, -35.10258944744705, 7.364476520484365], 6, 6.54148667989901e-09, 2.8495558605054868e-21

13, 18, 15, [-6.45158820193948, 13.894969471360922, -6.69124473403317, -11.265071948220221, 2.813919475615303, 14.174386348262782, 7.323606682917519, -11.501211293796391, -20.01068604329429, -2.889147919300733, 25.54774924106046, 25.066448711034003, -22.94703794620871, -49.46847675821883, 59.005460949694076, -17.602370916643977], 3, 6.227516771228099e-10, 2.961682976807193e-22

13, 18, 15, [-6.451612573954456, 13.89508861054471, -6.691387972177068, -11.26517272099811, 2.8140652709652163, 14.174615060053412, 7.323596471910441, -11.501548325132385, -20.011015844184346, -2.888985478448576, 25.548425312425714, 25.066833700903775, -22.947855049283476, -49.46958692900318, 59.00721367746958, -17.602968130357795], 5, 5.372464217400866e-10, 2.5409188313185274e-22

13, 18, 9, [-8.040430138282913, 25.33274018309429, -35.440742095977406, 8.377586633528832, 33.747028057374756, -23.200677814965836, -35.23552150362405, 61.198404300025885, -35.10285743469752, 7.364541348804956], 8, 6.32692864686288e-09, 2.7638020168470026e-21

13, 18, 15, [-6.451620057057735, 13.895125742337116, -6.691433742082417, -11.265203581709061, 2.814113037488653, 14.174687345050586, 7.323590338985039, -11.50165851978859, -20.011119938281524, -2.8889276693773853, 25.54864708775509, 25.066953852625687, -22.94812973617046, -49.46994857274076, 59.007800018749435, -17.603170540595862], 3, 6.248513034313542e-10, 2.9692554997537315e-22

13, 18, 16, [-6.095081637874278, 11.90318197989277, -3.6217364725591388, -10.187679943514961, -1.1213741741453715, 10.444307157338722, 10.41047009892683, -2.7919799502674834, -16.341932094029538, -13.843238062590865, 7.623332335157013, 27.660262297942225, 15.29731436137604, -30.622125883354137, -41.43373584354829, 61.869188423127895, -20.14968158036583], 3, 1.4714664412556684e-09, 6.410503952102531e-22

13, 18, 15, [-6.4516087263268, 13.895069771663952, -6.691365253892674, -11.265156827211644, 2.8140420692544215, 14.174578846657596, 7.323598297868886, -11.50149469897019, -20.010963650671908, -2.889011694349317, 25.548317668343106, 25.066772904676007, -22.947724374036465, -49.46941035640791, 59.00693353434109, -17.60287242370579], 4, 5.457079798763581e-10, 2.537365795281753e-22

13, 18, 15, [-6.4516039783504056, 13.895046249788447, -6.691336346091038, -11.265137224925581, 2.8140119966174266, 14.174533112958047, 7.323601910554588, -11.501425313873956, -20.010897752673248, -2.8890476258244857, 25.548178120794905, 25.066696659104643, -22.947552282782976, -49.46918256317083, 59.00656602341855, -17.602745889321938], 4, 5.542103389933385e-10, 2.6263385265953107e-22

13, 18, 16, [-6.095095700063149, 11.903245999162028, -3.6218002340718427, -10.187746516053878, -1.121325343250272, 10.444433230976298, 10.410523902720072, -2.792100925637473, -16.342150565745772, -13.843319691850283, 7.623566127962258, 27.660663973138522, 15.297381248126605, -30.6227351249854, -41.43428017574233, 61.87034737759945, -20.150116614587137], 2, 1.4810483947267338e-09, 6.467510932790058e-22

13, 18, 16, [-6.0950843638183185, 11.903194308130482, -3.621748587097194, -10.18769280787179, -1.1213651032557101, 10.444331188756568, 10.410480745827384, -2.792002451199693, -16.34197356405221, -13.84325429879076, 7.6233755932495315, 27.660338112654465, 15.297328359596479, -30.62223904281185, -41.43383886558553, 61.869403323047244, -20.149761541878004], 4, 1.0572552430333026e-09, 4.789150715640471e-22

13, 18, 15, [-6.451616513777926, 13.895107646251404, -6.691410400555082, -11.265189045012074, 2.8140876199487455, 14.174651196395807, 7.323596041491123, -11.501600079578212, -20.011068009619134, -2.888962447366446, 25.54852883145655, 25.066895148721752, -22.947977457041603, -49.469757945939214, 59.007477423844435, -17.603056933009036], 3, 6.232718470201362e-10, 2.9593581179154566e-22

13, 18, 9, [-8.04043055991644, 25.33274330466555, -35.44075029696381, 8.377593259721596, 33.74703561510041, -23.20069111546314, -35.235529523525834, 61.19843333103177, -35.10287956573807, 7.364547086929567], 11, 4.2503052063497665e-09, 1.9310318826698564e-21

13, 18, 15, [-6.4516058052681196, 13.895055951615975, -6.691349591729983, -11.26514465845288, 2.814027138081239, 14.174553136245011, 7.323596917671368, -11.501460003346423, -20.010926419531483, -2.8890242608455687, 25.548248748264523, 25.066728186010653, -22.947647074467437, -49.46929496695488, 59.00676531776983, -17.602817527395665], 3, 6.277818724803627e-10, 2.9911055876790714e-22

13, 18, 16, [-6.095091733049106, 11.903227831595277, -3.6217819503245776, -10.187727650080594, -1.121339557113945, 10.444397140676003, 10.410508858468004, -2.7920657874888244, -16.342087841581247, -13.84329685288672, 7.623498129713111, 27.660548306118063, 15.2973629546076, -30.622558476047658, -41.434123633417535, 61.87001136995629, -20.14999012875614], 4, 1.0457263269779075e-09, 4.644378509251922e-22

13, 18, 15, [-6.451601188151596, 13.895032521079328, -6.6913196226557075, -11.265125758418254, 2.813994716013647, 14.174506633824048, 7.323603824981751, -11.501385383581784, -20.01085969370619, -2.889068227273906, 25.548097731384367, 25.06665276114881, -22.947452906460697, -49.469051231552655, 59.006353327121396, -17.602672400730906], 4, 5.481166107484385e-10, 2.5857337228566014e-22

13, 18, 16, [-6.095082366912878, 11.90318537462881, -3.6217399971723183, -10.187683442561367, -1.1213713024346061, 10.444314066887749, 10.410472734370291, -2.791987026565129, -16.34194421363255, -13.843242021135461, 7.623346157287535, 27.66028490998093, 15.297317110995648, -30.6221615119937, -41.433766275116135, 61.86925638733222, -20.14970757590408], 3, 1.4876574820804893e-09, 6.481434877952517e-22

13, 18, 15, [-6.4516163776366815, 13.89510751794759, -6.691411330728589, -11.265188425268503, 2.814089689940897, 14.174651940622892, 7.323593276188829, -11.501604637261812, -20.011068982960477, -2.8889558964116233, 25.54853862021594, 25.066895072427208, -22.947995341428303, -49.469771652895375, 59.00751299128169, -17.60307139084763], 3, 6.211356972984146e-10, 2.945990675435179e-22

13, 18, 9, [-8.040422636207492, 25.33269053692367, -35.4406262138192, 8.377510664504575, 33.746917145548004, -23.200525951344808, -35.235401792994416, 61.198068415654326, -35.10262334241045, 7.364484707251308], 14, 2.4401971198941696e-09, 1.0412785744891795e-21

13, 18, 16, [-6.095091746159039, 11.903227354817927, -3.621780413861398, -10.187727428033872, -1.1213420576765352, 10.44439458952431, 10.410510248969688, -2.7920598000400974, -16.342082304272235, -13.843299436781006, 7.623485189738696, 27.660535422510986, 15.297369347233253, -30.622527589956476, -41.43410792567423, 61.86995053297573, -20.149962991789618], 4, 1.0782858164801428e-09, 4.885562384245215e-22

13, 18, 15, [-6.451624775643375, 13.895148422168049, -6.691460237496682, -11.265223121109095, 2.814139213078726, 14.174730165799293, 7.32359033865552, -11.501719197523931, -20.01118174168216, -2.8889014415782097, 25.548768373147787, 25.067026820265095, -22.94827217072371, -49.47014938778566, 59.00810753287583, -17.603273732332585], 3, 6.23683221790499e-10, 2.966314731734514e-22

13, 18, 9, [-8.040432372185473, 25.33275485985382, -35.44077606135752, 8.37760850159868, 33.74706065885097, -23.20072151273868, -35.23555673582892, 61.19850107138843, -35.10292427142182, 7.364557397616698], 13, 3.975703226348672e-09, 1.818221289041007e-21

13, 18, 16, [-6.095084098839937, 11.903193263540611, -3.621747856996466, -10.187691651220158, -1.1213652858283876, 10.444329613710417, 10.410479384841768, -2.792001921852179, -16.341971154901415, -13.843252138113591, 7.623374904918477, 27.660334415280516, 15.297325487703427, -30.622236400241185, -41.433833391005074, 61.86939872646072, -20.149760894174783], 3, 1.4707739668565395e-09, 6.416206027423237e-22

13, 18, 9, [-8.040435783877571, 25.332777445916367, -35.440828785923834, 8.37764304668945, 33.747111144596175, -23.200790546483635, -35.235611252639785, 61.19865373083628, -35.10303054160024, 7.364583079171588], 15, 2.769913171578578e-09, 1.303404691367803e-21

13, 18, 15, [-6.451601963036934, 13.895036307314637, -6.691324207592951, -11.265128903710451, 2.813999448691499, 14.17451385948476, 7.3236032415845145, -11.501396344774047, -20.010870008417225, -2.8890623438952105, 25.548119895137244, 25.066664484695735, -22.947480854724915, -49.46908735982633, 59.006413286118814, -17.602693437171926], 4, 5.552365074121137e-10, 2.6382756604667296e-22

13, 18, 9, [-8.040433733668582, 25.332763694771536, -35.44079621508401, 8.377621095300196, 33.74708007691597, -23.200746678909862, -35.235577740908894, 61.198556952170684, -35.102962363003876, 7.364566448459323], 12, 3.533553182551849e-09, 1.6324126980353439e-21

13, 18, 9, [-8.040438231585075, 25.3327939063865, -35.44086794695246, 8.37766975159455, 33.74714837082548, -23.20084399271181, -35.23565129977841, 61.19877164696323, -35.103114365019, 7.364603698085655], 11, 4.503952630116685e-09, 2.0324490542136208e-21

13, 18, 15, [-6.451591487570459, 13.894984982033488, -6.691262226548764, -11.265085661251236, 2.813936045107588, 14.17441515062148, 7.323608514261916, -11.50124980512875, -20.010727791512643, -2.889134527834256, 25.547825626034086, 25.066499038611767, -22.947122736107076, -49.46860492744887, 59.00564574458174, -17.6024308194778], 3, 6.188410306878953e-10, 2.9459714087311224e-22

