13, 18, 18, [-6.88209240185588, 16.187204872265927, -10.128545567209054, -11.96710600869112, 6.345471035861046, 16.430041269712465, 5.112236451751032, -15.043887473565482, -20.814103596234208, -2.329484156324247, 24.421701555321174, 29.01662466421031, -2.7873860750232726, -43.13114333372484, -34.62539511286471, 39.81033946004163, 72.41424744325145, -89.8017145233778, 26.773201613859545], 2, 3.802431520108283e-09, 1.5245871490741692e-21

13, 18, 18, [-6.882110438673384, 16.187300475860866, -10.128680446799256, -11.967164384278087, 6.345620298863195, 16.43020588961432, 5.1121732170003575, -15.0441717566546, -20.81431823435011, -2.329328017291344, 24.42218678066511, 29.016967755908016, -2.7876996691373805, -43.13200324321539, -34.62578901288845, 39.811377420814615, 72.41551379391107, -89.80375800062151, 26.773887704902993], 3, 3.6995025957392447e-09, 1.4842370342074403e-21

13, 18, 12, [-7.982944874117018, 24.106242850315553, -29.292403914821712, -1.988472919855666, 30.083449251316367, 3.6925717248968017, -35.639607226259756, -12.838046866280969, 45.69986013781283, 19.572731247015952, -77.07822180324156, 52.60013002907357, -11.935325914637373], 6, 5.5860091573147805e-09, 2.4879745672168696e-21

13, 18, 12, [-7.982940851587007, 24.106217480538877, -29.29235130035208, -1.988491169096896, 30.083388473940037, 3.692591582905073, -35.63951824381025, -12.838047252300333, 45.69972760180627, 19.57271257941089, -77.07799735909285, 52.59995142256837, -11.935281243560864], 4, 5.581070817079048e-09, 2.522426532437321e-21

13, 18, 12, [-7.982944408388689, 24.106240267289913, -29.292399557381827, -1.988473025468535, 30.083444308762882, 3.6925707824382443, -35.63960153244681, -12.838043371367272, 45.69985435517459, 19.572725797536012, -77.07821402848678, 52.6001286727086, -11.935326539653436], 5, 5.638321478194472e-09, 2.5415263250218494e-21

13, 18, 12, [-7.982943277455246, 24.10623274897064, -29.292382892126547, -1.988480292918423, 30.083424946499857, 3.6925797859888934, -35.639571557649504, -12.838047147200207, 45.699806918892996, 19.57272387268558, -77.07813166736484, 52.60005824273277, -11.935307959828096], 4, 5.574283471361798e-09, 2.5262158411085234e-21

13, 18, 12, [-7.982944490472063, 24.106240933701518, -29.292401354600592, -1.9884718250869338, 30.0834464271837, 3.692569049697265, -35.639605265887894, -12.838041936221387, 45.6998610023536, 19.57272488082206, -77.07822607781708, 52.600140168153835, -11.935329791296256], 5, 5.65376929629909e-09, 2.550635765731271e-21

13, 18, 12, [-7.982945035291533, 24.106244612943364, -29.292409653467853, -1.9884680330708036, 30.08345609196914, 3.692564264963901, -35.63962041334608, -12.838039681462789, 45.69988523660392, 19.572725470672246, -77.07826829333064, 52.6001766130144, -11.935339459910042], 7, 5.588844993683813e-09, 2.5098616734258886e-21

13, 18, 12, [-7.9829414750700005, 24.106221417807014, -29.29235947255053, -1.9884883348623748, 30.0833979195982, 3.6925885082725554, -35.639532069343524, -12.838047220943823, 45.69974816950112, 19.572715525879268, -77.07803215550858, 52.59997904579329, -11.935288137225996], 5, 5.587050086015895e-09, 2.520723480221341e-21

13, 18, 12, [-7.982937626696413, 24.106196413461305, -29.292305544597923, -1.9885099563903255, 30.083335437153252, 3.6926142320818096, -35.63943738780623, -12.838054937910966, 45.69960154210523, 19.57270449120845, -77.07777966218048, 52.599768105127005, -11.935233383031386], 3, 5.531935321771711e-09, 2.5084237627101563e-21

13, 18, 17, [-7.231628823070808, 18.40900806151158, -14.478102580205022, -11.533188807222695, 12.020540318476883, 18.01108450093994, -2.0579661244354175, -23.158075762708975, -17.35388371450409, 13.732207508031257, 35.41504938282916, 13.955259636897802, -36.851976977427036, -48.20201905793476, 26.94156962430478, 84.29358120713452, -86.80994249180496, 23.89861647893328], 3, 1.1771151860756255e-09, 5.305943772737056e-22

13, 18, 18, [-6.8820933977297996, 16.187210257067267, -10.128553429031815, -11.967109058825455, 6.345479994240062, 16.430050527412885, 5.112231942555517, -15.043904544636586, -20.81411544697558, -2.3294733240643493, 24.421731230384136, 29.016643841475084, -2.7874077758629143, -43.13119676000341, -34.625416538666805, 39.81040749117467, 72.41432520229986, -89.80184773456124, 26.77324764310829], 3, 3.379534009026699e-09, 1.3769863535432088e-21

13, 18, 18, [-6.882095126745922, 16.187219708254876, -10.1285673617465, -11.967114424950045, 6.345495943824023, 16.4300670547888, 5.112224027112241, -15.04393495407011, -20.81413691534098, -2.329454641899189, 24.421783844302006, 29.016678855255428, -2.7874445738283407, -43.13129071044252, -34.62545652277926, 39.81052388799782, 72.41446230322315, -89.80207496083045, 26.77332468842139], 2, 3.805148503754881e-09, 1.528257564856396e-21

13, 18, 18, [-6.88208274513479, 16.187154463015844, -10.128476211090788, -11.967073841586366, 6.345395922438695, 16.42995479098757, 5.112264191296775, -15.043744486016124, -20.81398997809028, -2.3295549136564, 24.42146033082822, 29.01644482885611, -2.787242754449052, -43.13071969275656, -34.625186293920265, 39.809844488954745, 72.41361863203254, -89.80073490573727, 26.772878286178297], 4, 1.8184277306167665e-09, 8.431149373981324e-22

13, 18, 17, [-7.231639908015587, 18.409070952202075, -14.4782046429384, -11.533207916922564, 12.020662781986754, 18.011169152742617, -2.0580693929354132, -23.158280349324812, -17.353935350613007, 13.732444404809623, 35.415368490595924, 13.955241139677309, -36.8524714078641, -48.202431159267825, 26.942062470961417, 84.29448788012347, -86.81111258525645, 23.898977824517658], 3, 1.1236778311827833e-09, 5.172603861747542e-22

13, 18, 18, [-6.882110985955536, 16.18730371163233, -10.128685777423893, -11.967165751477992, 6.345626912292314, 16.43021158807049, 5.112168621517451, -15.044184383691057, -20.814325271272402, -2.3293176456481928, 24.422209586667226, 29.01697977224825, -2.7877199980862692, -43.13204538564111, -34.62580174395713, 39.81143561569426, 72.4155736782386, -89.803870334172, 26.77392792659903], 3, 3.7220359411894276e-09, 1.4964767300507092e-21

13, 18, 12, [-7.982938506332716, 24.106202078721907, -29.292317642259587, -1.9885052465699287, 30.08334942980475, 3.692608696765195, -35.63945844429264, -12.8380534839657, 45.69963395580206, 19.572707223538202, -77.07783538916618, 52.59981441681167, -11.93524536659189], 7, 5.537249001542846e-09, 2.4892936952392087e-21

13, 18, 17, [-7.231643669296386, 18.409092825518055, -14.478241540774802, -11.533212934726343, 12.020708123679638, 18.011197366779644, -2.058111052619582, -23.158355360728496, -17.35394816154925, 13.732539272940175, 35.41548616418345, 13.955222160234866, -36.85266929161366, -48.20258137557749, 26.942273183704106, 84.29484229714149, -86.8115988822205, 23.89913326454252], 2, 1.1646389882099494e-09, 5.269445838811769e-22

13, 18, 12, [-7.982941088121368, 24.106218927874252, -29.29235417748918, -1.9884903455583487, 30.083391786238188, 3.692590817686565, -35.63952290259934, -12.838047669260298, 45.69973420625406, 19.57271408750798, -77.0780082905852, 52.59995951492291, -11.935283145434308], 6, 5.569040199999275e-09, 2.4805646413304818e-21

13, 18, 12, [-7.98294446854155, 24.106240970789553, -29.292401931648474, -1.9884709135500318, 30.083447134110365, 3.6925675141867456, -35.63960708307213, -12.838040118464596, 45.6998650981796, 19.572723057577406, -77.07823407419694, 52.60014905819813, -11.935332523325132], 4, 5.613853585709014e-09, 2.5402313729914062e-21

13, 18, 12, [-7.982939982325059, 24.106211684887743, -29.292338406482127, -1.9884968556111, 30.0833734894646, 3.6925986671223243, -35.639494975271354, -12.838050333984276, 45.699690661856884, 19.572711263797387, -77.07793314388663, 52.599896330771415, -11.935266678574655], 4, 5.5892316614733175e-09, 2.5218005517117142e-21

13, 18, 12, [-7.982950731986767, 24.10628110714374, -29.29248697384177, -1.988438858316647, 30.083545522125085, 3.692530686794982, -35.63975394425525, -12.83803300747038, 45.700088811501175, 19.572746009850555, -77.07861668126279, 52.60046248917717, -11.935412710416385], 4, 5.567301136221163e-09, 2.518932549360145e-21

13, 18, 12, [-7.982952013340801, 24.10628945168707, -29.29250500563328, -1.988431608057486, 30.083566434215104, 3.6925220754630583, -35.639785649384955, -12.838030469704512, 45.70013787007996, 19.57274981562382, -77.07870106030569, 52.60053278245869, -11.935430904359972], 5, 5.624013773553747e-09, 2.547376107925542e-21

13, 18, 12, [-7.982940798749891, 24.106216943778094, -29.292349625576787, -1.9884925211669993, 30.083386476311798, 3.6925936144572415, -35.639514476695894, -12.83804913264157, 45.69972056580071, 19.572714003658675, -77.07798442819363, 52.599938676259484, -11.935277575665456], 5, 5.581629490802645e-09, 2.5135928442796595e-21

13, 18, 12, [-7.982937191008722, 24.10619332009818, -29.292298202332432, -1.988513735661053, 30.083326826177505, 3.692619196388987, -35.63942344291166, -12.838057831199707, 45.6995786155694, 19.57270484511356, -77.07773941198916, 52.599732566150884, -11.935223831667429], 3, 5.616377476158498e-09, 2.5458081420967283e-21

13, 18, 12, [-7.982939617884852, 24.106209438890197, -29.2923338969455, -1.9884982096356016, 30.08336829221304, 3.6925999804786436, -35.63948759605684, -12.83804983114474, 45.69968008043276, 19.572709060859708, -77.07791554114219, 52.599883080411324, -11.935263518810984], 3, 5.5829822632801486e-09, 2.536080799909843e-21

13, 18, 12, [-7.982945344141982, 24.10624655263218, -29.29241368485368, -1.9884665762334708, 30.083460720874132, 3.6925625871865693, -35.63962726518517, -12.838039344363708, 45.69989568859069, 19.57272644790163, -77.07828629265916, 52.600191587500824, -11.935343357136873], 5, 5.606521620250008e-09, 2.523197118793605e-21

13, 18, 12, [-7.982944133351539, 24.106238887120135, -29.292397683468543, -1.9884723043845256, 30.083442247828735, 3.6925689881424684, -35.639600017201396, -12.83804002225701, 45.69985466766664, 19.572721473072992, -77.07821641547501, 52.60013504387678, -11.935329011228577], 5, 5.5510753911173404e-09, 2.50108873743398e-21

13, 18, 12, [-7.982940915953265, 24.106217784422228, -29.292351648467584, -1.9884914381000147, 30.08338884725375, 3.6925921625029634, -35.63951836549023, -12.83804820980154, 45.699727050958344, 19.572713757506488, -77.0779958866659, 52.59994894869426, -11.935280365344479], 4, 5.594856680796983e-09, 2.532357581447479e-21

13, 18, 12, [-7.982944263391746, 24.106239330785495, -29.29239755970759, -1.988473786489595, 30.083441989826966, 3.692571651365436, -35.63959806457549, -12.838043521789812, 45.69984908817568, 19.57272521318931, -77.0782050593118, 52.600121403271224, -11.935324700644617], 5, 5.572654481492528e-09, 2.5085303070642747e-21

