14, 18, 3, [-8.045218700637621, 24.273362268998337, -32.550645455273944, 16.36960434658677], 30, 0.011384976557423055, 1.025192232533093e-21

14, 18, 3, [-8.045625841154772, 24.27582239977322, -32.55560053487232, 16.372931107949025], 40, 0.011389904918799338, 1.0256374150419006e-21

14, 18, 3, [-8.047543735733754, 24.28740323408276, -32.57891007455594, 16.388570010693883], 50, 0.011433440284701033, 1.0295467279490833e-21

14, 18, 3, [-8.050777216977478, 24.30692909256872, -32.618213343211835, 16.414940970920863], 30, 0.011444264148152306, 1.0305141100059869e-21

14, 18, 3, [-8.051180998403597, 24.309367878801527, -32.62312332474567, 16.41823604141113], 14, 0.011482253248932537, 1.033899966573665e-21

14, 18, 3, [-8.049378952721561, 24.29848583700228, -32.60121880576398, 16.403538801320416], 11, 0.011430068268350697, 1.0291901808811488e-21

14, 18, 4, [-6.438994820485191, 11.336384190138846, 6.523623329032892, -36.082914029076626, 26.4042042167583], 15, 0.00030168045340202813, 2.7319347533147745e-23

14, 18, 3, [-8.04746233047746, 24.28691170780199, -32.57792079328563, 16.387906311060178], 15, 0.011431632139504828, 1.0293598607259207e-21

14, 18, 3, [-8.045960114565176, 24.27784133975509, -32.559665190014705, 16.375658846366125], 15, 0.011402997379208414, 1.026788904970259e-21

14, 18, 3, [-8.047445473458744, 24.28681058537936, -32.57771859687985, 16.38777155186692], 25, 0.01142861950937191, 1.0291063768784646e-21

14, 18, 3, [-8.044973399471349, 24.27188153105015, -32.54766600937954, 16.367605996825638], 35, 0.011398265295437632, 1.0263875514028335e-21

14, 18, 4, [-6.438232235955887, 11.333313602396235, 6.523624164498682, -36.070471429363494, 26.391679017937374], 9, 0.00030026373190417176, 2.719078010268391e-23

14, 18, 4, [-6.43897001467133, 11.336283891675278, 6.523623915200776, -36.08250647586843, 26.40379225980142], 12, 0.0003023433706057145, 2.7379299676957865e-23

14, 18, 4, [-6.439210539326219, 11.337252480860107, 6.523623512534223, -36.0864316616702, 26.40774392536129], 13, 0.0003024946610842574, 2.7393029939017684e-23

14, 18, 3, [-8.050810929578532, 24.307133256617465, -32.61862548030515, 16.415218289893257], 35, 0.011472339279272227, 1.0330337311048532e-21

14, 18, 4, [-6.438664548244715, 11.335054104160042, 6.5236239954625646, -36.07752365725929, 26.398777136178698], 13, 0.00030231099700387456, 2.7376399091160695e-23

14, 18, 4, [-6.438863294264405, 11.335854617868911, 6.523623439414592, -36.08076817037183, 26.40204421525715], 11, 0.0003037988003906653, 2.751094759850019e-23

14, 18, 3, [-8.047364018000565, 24.286318236801783, -32.57672661543904, 16.38710533937824], 11, 0.01139449138245992, 1.0260011819813838e-21

14, 18, 3, [-8.051123374391466, 24.30901906686904, -32.62241951471352, 16.417762676715842], 15, 0.011445870830153268, 1.0306356705839467e-21

14, 18, 4, [-6.439757665564094, 11.33945487888099, 6.523623765720282, -36.09535447732638, 26.416723384092837], 25, 0.0003032470303781156, 2.746120868420528e-23

14, 18, 4, [-6.4403114957293175, 11.341684696720625, 6.52362343973849, -36.10438955402278, 26.42581758625939], 15, 0.0003021632101683675, 2.736306087760079e-23

14, 18, 3, [-8.051733439722614, 24.312703418794626, -32.6298364521148, 16.422739667834033], 30, 0.011461074985967448, 1.0320213230442301e-21

14, 18, 3, [-8.053385015543862, 24.322677827835946, -32.64991602934762, 16.436213796417558], 11, 0.011474314586762074, 1.0331453165024124e-21

14, 18, 3, [-8.05225929817305, 24.315879048504808, -32.63622893531913, 16.427028984154788], 11, 0.011476623847638723, 1.033361884536925e-21

14, 18, 4, [-6.437993643645079, 11.332352904819562, 6.523624416204777, -36.06657852138547, 26.387760296610267], 12, 0.0003003556047821888, 2.719938632170365e-23

14, 18, 3, [-8.04670831527715, 24.282358392877846, -32.56875533865837, 16.381756538276704], 50, 0.01142084669318442, 1.0284169269061723e-21

14, 18, 3, [-8.048040927388906, 24.2904059158917, -32.58495475779952, 16.392626184304213], 25, 0.011444151119594957, 1.030502601628368e-21

14, 18, 3, [-8.050572763466304, 24.30569367643222, -32.61572499881623, 16.41327031802072], 14, 0.011456416746733077, 1.0315813807489302e-21

14, 18, 3, [-8.04854738966286, 24.293464708451637, -32.5911126443672, 16.396758486547924], 50, 0.011440243674619223, 1.0301572645967786e-21

14, 18, 3, [-8.047171232356868, 24.285153800297977, -32.5743821941176, 16.385531957143137], 35, 0.011436806039583683, 1.029846106979621e-21

