14, 18, 3, [-8.077787634438849, 24.470388748318715, -32.947951317593954, 16.636661779508756], 13, 0.011525530953147265, 1.0377769668520904e-21

14, 18, 3, [-8.07816393484429, 24.47267014049332, -32.952561774214786, 16.639767530725898], 35, 0.011538538799109628, 1.0389753089555547e-21

14, 18, 3, [-8.079084819602144, 24.478252430355496, -32.9638414911955, 16.64736489136831], 40, 0.011557648328574395, 1.0406912558086283e-21

14, 18, 3, [-8.078218401856558, 24.47299994468424, -32.953227441015876, 16.640215383980873], 35, 0.011550672299970983, 1.0400644926917653e-21

14, 18, 3, [-8.078531429538668, 24.474897900114794, -32.957063347222444, 16.642799599050647], 13, 0.011537747303160557, 1.0388734999718084e-21

14, 18, 3, [-8.07896484082843, 24.47752521895688, -32.96237224148059, 16.64637540633091], 14, 0.011487973706685802, 1.0344146030606524e-21

14, 18, 3, [-8.078924806205267, 24.47728246605359, -32.96188159139835, 16.646044840413115], 14, 0.011548921418998347, 1.0398876449464715e-21

14, 18, 3, [-8.079566460389085, 24.48117202677312, -32.96974079985254, 16.651338253508467], 25, 0.01151977379452788, 1.0372862726703575e-21

14, 18, 3, [-8.079080212130178, 24.478224702861866, -32.963785873419795, 16.647327706062686], 14, 0.011525688325821874, 1.0377934169505162e-21

14, 18, 3, [-8.078679638931852, 24.475796282452592, -32.95887855118703, 16.644022154056138], 40, 0.011537228690440406, 1.038859027115326e-21

14, 18, 3, [-8.079026757700042, 24.477900134793618, -32.96312896404863, 16.646884523455892], 50, 0.011552293102350595, 1.0402125282775758e-21

14, 18, 3, [-8.077895686124807, 24.471043779636034, -32.94927496207699, 16.63755335765813], 25, 0.011519666096181545, 1.0372783807113888e-21

14, 18, 4, [-6.463695743329983, 11.423325488659886, 6.600413012648767, -36.643035004921956, 26.91697236900415], 9, 0.00030361757763153506, 2.749435371934015e-23

14, 18, 3, [-8.078970424613644, 24.47755873583966, -32.96243929694899, 16.64642011992428], 50, 0.011550084899787405, 1.0400144656677637e-21

14, 18, 3, [-8.07878274496861, 24.476421319714696, -32.96014156020462, 16.64487287224949], 20, 0.01155996040753367, 1.0408860518957551e-21

14, 18, 3, [-8.07964232295756, 24.481631767725293, -32.970669504576584, 16.651963600311205], 30, 0.011548684896642786, 1.0398856061408333e-21

14, 18, 4, [-6.464465426528372, 11.42643624867647, 6.600412879074962, -36.655737733308136, 26.929807238895226], 15, 0.0003016302392949335, 2.731481655441635e-23

14, 18, 4, [-6.464222489782787, 11.425454556585256, 6.600412700651915, -36.6517294583604, 26.925757943058393], 13, 0.0003043823996253393, 2.756386271916244e-23

14, 18, 3, [-8.07935490235614, 24.479890098755348, -32.96715153559653, 16.6495949711721], 30, 0.011561395434726764, 1.0410235169881137e-21

14, 18, 3, [-8.077743778069431, 24.47012248559747, -32.947412470037044, 16.636298283761036], 30, 0.011554984661168811, 1.0404493294678757e-21

14, 18, 3, [-8.079396294471161, 24.48014090847317, -32.96765811757683, 16.64993603349971], 50, 0.011574309073032543, 1.0421884033977772e-21

14, 18, 3, [-8.078385540816107, 24.474013260986805, -32.95527525770819, 16.641594865355664], 35, 0.011561368816528025, 1.0410248746190741e-21

14, 18, 3, [-8.0781667195729, 24.47268613031969, -32.95259228327812, 16.639786867015292], 30, 0.011531451496122575, 1.0383392197852356e-21

14, 18, 3, [-8.077962782080025, 24.471450540275786, -32.9500969399416, 16.63810703906812], 40, 0.011529499467667592, 1.0381659752795097e-21

14, 18, 3, [-8.0786618905255, 24.475688949663546, -32.95866218899382, 16.64387677353187], 10, 0.011555912380074536, 1.0404707591539305e-21

14, 18, 3, [-8.079321333994914, 24.479685953378073, -32.96673770408938, 16.64931534219558], 35, 0.011570196137434135, 1.041816611757733e-21

14, 18, 3, [-8.07894468611657, 24.477403414112267, -32.96212686828344, 16.646210641602547], 35, 0.0115317271325006, 1.0383641326027442e-21

14, 18, 3, [-8.078212430574231, 24.47296444392231, -32.95315711465103, 16.640168964287845], 20, 0.011553467610984398, 1.0403028910641517e-21

14, 18, 3, [-8.077662984704807, 24.46963271773155, -32.9464228154896, 16.635631698500493], 14, 0.011553891254857054, 1.0403315623160378e-21

14, 18, 4, [-6.463589023314955, 11.422894330241572, 6.600412812463059, -36.64127481979111, 26.91519454306485], 13, 0.0003019657758037816, 2.7345173125334306e-23

