14, 18, 3, [-8.058369543383925, 24.35282346828138, -32.71068800795918, 16.477051434022208], 25, 0.011441278008102643, 1.030243535270935e-21

14, 18, 4, [-6.446034073991229, 11.360540766019989, 6.548984304064883, -36.248999813153844, 26.554307423263296], 15, 0.00030596026175094745, 2.770670393230087e-23

14, 18, 3, [-8.057812354666789, 24.349453578454522, -32.70389428562668, 16.47248603665294], 14, 0.011454158186963027, 1.0313825527535398e-21

14, 18, 4, [-6.447607682711014, 11.366884044076931, 6.548984117995593, -36.274767478542365, 26.580275036920753], 12, 0.0003057195809690552, 2.76848539043794e-23

14, 18, 4, [-6.448060937726202, 11.368711102494085, 6.548984104955021, -36.28218927387533, 26.58775429940519], 40, 0.00030653240462549434, 2.7758572614937486e-23

14, 18, 3, [-8.058495839509558, 24.35358735055879, -32.712228082210736, 16.478086422953208], 15, 0.01145540947657132, 1.0314918317250034e-21

14, 18, 3, [-8.057234740341395, 24.34596138542198, -32.69685648041592, 16.46775828169859], 14, 0.011456054191870043, 1.0315518339923683e-21

14, 18, 3, [-8.057965637403495, 24.35038084883261, -32.705764098689386, 16.47374284383889], 14, 0.01142427557508884, 1.0286995602619355e-21

14, 18, 4, [-6.44736160408651, 11.365891842958664, 6.548984481080631, -36.27073628583239, 26.576211546157914], 13, 0.0003041998795626063, 2.7547366201560027e-23

14, 18, 3, [-8.05821423342971, 24.351884039277014, -32.70879388881685, 16.475778431461638], 50, 0.011464055537012548, 1.032294177556954e-21

14, 18, 3, [-8.059774726464624, 24.361318819650815, -32.727808195397145, 16.488551873035586], 40, 0.011461591112727706, 1.0320712996392841e-21

14, 18, 3, [-8.057765194900128, 24.349169201398873, -32.703322684747505, 16.472103064996315], 15, 0.011446319676630004, 1.0306744750415953e-21

14, 18, 3, [-8.056467084942842, 24.341319054214495, -32.68749844539145, 16.461470290265165], 20, 0.011425228260226641, 1.0287948205834364e-21

14, 18, 3, [-8.058538598944146, 24.353845237369573, -32.71274652662263, 16.47843384001123], 30, 0.011470879761636603, 1.0329020265820109e-21

14, 18, 3, [-8.059799513160335, 24.361469530143925, -32.728113640698446, 16.488758215522378], 14, 0.011472794411082595, 1.0330557826422363e-21

14, 18, 3, [-8.05870611015579, 24.354858665437384, -32.714790242133496, 16.479807649205576], 30, 0.011460926251439066, 1.032007855179896e-21

14, 18, 3, [-8.058032379725708, 24.35078470981911, -32.706578692285454, 16.474290525984156], 30, 0.011474447169055825, 1.0332219214829544e-21

14, 18, 4, [-6.4476681255085335, 11.367127743320157, 6.548984040954898, -36.275757574522785, 26.58127302882731], 13, 0.0003058378280917944, 2.769558986943392e-23

14, 18, 3, [-8.059097159232518, 24.3572230628403, -32.71955552260551, 16.483009014595307], 20, 0.01148083983516073, 1.0337868776649585e-21

14, 18, 3, [-8.059238888500891, 24.358080630367585, -32.72128516200274, 16.484171858095515], 11, 0.011451385354047676, 1.0311076865179427e-21

14, 18, 3, [-8.058455582138711, 24.353343279661843, -32.71173483736434, 16.477754157568235], 11, 0.011431276115521362, 1.0293104586600592e-21

14, 18, 3, [-8.05878041782587, 24.355307728065956, -32.715694847187386, 16.48041507038555], 25, 0.01146817880039659, 1.0326574758526849e-21

14, 18, 3, [-8.057228685211687, 24.345925251503754, -32.696784616507095, 16.467710648604413], 35, 0.011447733659017457, 1.030827490016389e-21

14, 18, 3, [-8.058414156131635, 24.353092292859642, -32.711227956699716, 16.477412935115144], 40, 0.01147549322357456, 1.0333190988362037e-21

14, 18, 3, [-8.058516809559872, 24.3537139470698, -32.712482836203264, 16.478257305321055], 20, 0.01146084618432161, 1.0319929714738391e-21

14, 18, 3, [-8.05956628695451, 24.360059067067578, -32.725270326775906, 16.486847629406437], 40, 0.011485676113758971, 1.0342330884936247e-21

14, 18, 3, [-8.05882245818464, 24.355562481040373, -32.71620942199648, 16.48076153126139], 20, 0.011451778567899997, 1.0311782324713433e-21

14, 18, 3, [-8.059562562896804, 24.360037233545306, -32.72522769998811, 16.486819917610045], 12, 0.01145793823324181, 1.0317039318030726e-21

14, 18, 3, [-8.058490079849667, 24.35355204897206, -32.7121559726873, 16.478037332835353], 15, 0.011455004900105469, 1.0314562828637713e-21

14, 18, 3, [-8.056074425166045, 24.33894607725353, -32.68271821027998, 16.458260448506866], 9, 0.011408919046856786, 1.0272619919311478e-21

