14, 18, 4, [-6.455846615994901, 11.395863331239456, 6.574729458165846, -36.46188644355174, 26.751520422750865], 10, 0.0003014541787836117, 2.729869642349115e-23

14, 18, 3, [-8.068987593303424, 24.41707368175137, -32.840281498437385, 16.56418201299694], 7, 0.011479425995132835, 1.0335567473742002e-21

14, 18, 3, [-8.067182625422644, 24.40614616957353, -32.81822930191173, 16.549347915017577], 30, 0.011487754143981909, 1.034416284287789e-21

14, 18, 3, [-8.068559691911029, 24.414483496501443, -32.83505517040199, 16.56066688440333], 50, 0.011508507512878905, 1.0362836757330019e-21

14, 18, 3, [-8.068135059894741, 24.41191262053691, -32.8298668324513, 16.55717665370335], 40, 0.011496114167208252, 1.0351697512909088e-21

14, 18, 3, [-8.069223985807406, 24.41850544431909, -32.84317209151292, 16.566127290494695], 12, 0.011463706079552867, 1.0322177609997004e-21

14, 18, 3, [-8.068455238493334, 24.413850616610492, -32.833776971544694, 16.55980637813202], 30, 0.011513238124286458, 1.0367039252835723e-21

14, 18, 3, [-8.06865634140047, 24.41506818999874, -32.83623422891661, 16.561459423779645], 15, 0.01152101174437107, 1.0373745449540805e-21

14, 18, 4, [-6.4560844005291305, 11.396823153201067, 6.574729365368211, -36.465795781392174, 26.755465452257646], 35, 0.00030456952330562315, 2.75809028142557e-23

14, 18, 3, [-8.066824259246205, 24.403975704889124, -32.813847456018046, 16.54639915017026], 10, 0.011482516529309166, 1.0338751139512328e-21

14, 18, 3, [-8.067486819576096, 24.407987608001832, -32.821945015972815, 16.55184714437914], 12, 0.011477709092701533, 1.0334701541864232e-21

14, 18, 3, [-8.068976070461515, 24.417004027923742, -32.84014114978124, 16.56408774822597], 30, 0.011507402659731306, 1.0361812121833822e-21

14, 18, 3, [-8.067580419852698, 24.4085537987401, -32.82308664933966, 16.552614450758814], 12, 0.011449047695179751, 1.0309030427746153e-21

14, 18, 3, [-8.068891938946452, 24.416494938308357, -32.83911429657433, 16.56339734774316], 50, 0.011514086615575498, 1.0367845217784106e-21

14, 18, 3, [-8.068682456240454, 24.415225894314823, -32.83655167912463, 16.56167242567328], 10, 0.011453379047271024, 1.0312632383219392e-21

14, 18, 4, [-6.455899696039068, 11.396077528140902, 6.574729520464636, -36.46275869621624, 26.752400385581517], 30, 0.0003014815886450924, 2.730143269465169e-23

14, 18, 3, [-8.067689421145266, 24.40921421112746, -32.8244204083092, 16.55351233029819], 40, 0.011499462215029094, 1.0354702723406166e-21

14, 18, 3, [-8.068418565713985, 24.413628786352614, -32.83332969476368, 16.55950576321017], 10, 0.011469613007090165, 1.0327177444097863e-21

14, 18, 3, [-8.066443024400057, 24.4016682270023, -32.809192010810754, 16.5432682904799], 20, 0.01147953157178385, 1.0336655528882682e-21

14, 18, 4, [-6.455809698362758, 11.395714371848568, 6.574729392784006, -36.4612798956047, 26.75090858058305], 30, 0.00030170387649047954, 2.732153847964559e-23

14, 18, 4, [-6.455319024725859, 11.393733627826066, 6.574729759427732, -36.45321200684736, 26.74276649835788], 11, 0.00030273741829226684, 2.741490042142009e-23

14, 18, 4, [-6.454971078233515, 11.392329193898105, 6.57472981590511, -36.44749193239619, 26.736994442724466], 12, 0.0002993360644220848, 2.7107076687759355e-23

14, 18, 3, [-8.068202113674598, 24.412318288731964, -32.8306849151544, 16.557726576870476], 15, 0.011466612046899409, 1.0324953830937844e-21

14, 18, 3, [-8.067622660092404, 24.40881005993457, -32.82360487195386, 16.55296377355248], 50, 0.011499701350364997, 1.0354938585477582e-21

14, 18, 3, [-8.067335416822198, 24.407071025265342, -32.82009537092045, 16.55060296230304], 35, 0.011502109093397583, 1.0357064498128294e-21

14, 18, 3, [-8.068374635327011, 24.413362518497628, -32.83279173396925, 16.559143469587063], 9, 0.01150184464132938, 1.0355961223664328e-21

14, 18, 3, [-8.066627630554251, 24.40278516191677, -32.81144463174579, 16.54478264278233], 14, 0.011491162125159356, 1.034699305422831e-21

14, 18, 3, [-8.06713520582103, 24.40585897719069, -32.817649517605716, 16.548957758814176], 25, 0.011505711505640531, 1.0360256515707494e-21

14, 18, 3, [-8.06766487777884, 24.40906510124846, -32.82411844635184, 16.553308498653276], 14, 0.011494098612051864, 1.0349633385676888e-21

14, 18, 3, [-8.066413821383648, 24.40149119533386, -32.808834283472805, 16.543027338100327], 20, 0.011499994913661575, 1.0355079075879674e-21

