14, 18, 3, [-8.03894629861829, 24.235510562214227, -32.4745049471931, 16.31855093182873], 30, 0.01140883561452521, 1.027582949981164e-21

14, 18, 3, [-8.035260270326255, 24.213280693468217, -32.429816643303646, 16.28860556869752], 35, 0.011377524519407834, 1.0247743485196261e-21

14, 18, 3, [-8.035061326616495, 24.21207930864541, -32.42739833264328, 16.28698293660426], 25, 0.011370152270567353, 1.0241075216570552e-21

14, 18, 3, [-8.038289592503276, 24.23154963066254, -32.4665414774124, 16.313214068797436], 6, 0.011361207850496371, 1.023172493647785e-21

14, 18, 3, [-8.03995050436256, 24.241566442203396, -32.48667830985072, 16.326707784197428], 40, 0.01143852608887078, 1.0302517735133985e-21

14, 18, 3, [-8.039916881687597, 24.24136468506422, -32.486274763768655, 16.326438739262734], 20, 0.011420815959210198, 1.028649518424442e-21

14, 18, 3, [-8.038383093831122, 24.232114489516434, -32.467678946316305, 16.3139775820151], 12, 0.01141058594192153, 1.0277028486247209e-21

14, 18, 3, [-8.040097145543488, 24.242451760392804, -32.48845995440366, 16.32790293025231], 30, 0.011426653730058207, 1.029183474686223e-21

14, 18, 3, [-8.038484420380172, 24.232725438134594, -32.46890685170273, 16.314800210805046], 30, 0.011423523154623937, 1.0289026960456422e-21

14, 18, 3, [-8.041163464130438, 24.248882421931164, -32.50138711278527, 16.33656515070174], 20, 0.011440017174868011, 1.0303741738253293e-21

14, 18, 3, [-8.03970760776585, 24.240102256477865, -32.4837362634195, 16.324737261274283], 20, 0.011428985860592442, 1.0293830860679489e-21

14, 18, 3, [-8.03837626819656, 24.232073527750895, -32.46759700887802, 16.31392294913807], 10, 0.011394079353469462, 1.0262098764470237e-21

14, 18, 3, [-8.03914126378887, 24.23668747018304, -32.476873081597304, 16.32013929045556], 40, 0.01141577066000764, 1.0282091921691862e-21

14, 18, 3, [-8.03649252457627, 24.22071115825341, -32.44475181999144, 16.298612098156095], 25, 0.0113829634303131, 1.0252589630896511e-21

14, 18, 3, [-8.03915050053539, 24.236743317182018, -32.476985634685995, 16.32021490263637], 13, 0.011423504064364324, 1.0288635581340033e-21

14, 18, 4, [-6.431329938055578, 11.309689617379815, 6.498607507356247, -35.90777763770951, 26.244913126934637], 11, 0.000303560964705605, 2.7496102260416086e-23

14, 18, 4, [-6.4309214814770765, 11.308047757781738, 6.498607006988357, -35.90114344720341, 26.238246317319053], 11, 0.0003008049552282023, 2.724661551927977e-23

14, 18, 3, [-8.040897756535609, 24.247279421256145, -32.498163505562715, 16.334404277851387], 50, 0.01143222762730715, 1.0296875129551636e-21

14, 18, 3, [-8.036590316235293, 24.221301545350247, -32.44593991237774, 16.29940906798681], 13, 0.011389524907914486, 1.0258228432233308e-21

14, 18, 4, [-6.432752230984726, 11.315408198271127, 6.4986073250817045, -35.93088832814486, 26.268143282911687], 11, 0.0003043207280803609, 2.7564929521385167e-23

14, 18, 3, [-8.038336139171363, 24.231831161675434, -32.467109072855365, 16.313595509111884], 25, 0.011413955153102217, 1.0280383296249545e-21

14, 18, 3, [-8.039237164066678, 24.237264596045993, -32.47803078677636, 16.320913399558545], 13, 0.01139955570605162, 1.0267155252116263e-21

14, 18, 3, [-8.034822426494646, 24.21063991792834, -32.424507523932526, 16.28504768096342], 20, 0.011376101593292413, 1.0246380784012323e-21

14, 18, 3, [-8.039165667822948, 24.236832480747523, -32.477160238421035, 16.320328793913284], 35, 0.01141834963990735, 1.0284397894263787e-21

14, 18, 4, [-6.434177103921855, 11.321137120509682, 6.498607185449799, -35.954040725022764, 26.291415230545812], 20, 0.00030391721367049597, 2.752849884321354e-23

14, 18, 3, [-8.037639884633908, 24.22763111284, -32.4586636898658, 16.30793490130984], 11, 0.011384272679372653, 1.0253345712367278e-21

14, 18, 3, [-8.037923193249764, 24.22934053437839, -32.46210177914333, 16.31023986302955], 30, 0.01141967799900787, 1.0285560499179125e-21

14, 18, 3, [-8.039409581472961, 24.238304951334392, -32.48012326458555, 16.322316273516165], 14, 0.01142227387420594, 1.0287718967209669e-21

14, 18, 3, [-8.039507918843826, 24.238898376668807, -32.48131695632853, 16.323116654778207], 30, 0.011437149962523352, 1.0301240997783789e-21

14, 18, 3, [-8.03934583841479, 24.237919796191786, -32.47934752528114, 16.321795470863908], 11, 0.011412457266385203, 1.0278617912960821e-21

