14, 18, 3, [-8.078751966564681, 24.476234266117693, -32.959762627449, 16.644616993427327], 20, 0.01150501994393448, 1.036208692410027e-21

14, 18, 3, [-8.078800491221918, 24.4765284894514, -32.96035728986223, 16.645017622634196], 14, 0.011492561523093876, 1.035080441041756e-21

14, 18, 4, [-6.464024342510577, 11.424706032662515, 6.60009409425929, -36.64781229629541, 26.922015871262662], 12, 0.0003016062228189687, 2.7319181759443534e-23

14, 18, 3, [-8.078615530077194, 24.475407363081203, -32.95809208570725, 16.64349202906314], 40, 0.01151763892173846, 1.0373525948594317e-21

14, 18, 3, [-8.078741371362444, 24.476169903469895, -32.95963230010949, 16.64452902756989], 25, 0.011534638135213791, 1.038873340959379e-21

14, 18, 3, [-8.078335783104556, 24.473711233510986, -32.954664160344926, 16.641182718244423], 20, 0.011529035845785017, 1.0383647682407297e-21

14, 18, 4, [-6.464145838194389, 11.4251970064325, 6.600094149408768, -36.64981695939963, 26.92404112190401], 30, 0.00030251665655168565, 2.7401736005173666e-23

14, 18, 3, [-8.078876779282945, 24.476990627109608, -32.96129046811812, 16.64564573353502], 10, 0.011500736386937382, 1.0357764838748416e-21

14, 18, 4, [-6.464274510364748, 11.4257170742114, 6.600094082205361, -36.65194066820474, 26.92618702550863], 25, 0.0003059148945053897, 2.770935742059663e-23

14, 18, 4, [-6.46383420645631, 11.423937596470703, 6.600094117309622, -36.644674523404696, 26.918845539135667], 11, 0.00030022221591203434, 2.7193850642231243e-23

14, 18, 3, [-8.078715718026078, 24.47601464016815, -32.959319064364706, 16.644318382477074], 9, 0.011504702582940252, 1.0361215512351173e-21

14, 18, 4, [-6.463966090009813, 11.42447065697641, 6.600094031015892, -36.646851323493586, 26.921045142125337], 15, 0.000301686514605582, 2.7326543106215376e-23

14, 18, 4, [-6.46424118712394, 11.425582468909386, 6.600093990832621, -36.651391224125646, 26.925632172356437], 15, 0.0003055122773876696, 2.767288730143321e-23

14, 18, 3, [-8.079289533450075, 24.479493048605185, -32.966347645277885, 16.649052438976224], 20, 0.01153610614782297, 1.0389981594009571e-21

14, 18, 4, [-6.464002627635338, 11.424618301504442, 6.600094056868458, -36.64745414254606, 26.921654123878227], 8, 0.00030003532284084876, 2.7176590440068395e-23

14, 18, 3, [-8.07866497465732, 24.475706910392834, -32.958696995598345, 16.64389921659544], 40, 0.011522755398653299, 1.0378121024323916e-21

14, 18, 4, [-6.463955691565602, 11.424428643436485, 6.600094016284238, -36.646679800970276, 26.920871888872973], 35, 0.0003051715800069756, 2.7642102574865024e-23

14, 18, 3, [-8.07906192141382, 24.478113299510294, -32.96355970340408, 16.647174653329518], 20, 0.011525813414827554, 1.0380747129758495e-21

14, 18, 3, [-8.078607714231865, 24.475359736910335, -32.957995350887316, 16.643426537168377], 14, 0.011511917012025417, 1.0368184895322673e-21

14, 18, 3, [-8.079103316455727, 24.47836431597489, -32.964067085162455, 16.64751651172397], 11, 0.011501437908382475, 1.0358504705586629e-21

14, 18, 3, [-8.078733496163157, 24.476122429549193, -32.959536907779295, 16.644465137043397], 35, 0.01153272356130286, 1.038705566057226e-21

14, 18, 3, [-8.078743708245735, 24.476184060725906, -32.95966088909547, 16.64454827159958], 12, 0.011488597770074223, 1.0347086987049943e-21

14, 18, 4, [-6.4638630077297865, 11.424054105558259, 6.600093967574496, -36.64515056310718, 26.91932696640938], 12, 0.0003030838222178172, 2.745294746881891e-23

14, 18, 3, [-8.078389272841115, 24.474035489317362, -32.95531937513541, 16.641624042961283], 50, 0.01151843148859975, 1.0374256259486584e-21

14, 18, 4, [-6.464014736511984, 11.424667116210665, 6.6000942217163265, -36.6476531326724, 26.921854669292152], 25, 0.00030257221027900924, 2.740675519841492e-23

14, 18, 3, [-8.078570072932225, 24.475131500826443, -32.957534051737255, 16.643115752452644], 20, 0.01153516235115952, 1.0389103740705687e-21

14, 18, 3, [-8.07824021821842, 24.473132006675733, -32.953493912776835, 16.64039461055335], 25, 0.011517940223132586, 1.0373730872581721e-21

14, 18, 3, [-8.078574439561326, 24.475158331172103, -32.957588994147855, 16.64315324911846], 40, 0.011527721324777971, 1.0382576740988997e-21

14, 18, 4, [-6.463918886390738, 11.424279821472098, 6.600094119896841, -36.64607191252535, 26.920257388982385], 12, 0.0003016373696489222, 2.73220176921573e-23

14, 18, 4, [-6.463988915493446, 11.424562836651056, 6.600094122087584, -36.647227533228346, 26.9214249683295], 12, 0.0003030810287367259, 2.745271359627257e-23

