14, 18, 3, [-8.058651966933057, 24.354531009674787, -32.71412929046223, 16.479363222877954], 6, 0.011485539960779908, 1.0343190190603293e-21

14, 18, 3, [-8.057669508883293, 24.34859036179381, -32.70215548101599, 16.471318527405018], 10, 0.011459014768313708, 1.0320336988253513e-21

14, 18, 3, [-8.059278164293532, 24.35831700013174, -32.72175932513063, 16.484488911520035], 35, 0.011504181740373254, 1.0361442607421985e-21

14, 18, 3, [-8.058361973804473, 24.352777386517953, -32.710594500834624, 16.476988190098957], 11, 0.01148656915696532, 1.0345223542754702e-21

14, 18, 3, [-8.058433521394797, 24.353209566801436, -32.711464688871644, 16.477572225921712], 15, 0.011485466042969067, 1.0344429675212436e-21

14, 18, 4, [-6.447286229163121, 11.365537120156965, 6.549293028350343, -36.27012564397243, 26.575387856281367], 13, 0.00029989804020436446, 2.716455893750803e-23

14, 18, 3, [-8.05757526687489, 24.34802004508353, -32.70100503524815, 16.470544966174213], 25, 0.011489037614801302, 1.034779671076192e-21

14, 18, 4, [-6.447425313905918, 11.36609744168653, 6.549293473170198, -36.272400924063106, 26.5776794225395], 11, 0.00030286762671020176, 2.743333625016152e-23

14, 18, 4, [-6.447505840039283, 11.36642222405691, 6.549293230792777, -36.27372076584351, 26.579010236189394], 35, 0.00030080221777175286, 2.724652979520395e-23

14, 18, 3, [-8.05790648246629, 24.35002346735773, -32.70504439852745, 16.473259729775442], 30, 0.011456896902878141, 1.0318983473675862e-21

14, 18, 3, [-8.058009109993053, 24.350643756878338, -32.706294092471325, 16.474098980115837], 25, 0.01150606093291056, 1.036309083776492e-21

14, 18, 3, [-8.05841930599464, 24.353123932427312, -32.7112927358529, 16.477457134203412], 20, 0.011492632081758224, 1.0350977952009975e-21

14, 18, 3, [-8.057433445828384, 24.34716298855393, -32.699278574362864, 16.4693857017411], 13, 0.01146564858109241, 1.032650279280914e-21

14, 18, 4, [-6.447233843069469, 11.365325612020685, 6.549293483858273, -36.269265523005075, 26.574519678746803], 30, 0.00030359899466224165, 2.7499724407960323e-23

14, 18, 3, [-8.056983714586222, 24.344443392398887, -32.6937966310686, 16.465702348085696], 25, 0.011460369814009188, 1.0322053459120126e-21

14, 18, 5, [-5.373410678074282, 5.413117258929512, 10.912455767498217, -5.494008547173352, -44.319715351936644, 44.65513654683022], 50, 4.691336116418086e-06, 4.254755121035631e-25

14, 18, 4, [-6.447259857198813, 11.365430621112322, 6.549293288038455, -36.26969249283053, 26.574950555562772], 35, 0.00030222681234103645, 2.737548106879961e-23

14, 18, 3, [-8.057785824821337, 24.34929354019815, -32.70357248331664, 16.472270346296416], 25, 0.01149815330812051, 1.0355976502374888e-21

14, 18, 3, [-8.0577352222653, 24.348987424581797, -32.70295521047939, 16.471855442415116], 14, 0.011480797254747864, 1.0340272349373627e-21

14, 18, 3, [-8.057866029381376, 24.349778146396908, -32.70454850019536, 16.472925591951675], 20, 0.011447221666117108, 1.031022604879507e-21

14, 18, 3, [-8.057622598684322, 24.348306435107975, -32.70158265423731, 16.470933298759494], 50, 0.011487744230483845, 1.0346705698150052e-21

14, 18, 3, [-8.058153756385392, 24.351517774351514, -32.708054491637945, 16.47528088009175], 40, 0.01150969503549233, 1.03664025864591e-21

14, 18, 4, [-6.447109479371306, 11.364824495432831, 6.549293221488722, -36.26723038156794, 26.57246955724405], 15, 0.0002994555811787369, 2.712455659764856e-23

14, 18, 4, [-6.447616297298043, 11.36686750893423, 6.549293190392215, -36.275529714103975, 26.58083333311714], 20, 0.00030072757755927876, 2.723974080542706e-23

14, 18, 4, [-6.447436015045497, 11.366140648591053, 6.549293378477645, -36.27257663297371, 26.577856782369256], 50, 0.0003030768174064563, 2.745244181409507e-23

14, 18, 4, [-6.447914705739392, 11.368070275189966, 6.549293354910081, -36.28041534226682, 26.585756340710912], 15, 0.00030217301938374643, 2.7370575830628026e-23

14, 18, 3, [-8.059027631214507, 24.356802036762097, -32.718705684854825, 16.482437218860444], 10, 0.011471895158035502, 1.033190464426849e-21

14, 18, 3, [-8.058200318224673, 24.351800125413504, -32.708625212857015, 16.475665413368528], 14, 0.011482763348327289, 1.0341991115160968e-21

14, 18, 3, [-8.057670390684587, 24.34859541057241, -32.70216508624425, 16.471324597090877], 50, 0.011471182854261922, 1.0331844732788744e-21

14, 18, 3, [-8.05897478872672, 24.35648252403438, -32.7180617055294, 16.482004571018624], 30, 0.011499054951542905, 1.0356807127367271e-21

