14, 18, 3, [-8.048323136523164, 24.292109124563975, -32.58838119841656, 16.39492390437262], 40, 0.011444425326027262, 1.0307802959979768e-21

14, 18, 3, [-8.05058332731441, 24.305758119035303, -32.61585602452453, 16.413359109942604], 10, 0.011448035575497131, 1.031053326222485e-21

14, 18, 3, [-8.047807177130904, 24.28899361258405, -32.582110411362905, 16.390716701978], 50, 0.011432749980907216, 1.0297341008067633e-21

14, 18, 3, [-8.046581014816873, 24.281589288114088, -32.56720645219558, 16.380716780401567], 40, 0.01142237632939773, 1.0288015682711257e-21

14, 18, 3, [-8.049692621285399, 24.300379318061715, -32.605028846199225, 16.406094307030624], 50, 0.011467595511287286, 1.0328625761280086e-21

14, 18, 4, [-6.439065079419701, 11.336595756055386, 6.524050290181534, -36.08491246396732, 26.405924857749632], 20, 0.00030468352135629384, 2.75978850710637e-23

14, 18, 3, [-8.049117616304299, 24.296907480280158, -32.598041279298315, 16.401406483346406], 25, 0.011446557255991714, 1.0309646006681785e-21

14, 18, 3, [-8.049663404410321, 24.300202787693934, -32.60467331027657, 16.405855621578905], 13, 0.01143842173224727, 1.0302082188092848e-21

14, 18, 3, [-8.049765735428705, 24.300821271997606, -32.60591933989092, 16.406692392044715], 25, 0.011420713752894909, 1.0286462334866629e-21

14, 18, 3, [-8.047515431109852, 24.2872324020887, -32.578566390407055, 16.38833953334655], 35, 0.011405353131039579, 1.0272731640505343e-21

14, 18, 3, [-8.047146788251988, 24.285005516542572, -32.57408235882275, 16.385329868581405], 10, 0.011413199921461125, 1.0279209587677463e-21

14, 18, 3, [-8.04726236299085, 24.285703128955248, -32.57548596147214, 16.38627122233888], 25, 0.011406241467868958, 1.0273479879822398e-21

14, 18, 3, [-8.047171763376213, 24.285156040238977, -32.57438475709854, 16.385532371347125], 50, 0.011431196146753222, 1.0295946950788416e-21

14, 18, 4, [-6.439549054365558, 11.338544444895646, 6.52404990060436, -36.09280897875495, 26.413873538450254], 25, 0.00030714090687543924, 2.7820353703520894e-23

14, 18, 4, [-6.439998813380198, 11.340354644152344, 6.524050507085011, -36.10014235411422, 26.42125241695479], 15, 0.00030451294048113893, 2.7582412105293196e-23

14, 18, 3, [-8.048404795096369, 24.292603099458717, -32.5893772583264, 16.39559339352001], 12, 0.01143016878443049, 1.0294658179944733e-21

14, 18, 3, [-8.046405773378222, 24.28053062719241, -32.56507460698291, 16.37928580170358], 9, 0.011387896177697842, 1.0256320209206852e-21

14, 18, 3, [-8.046863507220177, 24.28329559801713, -32.570641934798644, 16.383022445897353], 20, 0.011425905967620558, 1.0291077826359783e-21

14, 18, 3, [-8.047748973592855, 24.288643241765175, -32.58140736998194, 16.390246474246123], 30, 0.011421436384762593, 1.0287148687240341e-21

14, 18, 3, [-8.046750416883624, 24.282612167946546, -32.56926522890503, 16.382098031372205], 35, 0.011438145908463088, 1.0302157445617266e-21

14, 18, 3, [-8.046992460379418, 24.284074060319956, -32.57220840396772, 16.384073160532232], 25, 0.01139625418904089, 1.0264497113455257e-21

14, 18, 3, [-8.049787492300544, 24.300952311958152, -32.60618241938948, 16.406868446165397], 25, 0.011446506545889372, 1.0309603585937115e-21

14, 18, 3, [-8.047447037860433, 24.286818999452134, -32.57773345445174, 16.387780125773563], 25, 0.011433047237843259, 1.0297533508169552e-21

14, 18, 3, [-8.047417358599384, 24.286639920144506, -32.577373277382215, 16.3875386547384], 30, 0.01142400355815594, 1.028944911828269e-21

14, 18, 4, [-6.439105260653923, 11.336757538011552, 6.524050264209181, -36.08556802713034, 26.4065847324278], 13, 0.0003052467258222537, 2.7648800058175834e-23

14, 18, 3, [-8.048661799557713, 24.294154810630005, -32.592500170868725, 16.39768841011631], 35, 0.011467925726274562, 1.032888755419949e-21

14, 18, 4, [-6.43888096896997, 11.33585456052185, 6.52405028879651, -36.08190927807986, 26.402902287006675], 30, 0.0003064734689652579, 2.7759938107134935e-23

14, 18, 3, [-8.047780444516771, 24.288832124953686, -32.58178523728146, 16.39049844335526], 40, 0.01142154910799897, 1.028728002121111e-21

14, 18, 4, [-6.440133297374747, 11.340896362173316, 6.524050092518187, -36.10233813089641, 26.423463629930023], 40, 0.00030578434603015605, 2.769756119301038e-23

14, 18, 3, [-8.050380850077444, 24.304535286613653, -32.613394317520324, 16.411707207272897], 25, 0.011458614138280965, 1.0320483919643869e-21

