14, 18, 4, [-6.455763459317109, 11.39555924729902, 6.574536804194738, -36.46012741618393, 26.74987514589367], 20, 0.000303540236435587, 2.749437780781813e-23

14, 18, 3, [-8.068486858391479, 24.41404171689493, -32.83416195257346, 16.560064898319272], 15, 0.01153640089060121, 1.0390168677015205e-21

14, 18, 3, [-8.068226103727246, 24.412463271677648, -32.83097698048362, 16.557922696233906], 13, 0.011517782412914802, 1.0373318903836142e-21

14, 18, 3, [-8.068367468813218, 24.413319108465558, -32.832704084347185, 16.559084478323655], 14, 0.011521086793343347, 1.0376425203330962e-21

14, 18, 3, [-8.068931003327393, 24.41673093287821, -32.8395895219897, 16.563716335412742], 15, 0.011519847164821446, 1.0375268136263187e-21

14, 18, 4, [-6.45591377084285, 11.396166061501525, 6.574536631571635, -36.46259914113237, 26.752369760845003], 13, 0.0003020671065234527, 2.736095001305099e-23

14, 18, 3, [-8.068589330795415, 24.414662536333967, -32.835415677523365, 16.560908850441606], 30, 0.011520306086821962, 1.0375877105938556e-21

14, 18, 3, [-8.068120406712584, 24.411823290656546, -32.82968531457837, 16.557053711744945], 13, 0.011537734255751766, 1.039118165165127e-21

14, 18, 4, [-6.455846800676941, 11.395895726059853, 6.574536673444366, -36.46149805952638, 26.751258589380512], 30, 0.0003039009975571519, 2.7527045807003025e-23

14, 18, 3, [-8.068188212559024, 24.412233741955347, -32.83051351350341, 16.55761075154519], 15, 0.011514190416469457, 1.0370237474127884e-21

14, 18, 3, [-8.069252228135444, 24.418675818281162, -32.8435146848283, 16.566356919874664], 14, 0.011532587612429883, 1.0386712792185974e-21

14, 18, 4, [-6.455899577571647, 11.396108472983693, 6.574537037552255, -36.46236378065323, 26.752131030970503], 25, 0.0003023994851995289, 2.7391126316962685e-23

14, 18, 4, [-6.456004728722476, 11.396533228004909, 6.574536573417188, -36.464094620159784, 26.753878947795616], 15, 0.0003026479338583365, 2.741354690631822e-23

14, 18, 3, [-8.067671828048832, 24.40910736013853, -32.82420409189431, 16.55336635644504], 15, 0.01152197431443528, 1.0377195427965115e-21

14, 18, 3, [-8.06814276620252, 24.411958939513973, -32.8299596280954, 16.557238619491276], 14, 0.01150767837321117, 1.0364373232202406e-21

14, 18, 3, [-8.068502441361364, 24.414136613649838, -32.83435457946754, 16.560195229123643], 50, 0.011549181976788836, 1.0401856422268151e-21

14, 18, 3, [-8.067700779461173, 24.40928300065583, -32.82455927857246, 16.55360577932171], 14, 0.011515263390143566, 1.0371174010376544e-21

14, 18, 3, [-8.068832086529358, 24.416132066115107, -32.83838095946752, 16.5629033424516], 14, 0.011505416655999632, 1.0362337934105973e-21

14, 18, 3, [-8.067813804809937, 24.409967004284063, -32.82593908947194, 16.554533589971378], 10, 0.011524009553162576, 1.0378744134022566e-21

14, 18, 3, [-8.06801597080697, 24.41119072765805, -32.8284081807047, 16.556194208035276], 25, 0.011492982838566734, 1.03513156050824e-21

14, 18, 4, [-6.455679828815986, 11.395221672152514, 6.574536839871072, -36.45875249945202, 26.748487680853856], 35, 0.00030170861802656713, 2.7328577986569605e-23

14, 18, 3, [-8.068786686901632, 24.415857347289872, -32.83782684021926, 16.562530782010718], 15, 0.011523222144747089, 1.0378309830625501e-21

14, 18, 3, [-8.068455809484618, 24.41385413678996, -32.83378420302655, 16.55981132833807], 30, 0.011536183745757989, 1.0390148749874383e-21

14, 18, 3, [-8.068309998292078, 24.412971047592357, -32.83200142633191, 16.558611641236602], 25, 0.01153003744687919, 1.0384596514620857e-21

14, 18, 4, [-6.455717867540041, 11.39537536021609, 6.574536629251117, -36.459378850987854, 26.749120342627197], 40, 0.00030119111289464353, 2.7281739589102877e-23

14, 18, 3, [-8.068852089391589, 24.416253361140377, -32.83862613184276, 16.56306853018043], 40, 0.011538812454178562, 1.0392528100761025e-21

14, 18, 3, [-8.068423011765946, 24.413655358587615, -32.83338262295352, 16.55954089898827], 12, 0.011530611499888821, 1.0384758853653937e-21

14, 18, 3, [-8.0688364910619, 24.41615881239064, -32.838435097259854, 16.56293986924402], 25, 0.011521329204443523, 1.0376772981285057e-21

14, 18, 4, [-6.455854597985748, 11.39592706275249, 6.5745368546768, -36.46162531895626, 26.751386446692546], 35, 0.00030203052005304355, 2.735774686796918e-23

14, 18, 3, [-8.067810234565387, 24.40994537008977, -32.82589539173783, 16.554504169302117], 12, 0.011514934782126894, 1.0370743838334895e-21

