14, 18, 5, [-4.47788539111045, 3.7596380760266124, 6.313259084637746, -2.6502830217456976, -17.80178058323621, 14.946431487389813], 50, 2.8835289066089693e-06, 2.6150806057992717e-25

14, 18, 5, [-4.4777350778167655, 3.7592847267625795, 6.312920007184379, -2.6497137211957775, -17.800107519495217, 14.944424876530373], 50, 2.0413357203608083e-06, 1.8512693109762182e-25

14, 18, 5, [-4.478308754270459, 3.760633476955595, 6.3142141093018225, -2.6518871521884493, -17.806493962592125, 14.952085558076313], 50, 1.7251418790812332e-06, 1.5645011368505353e-25

14, 18, 5, [-4.478025768892863, 3.7599681517840002, 6.313575749519381, -2.6508150021256167, -17.803343579970434, 14.948306556013492], 50, 2.0809046146371613e-06, 1.8871621877760322e-25

14, 18, 5, [-4.478073716789862, 3.760080968062605, 6.313683910634215, -2.650996987208714, -17.803877912694386, 14.948947997841081], 14, 3.2354678862033984e-06, 2.934249451497683e-25

14, 18, 5, [-4.478024215166113, 3.7599644803500336, 6.313572244607543, -2.6508090460576437, -17.803326166210258, 14.94828556273445], 35, 3.098712912993065e-06, 2.8102410896732013e-25

14, 18, 5, [-4.47794955064633, 3.7597889851570487, 6.313403816038979, -2.6505263444916385, -17.802495254429687, 14.947289125817727], 40, 3.146405029203864e-06, 2.85349475408554e-25

14, 18, 5, [-4.478279609051728, 3.760564907139037, 6.314148363399553, -2.651776553812274, -17.80616920380715, 14.951695732386769], 40, 2.731655709484399e-06, 2.4773409307107153e-25

14, 18, 5, [-4.4783026143635105, 3.7606190060240516, 6.314200258876921, -2.6518637566094916, -17.80642538531873, 14.952003095753563], 14, 3.300916045619088e-06, 2.993599688001815e-25

14, 18, 5, [-4.477967355797881, 3.7598307951186745, 6.313443980984875, -2.6505936090090327, -17.802693147402607, 14.947526212738202], 50, 1.6754795223434064e-06, 1.5194701105692024e-25

14, 18, 5, [-4.477799961048717, 3.7594372683196977, 6.31306637109805, -2.649959526222631, -17.800829811429303, 14.945291264269446], 50, 2.284414000867607e-06, 2.0717236234616535e-25

14, 18, 5, [-4.478044976770182, 3.7600133669900324, 6.313619078730691, -2.650887984625225, -17.803557766489426, 14.948563797137492], 50, 2.872088616800838e-06, 2.604701116566323e-25

14, 18, 5, [-4.478109272029757, 3.760164438329528, 6.3137641163055696, -2.651131231712671, -17.80427295814278, 14.949421168848623], 50, 1.6342469848416163e-06, 1.4820674735546807e-25

14, 18, 5, [-4.4779848574252785, 3.75987202876667, 6.313483461226582, -2.6506602398007826, -17.802888528181807, 14.94776106604514], 40, 2.7942154688472084e-06, 2.5340797340196607e-25

14, 18, 5, [-4.478177129280399, 3.760323951812937, 6.313917189011209, -2.6513882282669203, -17.805028230894635, 14.950327003390944], 50, 2.6058565000930373e-06, 2.363248112883924e-25

14, 18, 5, [-4.478250781755405, 3.7604971188071588, 6.314083334633694, -2.6516672879504, -17.805848199185636, 14.95131060360802], 14, 3.389964259454899e-06, 3.074363258600289e-25

14, 18, 5, [-4.478280976031021, 3.760568134946207, 6.314151447027869, -2.6517817852307983, -17.806184509776408, 14.95171417160217], 14, 3.245407688084107e-06, 2.9432582438289953e-25

14, 18, 5, [-4.478089181259419, 3.7601172195757004, 6.313718795437684, -2.651055175758587, -17.804049398633644, 14.949153094866068], 40, 2.9291551450660894e-06, 2.656467380092645e-25

14, 18, 5, [-4.478042989799796, 3.7600085975392292, 6.313614596522638, -2.6508800884799135, -17.80353502813515, 14.94853596557784], 14, 3.1849910157023353e-06, 2.8884592437370566e-25

14, 18, 5, [-4.478149234090914, 3.7602584141407167, 6.31385426290474, -2.6512827163975983, -17.80471797677247, 14.949955106241996], 30, 3.2079316860121187e-06, 2.9092909245001893e-25

14, 18, 5, [-4.4780922055625805, 3.7601243381313325, 6.31372561768614, -2.651066664527346, -17.804083118540017, 14.9491935892091], 40, 3.2341538332584713e-06, 2.93307745820175e-25

14, 18, 5, [-4.4782683929487215, 3.76053858001715, 6.314123062050479, -2.6517342208795887, -17.806044610059207, 14.951546521764], 50, 1.6147917056422236e-06, 1.4644297452635559e-25

14, 18, 5, [-4.478176198150048, 3.760321819786672, 6.313915088565865, -2.6513849153338027, -17.805018225718282, 14.950315326293893], 35, 2.9302041504487453e-06, 2.657416968771484e-25

14, 18, 5, [-4.47812696371412, 3.760206004721353, 6.313804025274705, -2.6511981536156806, -17.804469734437177, 14.949657048257956], 50, 1.7371953271278272e-06, 1.5754263205724027e-25

14, 18, 5, [-4.47819037207909, 3.760355197200189, 6.3139470621824, -2.651438816196865, -17.805176355104187, 14.950505310407577], 50, 2.45392554323115e-06, 2.2254563749008763e-25

14, 18, 5, [-4.47802858212229, 3.7599747109023975, 6.313582095622537, -2.650825453660638, -17.803374551177228, 14.948343394448532], 40, 2.4793736550554474e-06, 2.2485354622521768e-25

14, 18, 5, [-4.478102202320458, 3.7601478787165448, 6.313748168416706, -2.65110467949584, -17.80419464444103, 14.949327580406413], 35, 3.1266956604583587e-06, 2.8356184016851706e-25

14, 18, 5, [-4.477978689427405, 3.7598574945288643, 6.313469547440532, -2.6506367480697124, -17.802819655455874, 14.947678264776929], 40, 2.770204253691103e-06, 2.512305803373352e-25

14, 18, 5, [-4.4779846258146385, 3.7598714416342767, 6.313482938757281, -2.650659202157571, -17.80288568083008, 14.947757408674759], 50, 2.8103474242221027e-06, 2.548703056132726e-25

14, 18, 5, [-4.478358964948395, 3.7607514744425647, 6.3143273748052575, -2.652077188456699, -17.807052609817557, 14.952755377898384], 14, 3.1999567242994105e-06, 2.9020379131710486e-25

