30, 13, 16, [-3.2211082712549697, 1.809416901760517, 2.0002291303981736, 0.3018207126741056, -1.3003384592188338, -1.7954504024436373, -1.0496078555472519, 0.406587345952952, 1.697370241867081, 1.9984931936004358, 0.9497388777580582, -1.0230253452559452, -2.642037574137596, -2.2142119617136307, 1.0800956878971244, 4.562208404904051, -2.560191203371303], 2, 1.9355383500971933e-11, 2.1616313091833245e-23

30, 13, 16, [-3.2211007139677665, 1.8094031480172115, 2.0002221416733974, 0.30182738373265483, -1.3003240411014267, -1.7954388858949388, -1.04960781940324, 0.4065739469763581, 1.6973495223803867, 1.9984771615808294, 0.949739782312284, -1.0230029081517034, -2.642003903487617, -2.2141935213119623, 1.0800696994391192, 4.5621475853067786, -2.560149150189348], 3, 1.844552681680036e-11, 2.0598215412866044e-23

30, 13, 16, [-3.22110461117256, 1.8094102838266883, 2.000225729439241, 0.3018238719884328, -1.3003315463882994, -1.7954448325141907, -1.0496077556657062, 0.4065810043658456, 1.6973603465352163, 1.9984854655596531, 0.9497391827747189, -1.0230147626016382, -2.6420215571729044, -2.2142030766867142, 1.080083505827339, 4.5621795804948215, -2.5601714030843246], 2, 1.939087505096786e-11, 2.1654426430961397e-23

30, 13, 17, [-3.043111963301536, 1.4109330004898208, 1.891787626405623, 0.6047036040676971, -0.8670199870984853, -1.6007498349072213, -1.3067001422130506, -0.22503738259100578, 1.053545980856257, 1.8338129780912824, 1.6016444475604557, 0.2987622704609634, -1.4968487477264765, -2.612160836666594, -1.7268702839542283, 1.5124176011967359, 4.35584124285811, -2.6849795319801038], 3, 2.4524702808129014e-11, 2.7361959135868767e-23

30, 13, 16, [-3.2211014863983136, 1.8094045806489796, 2.0002228463400233, 0.301826657853756, -1.3003255584582576, -1.7954400688504921, -1.0496077736774487, 0.406575406633841, 1.697351726392732, 1.9984788248309744, 0.9497396115209431, -1.0230053725619113, -2.6420075221818586, -2.2141954377849267, 1.0800725958619153, 4.562154181919013, -2.5601537847256584], 3, 1.6158702451906943e-11, 1.8047505438025346e-23

30, 13, 16, [-3.2210979706201432, 1.809398193472852, 2.0002195910728595, 0.30182974289521636, -1.3003188692942362, -1.7954347137740416, -1.049607736342852, 0.4065692108671803, 1.6973421235638948, 1.9984713771049218, 0.949740000040158, -1.0229950056056025, -2.6419919320884047, -2.214186872794102, 1.0800606048984895, 4.562126045708132, -2.560134359908324], 2, 1.937887492055933e-11, 2.1638740444667525e-23

30, 13, 16, [-3.2210956784043123, 1.8093939536144945, 2.00021749735133, 0.3018318797760741, -1.3003143855605632, -1.7954312094709939, -1.0496078570892464, 0.40656491196799777, 1.6973356185472426, 1.9984664584369058, 0.9497404884043299, -1.02298774695495, -2.6419812581949444, -2.2141812097183093, 1.0800520736572181, 4.562106590574273, -2.560120695999045], 3, 1.651077591210503e-11, 1.844207608454712e-23

30, 13, 17, [-3.043109965968947, 1.4109296901360011, 1.8917855253014415, 0.6047047250079711, -0.8670165753536803, -1.6007464273962921, -1.3066989703798864, -0.22503952742734937, 1.0535411537414716, 1.8338077191504971, 1.6016418039955245, 0.2987646437015815, -1.496841328489181, -2.6121520232645965, -1.7268670803542996, 1.5124087458499949, 4.355824837357774, -2.6849669022270883], 3, 1.563260213508981e-11, 1.7476146202678013e-23

30, 13, 16, [-3.221106840804754, 1.8094142785580152, 2.000227815343495, 0.30182200866761644, -1.300335697949333, -1.7954482197499222, -1.0496078878557278, 0.4065847405943983, 1.6973662555676658, 1.9984901434998676, 0.9497391131734398, -1.0230209639480903, -2.6420310651003307, -2.2142084521685024, 1.0800905750066783, 4.5621965939801825, -2.5601829720093003], 3, 1.491241593744024e-11, 1.666198254765874e-23

30, 13, 16, [-3.2211031726694634, 1.8094076993023915, 2.0002243864958404, 0.3018250862603234, -1.3003288561969246, -1.7954426461196036, -1.049607684609702, 0.4065785686836548, 1.6973565107005406, 1.998482441769046, 0.9497392509599623, -1.0230107128305173, -2.6420153734924723, -2.214199601474894, 1.0800788747518084, 4.562168495304759, -2.5601638407894414], 2, 1.9332463607782745e-11, 2.1586969411418914e-23

30, 13, 16, [-3.221097589075199, 1.8093974678804832, 2.000219250410932, 0.30183013191647756, -1.3003180908256589, -1.795434127824325, -1.0496077958486563, 0.40656842590844045, 1.6973409762941931, 1.9984705431717495, 0.9497401461904549, -1.022993662237115, -2.6419900191784573, -2.2141859115678626, 1.0800589894133832, 4.562122506703479, -2.5601318116675684], 2, 1.9559554537919435e-11, 2.1839328972236716e-23

30, 13, 16, [-3.221108365602436, 1.809417026226772, 2.0002292351004223, 0.3018207073514253, -1.3003385625089425, -1.795450537076765, -1.0496079448638826, 0.40658735282959924, 1.6973703483471656, 1.9984933525205058, 0.9497390089885712, -1.0230253185437908, -2.642037679316677, -2.214212139575624, 1.0800955777252792, 4.562208482121645, -2.5601911196099896], 2, 1.9477269644154204e-11, 2.174625110570719e-23

30, 13, 16, [-3.2211023540426607, 1.8094061321386103, 2.000223658860469, 0.30182593740937114, -1.3003271690249854, -1.79544138564917, -1.0496078295543823, 0.40657685148992084, 1.697354016419036, 1.9984806412823064, 0.9497395905466249, -1.023007769882657, -2.642011204214097, -2.214197524196965, 1.0800753266842873, 4.562160767381833, -2.5601582585767804], 2, 1.9489138319030423e-11, 2.1758954010527317e-23

30, 13, 16, [-3.221108829222582, 1.809417910109283, 2.000229648923316, 0.30182023177646145, -1.3003395121607015, -1.7954512511329699, -1.049607871221109, 0.4065883114275589, 1.69737174879478, 1.9984943706660545, 0.9497388315187948, -1.0230269567588843, -2.6420400133162962, -2.2142133146700056, 1.0800975435904185, 4.562212795184003, -2.5601942199041856], 3, 1.273943604292597e-11, 1.4238402154107165e-23

30, 13, 16, [-3.2211005993068396, 1.8094028795421921, 2.000222058949081, 0.3018275849892339, -1.3003237254792128, -1.79543870243517, -1.0496079362620803, 0.40657353589356904, 1.6973490140703815, 1.998476871156617, 0.9497399882341864, -1.0230021645806298, -2.64200298467044, -2.214193183249326, 1.0800687247174499, 4.562145765910318, -2.560147699011521], 3, 1.3628150402567043e-11, 1.5230499285522837e-23

30, 13, 16, [-3.2211045608093687, 1.8094101902449544, 2.00022568389991, 0.3018239199788328, -1.3003314472483969, -1.7954447561595153, -1.0496077603587997, 0.4065809072801261, 1.6973602019321719, 1.998485358410114, 0.9497391977899011, -1.0230145966201476, -2.6420213175681964, -2.214202953877697, 1.0800833067289437, 4.562179138448266, -2.56017108646994], 3, 1.563187824970815e-11, 1.7462406219932832e-23

30, 13, 16, [-3.2211042519208144, 1.8094096009078775, 2.000225408674916, 0.301824237929161, -1.300330813870097, -1.7954442810719513, -1.0496078115539313, 0.4065802658385928, 1.6973592670762192, 1.9984846809585908, 0.9497393204370644, -1.0230134983952297, -2.6420197571678976, -2.214202172488022, 1.0800819850379217, 4.562176249761856, -2.5601690041832645], 3, 1.4360844613784552e-11, 1.6046536264448745e-23

30, 13, 17, [-3.0431099888901776, 1.4109297565115855, 1.8917855429710964, 0.6047046682610763, -0.8670166650596911, -1.6007464855100801, -1.3066989471138617, -0.22503941396488067, 1.0535413156962767, 1.83380784800012, 1.6016418095671097, 0.29876447467364603, -1.496841633560594, -2.612152305509036, -1.7268670914713253, 1.512409187834665, 4.355825473127804, -2.6849675025711632], 3, 2.139625146124118e-11, 2.388101172627143e-23

30, 13, 16, [-3.2210950101828755, 1.8093927869653057, 2.000216860156275, 0.30183238692465597, -1.300313190824902, -1.795430198457016, -1.0496077569068434, 0.40656389895925565, 1.697333946874686, 1.9984650799800452, 0.9497404096580324, -1.0229860961652981, -2.6419786181862728, -2.214179627480403, 1.0800502552719589, 4.56210195379387, -2.5601176495005533], 2, 1.9463021790622136e-11, 2.1732686350330235e-23

30, 13, 16, [-3.221094933491883, 1.8093926654681547, 2.000216782538605, 0.3018324247680043, -1.3003130738682322, -1.795430085056669, -1.0496077224729707, 0.40656382443855676, 1.6973337948977438, 1.998464933047799, 0.9497403642001964, -1.022985986044197, -2.6419783972499924, -2.214179460401209, 1.0800501580464423, 4.562101597899485, -2.5601174559064996], 2, 1.939795312920889e-11, 2.165791827101555e-23

30, 13, 16, [-3.221104396518788, 1.8094099192878972, 2.000225521311865, 0.301824018403965, -1.3003311792624468, -1.7954445104990004, -1.0496077056010853, 0.40658071235426146, 1.697359842091108, 1.998485033006513, 0.9497391298182907, -1.0230142946960896, -2.6420207748287927, -2.214202581823484, 1.08008300765681, 4.562178229637959, -2.5601705448688152], 3, 1.7895925775409343e-11, 1.9986850857811296e-23

30, 13, 16, [-3.2210956553864776, 1.8093939812575288, 2.0002174495946123, 0.30183178447728976, -1.30031445439441, -1.795431186010359, -1.0496077230105096, 0.40656511029345466, 1.6973357802478455, 1.9984664670113481, 0.9497402737312437, -1.0229881397644385, -2.6419816253002524, -2.214181225323564, 1.0800526539254929, 4.562107430812158, -2.560121491731982], 2, 1.9480600905873882e-11, 2.1751880096971787e-23

30, 13, 16, [-3.221108103368762, 1.8094165080681845, 2.0002290083512198, 0.3018210070605288, -1.3003379959056782, -1.7954501310468787, -1.0496080231633023, 0.4065867464860911, 1.6973694969267041, 1.9984927631828786, 0.9497391700500792, -1.023024266473865, -2.642036233291747, -2.2142114586505572, 1.0800942834821106, 4.562205763431915, -2.5601891105617893], 2, 1.952335958380792e-11, 2.1796888764097752e-23

30, 13, 16, [-3.221096006715557, 1.8093946138062624, 2.000217777492385, 0.30183148616754013, -1.3003151136563358, -1.7954317211853388, -1.0496077394771697, 0.4065657081179132, 1.697336720933281, 1.998467208319535, 0.9497402569378254, -1.0229891326336646, -2.641983141468339, -2.21418207818763, 1.0800537872557934, 4.562110146434002, -2.5601233418042484], 3, 1.8168190744043254e-11, 2.0288381219255935e-23

30, 13, 16, [-3.2210966990770964, 1.8093958098429013, 2.000218441240365, 0.30183098044591694, -1.3003163305940368, -1.7954327634816707, -1.049607862506424, 0.4065667189935889, 1.6973384131205382, 1.9984686205286812, 0.9497403655330059, -1.022990774537452, -2.641985800415559, -2.214183695565702, 1.0800555834975825, 4.562114798863296, -2.5601263755383052], 3, 1.7070612121123682e-11, 1.9066274291348402e-23

30, 13, 17, [-3.043113299554183, 1.4109352246253148, 1.8917890299306808, 0.6047028395206663, -0.8670222864495303, -1.6007521209118556, -1.3067009139440648, -0.22503591804610387, 1.0535492457853544, 1.833816519228704, 1.6016462078828633, 0.29876063545612414, -1.4968537846241439, -2.612166793340707, -1.7268724186733178, 1.5124236389966754, 4.35585236754854, -2.6849881332279297], 2, 3.7202195602336926e-11, 4.146312860153602e-23

30, 13, 16, [-3.221104293797167, 1.8094096162579258, 2.0002254700366455, 0.30182430157385887, -1.3003307949591105, -1.7954443334544332, -1.0496079268485277, 0.4065801328435039, 1.6973591856421877, 1.9984847172759934, 0.9497395004763765, -1.023013225619736, -2.6420195365672616, -2.2142022081607236, 1.0800815654437144, 4.562175703976728, -2.5601684477787665], 2, 1.950165864846377e-11, 2.1774072812827938e-23

30, 13, 16, [-3.221093728097242, 1.8093904846879882, 2.0002156631270065, 0.30183346752735696, -1.3003107951996302, -1.7954282508320305, -1.049607692654686, 0.40656173094227427, 1.6973305317071048, 1.9984623874603586, 0.9497404700564034, -1.0229824905406482, -2.6419731125300343, -2.2141765337749204, 1.080046130461119, 4.562092082244005, -2.560110913212389], 3, 1.4440420925424412e-11, 1.6134014218591782e-23

30, 13, 17, [-3.0431102910587104, 1.410930197267791, 1.8917858737368372, 0.6047045906004368, -0.867017074363083, -1.600746959361766, -1.3066991991243913, -0.22503927401706134, 1.0535418226587325, 1.8338084975308118, 1.6016422562614971, 0.29876440620570754, -1.4968423004092577, -2.612153259528361, -1.726867621523643, 1.5124098306260854, 4.355827030387145, -2.6849684825245146], 2, 3.704623658973671e-11, 4.1283611384194556e-23

30, 13, 17, [-3.043106359516171, 1.4109237862689974, 1.8917817151662384, 0.6047066359589697, -0.8670105456876784, -1.60074032453081, -1.3066967609307234, -0.22504317207110702, 1.0535327123048253, 1.833798401111641, 1.6016369692851924, 0.29876856664083085, -1.49682849624358, -2.6121365760061366, -1.7268612336036109, 1.5123936257313533, 4.355796361970093, -2.6849452600563777], 2, 3.7201530956739834e-11, 4.1455970359415393e-23

