30, 13, 16, [-3.2148623408275556, 1.797976221447484, 1.993901344686409, 0.3083533669744708, -1.2866423884296594, -1.786132080005487, -1.053079695435226, 0.3909846804885896, 1.679647509585083, 1.9919400484524048, 0.9614705286850862, -0.9995802129955946, -2.626049808340283, -2.222853810519751, 1.0546233648160643, 4.558720054062235, -2.548426795759353], 3, 6.8309102751597995e-12, 7.635799177484862e-24

30, 13, 17, [-3.0367709635233893, 1.4003517068969307, 1.88456175524229, 0.6090983098773594, -0.8543585638099772, -1.5894914571952687, -1.305722092545377, -0.23670653123336396, 1.0352974769848267, 1.8205266147167658, 1.6035983355257237, 0.31726411857797554, -1.473251818715078, -2.6026622176741, -1.7427936689224999, 1.4866903444757236, 4.359422616178564, -2.6750828575824586], 2, 2.4111446844264085e-11, 2.6872507722245213e-23

30, 13, 17, [-3.036785743319746, 1.4003761121118916, 1.88457732264612, 0.6090901691894804, -0.8543836378998982, -1.5895166365722286, -1.305730946658414, -0.23669100177813276, 1.035332885575168, 1.8205654755364016, 1.6036182185855528, 0.3172471390437246, -1.4733062364132843, -2.6027274693598805, -1.7428180243037865, 1.4867551928446772, 4.359544284571597, -2.6751760097703854], 3, 6.397841387980914e-12, 7.128742682428322e-24

30, 13, 17, [-3.0367559493270075, 1.4003271364563432, 1.8845458911645068, 0.6091062374949999, -0.8543334872549021, -1.5894660288504379, -1.3057128140773417, -0.23672161482959836, 1.0352623406551624, 1.8204876783871091, 1.6035779515589494, 0.3172802643179575, -1.4731982610489476, -2.602597361632575, -1.7427687424937994, 1.4866271338567083, 4.359302552755053, -2.6749918093221274], 4, 1.1461091459414417e-12, 1.2679584600838735e-24

30, 13, 16, [-3.2148872078966955, 1.7980211286193577, 1.9939244713314437, 0.3083320190341215, -1.2866892524658642, -1.7861699667092956, -1.0530805885605514, 0.39102751592434204, 1.6797146790946997, 1.991992822174561, 0.9614689339997738, -0.999651828918362, -2.62615896166579, -2.222915013802105, 1.0547058554139723, 4.558917296340152, -2.5485619265354766], 3, 8.349178751832092e-12, 9.33042331886411e-24

30, 13, 16, [-3.214863721915493, 1.7979785519122604, 1.9939026899962924, 0.30835245181212434, -1.286644725422738, -1.7861341530648147, -1.0530800542643912, 0.39098650158517895, 1.6796507103564302, 1.991942835719505, 0.9614709374156031, -0.999583117764383, -2.626054765853225, -2.2228570239170464, 1.0546264198590964, 4.558728603822082, -2.5484321529011877], 2, 1.3113814955762052e-11, 1.464668704775612e-23

30, 13, 17, [-3.0367683345539644, 1.400347380234519, 1.8845589822167996, 0.6090997347406935, -0.8543541295486919, -1.589486986747102, -1.3057204962226256, -0.2367092451154, 1.0352912350026513, 1.820519736335561, 1.6035947811066937, 0.31726705765557806, -1.4732422609389084, -2.602650707865957, -1.7427893157346943, 1.4866790063672708, 4.359401226611315, -2.6750665542435077], 2, 2.4294264934018566e-11, 2.707189153108049e-23

30, 13, 17, [-3.0367824913588377, 1.4003707304668855, 1.8845738989438037, 0.6090919772274357, -0.8543781000026786, -1.589511086240996, -1.305729009223272, -0.23669445041189954, 1.0353250534849787, 1.8205568945552435, 1.603613845204957, 0.31725091962673624, -1.4732941858802087, -2.602713041829041, -1.7428126620116138, 1.4867408173865388, 4.35951735943214, -2.6751553724673354], 2, 2.4231618922903976e-11, 2.700539524256956e-23

30, 13, 16, [-3.2148901762436988, 1.79802653192183, 1.9939272151688694, 0.308329399094529, -1.2866949159018526, -1.7861744953689662, -1.0530806109139677, 0.3910327783101659, 1.6797228364481085, 1.9919991558016648, 0.9614686054032184, -0.9996606683994259, -2.626172286303308, -2.222922362522442, 1.054716122592731, 4.5589414931232115, -2.5485786485978417], 2, 1.2838387294124133e-11, 1.434075260067523e-23

30, 13, 16, [-3.214819947763126, 1.7978994766802414, 1.9938619879631063, 0.3083900701945935, -1.2865621904056495, -1.7860674543479478, -1.0530785252856865, 0.3909110175350194, 1.6795323930680126, 1.9918499135737897, 0.9614738124032978, -0.999456899557102, -2.6258624624305997, -2.22274925554768, 1.0544809989196313, 4.558381055148055, -2.5481939824082933], 3, 8.975049135061657e-12, 1.0029244792880492e-23

30, 13, 16, [-3.2148444841456643, 1.79794394052659, 1.9938847485922706, 0.3083687504542029, -1.2866086809029629, -1.7861048636194248, -1.0530791108098325, 0.3909538127483405, 1.6795991687699043, 1.991902115570807, 0.9614717593690607, -0.9995285867569232, -2.62597121215307, -2.222809811486181, 1.054563858684658, 4.558577969763758, -2.548329379415768], 2, 1.3111447984060993e-11, 1.4645354550179238e-23

30, 13, 17, [-3.0367581955946172, 1.4003307021408127, 1.8845482866861683, 0.609105218254524, -0.8543370428361372, -1.5894697531927335, -1.305714332717508, -0.23671968984373737, 1.035267190555341, 1.8204932305707713, 1.6035810729654063, 0.3172783628840165, -1.4732054526197829, -2.602606367598485, -1.7427725312504418, 1.4866353502511935, 4.359318839525517, -2.6750037709850956], 4, 1.8402880685380637e-11, 2.056440638240784e-23

30, 13, 17, [-3.0367637124952873, 1.4003398366658764, 1.8845540937853038, 0.6091021436236748, -0.8543464461124919, -1.5894791722012844, -1.3057176131635646, -0.23671382424804568, 1.035280495435411, 1.8205077993467327, 1.6035884877438664, 0.31727192477045324, -1.4732259337145672, -2.6026308744004836, -1.742781623477234, 1.4866597968481023, 4.359364594764015, -2.675038860909388], 2, 2.4475394176839996e-11, 2.7277628460935207e-23

30, 13, 17, [-3.0367596908610097, 1.4003332624891942, 1.8845498432118248, 0.6091042564414118, -0.8543397419101847, -1.5894723665336756, -1.3057151199709676, -0.23671784362467446, 1.0352711099358864, 1.8204973879375956, 1.6035830241771294, 0.31727621793286503, -1.4732116393878694, -2.6026135467830835, -1.7427749445530307, 1.486642941620487, 4.359332539566272, -2.675014574646284], 4, 1.445413024964306e-12, 1.5975044448646755e-24

30, 13, 17, [-3.036778263495147, 1.4003637999041691, 1.8845694353120344, 0.609094228840037, -0.8543710176097244, -1.5895039196830083, -1.3057264152067982, -0.23669873877240394, 1.035315112575809, 1.8205459032204128, 1.603608122135414, 0.3172555363519975, -1.473279001028876, -2.6026946983031714, -1.7428056638283163, 1.4867228473975007, 4.359483335421431, -2.6751295030424003], 3, 1.680648659807104e-11, 1.8729992829841386e-23

30, 13, 18, [-2.8774768327642413, 1.0759493012976002, 1.7517655467684852, 0.811649993872997, -0.4880939141971463, -1.3389429548867497, -1.3833542702798578, -0.6710186673809451, 0.43611449905589234, 1.4096283874209015, 1.741048360899448, 1.1473812985072434, -0.2456565539421755, -1.8079583017887288, -2.498099072910152, -1.2907824238669598, 1.85336626364163, 4.19078260568844, -2.8163585226290078], 2, 3.0634501524943675e-12, 3.4331021565722346e-24

30, 13, 18, [-2.8774763517879527, 1.0759484892785038, 1.7517650042733888, 0.8116502477511489, -0.4880930430484045, -1.3389420080088132, -1.383353828083637, -0.6710190840549413, 0.4361132623867144, 1.409626795059076, 1.7410471769244198, 1.147381302985314, -0.2456549655317298, -1.807955531384928, -2.4980965452121393, -1.2907822896346544, 1.853362470513363, 4.190777138721402, -2.8163534966092922], 2, 2.990121001130162e-12, 3.352621896979557e-24

30, 13, 18, [-2.877471363577805, 1.0759411659749751, 1.751759304405858, 0.811651357682248, -0.48808605607412886, -1.3389334193413653, -1.3833485970594706, -0.6710206193655158, 0.436104592916138, 1.409614111527839, 1.7410362843144886, 1.1473786048924808, -0.24564555611583275, -1.8079359232040222, -2.4980765514536465, -1.2907779356099531, 1.8533384040676157, 4.190738314578996, -2.81632137021733], 2, 3.001141502151375e-12, 3.364493127003402e-24

30, 13, 17, [-3.0367804036617168, 1.400367463763856, 1.8845716614144543, 0.6090928509620633, -0.8543748797203506, -1.5895076558778773, -1.3057275352664692, -0.23669608963741398, 1.035320725148784, 1.820551848845514, 1.6036109008197117, 0.3172524453560898, -1.4732878758724228, -2.602704979238349, -1.7428090954862192, 1.4867337649072352, 4.35950299082562, -2.6751450405068677], 2, 2.4277152019776405e-11, 2.705653618364627e-23

30, 13, 16, [-3.214826380157982, 1.7979110176819844, 1.9938679993759272, 0.3083846737564745, -1.2865741909125699, -1.7860772431701115, -1.0530789034355792, 0.3909218366147655, 1.6795495231814523, 1.9918635037877468, 0.961473640609066, -0.999474916379697, -2.6258901803712997, -2.222765010124253, 1.0545016038743071, 4.558430936298256, -2.5482279052023493], 2, 1.2988876632557654e-11, 1.4507205423473976e-23

30, 13, 16, [-3.2148990684488217, 1.7980426962422191, 1.9939354436313657, 0.3083215879420621, -1.286711845741012, -1.786188058829707, -1.0530807220917084, 0.39104846481021305, 1.6797472007331582, 1.992018112085933, 0.9614676939568024, -0.9996869962168609, -2.626212048504183, -2.222944355422533, 1.0547466584537661, 4.559013636920335, -2.5486284309734297], 2, 1.3063103760326233e-11, 1.4593496918014974e-23

30, 13, 17, [-3.036765427070525, 1.400342559714908, 1.8845559236834877, 0.6091013656749031, -0.8543491622584832, -1.5894820192494854, -1.3057187774399, -0.23671235866642715, 1.0352841974741873, 1.8205120432500523, 1.6035908822163667, 0.3172704885548894, -1.4732314108547888, -2.602637748270304, -1.7427845347605135, 1.4866660306113513, 4.359376996105933, -2.6750479366449245], 3, 1.3627831113596646e-11, 1.518578531284732e-23

30, 13, 17, [-3.036743875042765, 1.4003072565255386, 1.8845331594208568, 0.609112797511671, -0.8543131062261311, -1.5894454957966386, -1.3057055025428943, -0.23673411624539903, 1.0352336341448845, 1.8204560705569288, 1.603561651817042, 0.3172938347460154, -1.4731542677794385, -2.602544433013356, -1.7427487848171481, 1.4865748842825472, 4.359204109348699, -2.674916689195702], 3, 1.4054899358931829e-11, 1.5662546634665113e-23

30, 13, 16, [-3.2148448762252735, 1.7979444421155386, 1.9938851930054202, 0.3083687584241536, -1.2866090850390028, -1.7861054286312572, -1.0530795270215119, 0.3909537726011324, 1.6795995562499546, 1.9919027785218766, 0.9614723904910465, -0.9995283263036255, -2.625971517154681, -2.2228105616324765, 1.0545631589570008, 4.558577963296002, -2.548328694900219], 3, 7.450425435641638e-12, 8.32803958409341e-24

30, 13, 17, [-3.0367778624408874, 1.4003629531259876, 1.88456905218249, 0.6090947317430678, -0.8543700087467427, -1.5895031071551884, -1.3057264025980826, -0.2366997259923722, 1.03531346426606, 1.8205443954299452, 1.6036077205050268, 0.3172568872107392, -1.4732761194323412, -2.6026917488804755, -1.7428051305794667, 1.4867189380901558, 4.359477158899633, -2.6751240930532894], 3, 2.7444823103843153e-12, 3.0576170910721533e-24

30, 13, 18, [-2.8774868511944454, 1.0759642783535959, 1.7517769749238195, 0.8116473897419193, -0.48810844890632465, -1.3389605035260281, -1.3833646125305654, -0.6710148938578544, 0.43613293512100887, 1.4096548003762588, 1.7410705694590665, 1.1473860276793841, -0.24567720555199637, -1.8079999377361495, -2.4981407547211516, -1.2907904145428213, 1.8534183984725452, 4.19086500751757, -2.8164280288683883], 2, 3.070705178406182e-12, 3.4427818765568034e-24

10, 13, 16, [-3.2147954819712465, 1.7978552795225682, 1.993839237821787, 0.3084110954860376, -1.286516058387385, -1.7860301712145612, -1.0530776655970078, 0.3908688317401147, 1.6794662623231398, 1.9917979697318948, 0.9614754050169639, -0.9993863694241091, -2.6257549875931403, -2.2226890090937106, 1.0543997567219474, 4.558186839866416, -2.548060916018795], 2, 1.3055917333002256e-11, 1.4587193881547668e-23

30, 13, 17, [-3.036772097636758, 1.4003535459659986, 1.8845629553500869, 0.6090977346051428, -0.854360428198489, -1.5894933625860508, -1.305722806995353, -0.23670543519203377, 1.0353000734035958, 1.8205295115306996, 1.603599874007378, 0.31726295719848535, -1.473255759779517, -2.602667018397269, -1.7427955416179475, 1.4866949800202083, 4.359431477408803, -2.675089552748513], 3, 3.660718191829904e-12, 4.079892350226719e-24

30, 13, 17, [-3.0367721059440678, 1.4003535810068957, 1.8845629595416773, 0.6090976974209154, -0.8543604802512165, -1.589493391644478, -1.3057227855976512, -0.2367053609987902, 1.035300172800907, 1.8205295857319437, 1.6035998691238154, 0.3172628445846745, -1.473255952941215, -2.6026671913876176, -1.7427955403719106, 1.4866952653839471, 4.359431878521465, -2.675089938884294], 3, 7.378812969414327e-12, 8.222185377890645e-24

30, 13, 16, [-3.214872733787422, 1.7979951564850596, 1.9939109478067445, 0.3083441690237131, -1.2866622451708645, -1.7861479449165563, -1.0530797520541868, 0.3910031528240085, 1.6796761220367469, 1.991962248948118, 0.9614693513600885, -0.999611241777249, -2.6260965557893425, -2.222879575621927, 1.0546594066257133, 4.558804950430221, -2.5484854755501427], 4, 5.452360225403925e-12, 6.087089019863776e-24

