12, 18, 12, [972.6137189942311, -3032.7680056580903, 538.3876747741434, 3691.58978820926, 2367.2358265314892, -2662.3434424717007, -6652.971603175319, -4135.3827158255335, 5687.434734959664, 13774.761392113147, 3122.7862086926007, -27233.252252057584, 13573.39039560055], 14, 0.027432030005963524, 2.5334837338399708e-14

12, 18, 13, [641.7176189280117, -1787.607957215124, -83.10885557089307, 1980.1147802929906, 2018.637201154258, -336.5199261536678, -3383.597288018019, -4207.782587598502, -636.3098311289805, 6049.826429620129, 9175.876943579693, -625.0077308726811, -19940.028058733744, 11147.081759187306], 2, 0.028153334092359872, 2.601344941040677e-14

12, 18, 13, [641.7176138688351, -1787.6079431627793, -83.10885491601603, 1980.114764728081, 2018.6371852893533, -336.51992349840407, -3383.5972614058355, -4207.782554514078, -636.3098261404832, 6049.826382024386, 9175.876871409284, -625.0077259442766, -19940.027901889054, 11147.081671510909], 2, 0.02816125573723644, 2.601136276718838e-14

12, 18, 13, [641.7176172150215, -1787.60795244245, -83.10885536342704, 1980.1147749897411, 2018.637195768139, -336.51992521953974, -3383.5972789300286, -4207.782576333932, -636.3098294738279, 6049.826413340585, 9175.876918959786, -625.00772912955, -19940.02800515373, 11147.081729206997], 9, 0.028107572502703498, 2.6003070870162096e-14

12, 18, 12, [972.6137243003942, -3032.768022153628, 538.3876776779441, 3691.58980826834, 2367.2358394245493, -2662.343456895559, -6652.971639310028, -4135.382738344957, 5687.4347657551925, 13774.76146688241, 3122.7862257684174, -27233.252399721077, 13573.390469100297], 14, 0.027368385721982833, 2.5298447119703018e-14

12, 18, 13, [641.7176218023654, -1787.6079654107164, -83.10885569756461, 1980.1147896357688, 2018.6372103048755, -336.51992833990437, -3383.5973044118236, -4207.782607228493, -636.3098330084293, 6049.826459760838, 9175.87698755627, -625.0077358771408, -19940.028157134955, 11147.081815614849], 9, 0.028127185816224, 2.6008040641487025e-14

12, 18, 12, [972.6137492648896, -3032.7681007009082, 538.3876927393641, 3691.5899047756866, 2367.2358997134024, -2662.3435289679956, -6652.971814499354, -4135.382844168697, 5687.43492050507, 13774.761832239457, 3122.786302637738, -27233.253129084824, 13573.390836685921], 11, 0.027407411433892408, 2.5322752249175648e-14

12, 18, 13, [641.7176191479283, -1787.6079579189422, -83.10885549040653, 1980.1147811896244, 2018.63720190192, -336.5199265718323, -3383.5972897391584, -4207.78258940063, -636.3098309128552, 6049.826433071872, 9175.876948032514, -625.0077320875656, -19940.028069703312, 11147.081765971552], 8, 0.02814486085496501, 2.6014435221021673e-14

12, 18, 12, [972.6137152741106, -3032.76799375313, 538.3876722319044, 3691.589773373561, 2367.235817625435, -2662.3434308361198, -6652.971575965711, -4135.382700080674, 5687.4347098032695, 13774.761334779361, 3122.7861979716154, -27233.25213600804, 13573.390336196624], 6, 0.027601132630797713, 2.5418592345012124e-14

12, 18, 12, [972.613719327427, -3032.7680065140466, 538.3876746877513, 3691.5897890600536, 2367.235827413507, -2662.343442568199, -6652.971604450449, -4135.382717267349, 5687.434734995266, 13774.761394199551, 3122.7862104393193, -27233.252254664938, 13573.39039601745], 12, 0.027367009434276564, 2.5298579228567825e-14

