14, 18, 8, [111.02612474877907, -1406.4690133936886, 6660.8315951732675, -13541.762783353448, 1202.1796581209312, 49609.73602960446, -100188.42716868236, 85531.96012662872, -28286.42744635161], 3, 0.0007221611761620836, 3.228966080579439e-15

14, 18, 8, [111.02612648199546, -1406.469034310495, 6660.831693708525, -13541.762985238362, 1202.179680360787, 49609.736768920404, -100188.42868583297, 85531.96143970394, -28286.427886556387], 50, 0.0007181221789278873, 3.2246547798193473e-15

14, 18, 6, [13.776622417792861, -244.5054683200341, 1338.7999401629713, -3694.157846440566, 5615.899625923645, -4507.952126168245, 1499.2441625671008], 7, 0.004032891960066746, 1.8064708783913673e-14

14, 18, 6, [13.77662231653637, -244.5054670841489, 1338.7999338803281, -3694.1578294130527, 5615.89959997281, -4507.95210508007, 1499.244155428368], 3, 0.004031400695320538, 1.8066118154361646e-14

14, 18, 6, [13.77662270667086, -244.50547181647028, 1338.7999577756862, -3694.1578937032773, 5615.899697179241, -4507.952183394672, 1499.2441816935882], 1, 0.004012657646507306, 1.797480506786633e-14

14, 18, 8, [111.0261251432533, -1406.4690176860317, 6660.83161308248, -13541.76281418411, 1202.1796518130761, 49609.73614461865, -100188.42736157835, 85531.9602668068, -28286.427485485445], 50, 0.0007196999508670748, 3.2277680110759427e-15

14, 18, 8, [111.02612757124844, -1406.4690473641494, 6660.831754682234, -13541.763108661955, 1202.1796911918195, 49609.737221533025, -100188.42960114058, 85531.96222256785, -28286.42814599441], 40, 0.0007216739412341622, 3.2316759772032597e-15

14, 18, 6, [13.776623051641145, -244.50547605768452, 1338.7999794800755, -3694.157952881967, 5615.899787850437, -4507.952257412796, 1499.244206845105], 2, 0.004027278127789666, 1.805586150945631e-14

14, 18, 6, [13.776622213221566, -244.50546578977585, 1338.7999271392055, -3694.157810731352, 5615.899570915214, -4507.95208102756, 1499.2441471502887], 0.9, 0.004030925933023811, 1.816387168322786e-14

14, 18, 8, [111.02612696729983, -1406.4690403648365, 6660.831723164125, -13541.763047851087, 1202.1796908442063, 49609.73699744301, -100188.42917004465, 85531.96186774601, -28286.42803254268], 5, 0.0007228033590488591, 3.2327467193489374e-15

