14, 18, 10, [-18.377861284506462, 156.50360056463694, -814.3076021705144, 2872.07619255579, -7196.928447780941, 13048.058519101902, -17080.40267127705, 15789.195758134849, -9797.853372959653, 3667.087932053384, -626.2010579262969], 10, 1.1051424828878654e-06, 2.347770054856202e-18

14, 18, 13, [-18.261469856136813, 153.35962343808893, -775.7912534968017, 2589.316422348412, -5813.090640825761, 8300.222074331557, -5406.334016741404, -4824.616667809526, 15859.37257508202, -17715.951447433432, 9801.69701094704, -1551.4851627107294, -1007.5678135674779, 408.4459792246454], 10, 4.2233329735130325e-07, 8.6486321266647e-19

14, 18, 13, [-18.261472444791988, 153.35968716251512, -775.7919552140702, 2589.3209538703663, -5813.1094536429555, 8300.273217556838, -5406.419183550371, -4824.56170235318, 15859.4804194255, -17716.29886717617, 9802.167145569798, -1551.8502601856014, -1007.4092238132123, 408.4158980961947], 10, 2.795689526264255e-07, 6.796604391913998e-19

14, 18, 13, [-18.26147217831132, 153.35968006344706, -775.791871244659, 2589.320374973191, -5813.106899769211, 8300.265855576916, -5406.40611608599, -4824.571337654323, 15859.465230707068, -17716.244002709805, 9802.089278529593, -1551.7876220711412, -1007.4372418995297, 408.4213491227793], 6, 5.657090676665713e-07, 1.0521368457474866e-18

14, 18, 10, [-18.377861284071514, 156.50360060543784, -814.3076030325681, 2872.076199985932, -7196.928484096654, 13048.058631238968, -17080.40289900092, 15789.196062843599, -9797.85363231123, 3667.088059577459, -626.2010855445353], 15, 1.0745690079582822e-06, 2.3024867563549223e-18

14, 18, 13, [-18.26147174774492, 153.35966977409942, -775.7917613667188, 2589.3196877210535, -5813.10414126538, 8300.258629356123, -5406.39462890975, -4824.577907025648, 15859.44970717014, -17716.19826557914, 9802.030118132914, -1551.7434024765387, -1007.45576910809, 408.4247413285048], 11, 2.2324720638343442e-07, 5.577502357450261e-19

14, 18, 10, [-18.377861415567363, 156.5036034208524, -814.3076299340304, 2872.0763510804372, -7196.929036639268, 13048.06000620378, -17080.40525735347, 15789.198816493918, -9797.855727395161, 3667.08899769006, -626.2012733055178], 12, 1.0960025997054819e-06, 2.3420989896455818e-18

14, 18, 13, [-18.26147027827152, 153.35963389873893, -775.7913696560698, 2589.3171800584005, -5813.09382377259, 8300.23084889115, -5406.348899397121, -4824.606608815359, 15859.390874617757, -17716.01279716101, 9801.781669370293, -1551.5520015754319, -1007.5383276687439, 408.4403022801064], 10, 3.668974838775917e-07, 7.972757784714414e-19

14, 18, 13, [-18.26147114274013, 153.3596564674093, -775.7916322767177, 2589.3189670502306, -5813.101626007096, 8300.253158100324, -5406.388237731927, -4824.577856308331, 15859.436804634468, -17716.17772953586, 9802.015642459513, -1551.7404471707762, -1007.453832562782, 408.423808028319], 11, 1.3402820060927813e-07, 4.671512723395176e-19

14, 18, 13, [-18.261472057927666, 153.3596768891248, -775.7918338519557, 2589.3201169578897, -5813.105755738075, 8300.262527992369, -5406.400125149901, -4824.57591690302, 15859.458479356243, -17716.21859743286, 9802.052512854405, -1551.7575393625314, -1007.4509213198502, 408.4240543783277], 8, 5.462673869700176e-07, 1.0246417883493422e-18

