15, 17, 12, [1063.5070012289414, -3315.415798305017, 596.6827691014778, 4025.3758823159783, 2561.9115590417655, -2911.1306204944503, -7216.289166230239, -4448.725279885674, 6184.1980761617415, 14861.785282627798, 3309.3280532710814, -29309.964040561936, 14610.964214813996], 12, 0.004948543819080916, 2.2035556921154847e-14

15, 17, 13, [703.7328914154097, -1960.0506390264986, -85.41720036408786, 2167.2833647192706, 2196.2836921232183, -379.9790051146147, -3688.1073512877047, -4559.0903266793075, -663.2805252553377, 6568.1251390357875, 9899.994796428777, -718.2885574864468, -21479.46161507499, 12012.429182784328], 11, 0.005112063219779779, 2.276996063263595e-14

15, 17, 12, [1063.5069930230593, -3315.415772805439, 596.682764565748, 4025.3758513965963, 2561.9115392902195, -2911.1305982415456, -7216.289110844745, -4448.725245591319, 6184.198028945825, 14861.785168690512, 3309.3280275748193, -29309.963816277002, 14610.964103263283], 2, 0.004956942068085064, 2.2026032250307727e-14

15, 17, 12, [1063.507004917096, -3315.4158102667407, 596.6827718908028, 4025.37589734693, 2561.911567709166, -2911.1306327464836, -7216.289193867242, -4448.72529519794, 6184.198102645568, 14861.78534101605, 3309.328062911068, -29309.964159715048, 14610.964276528342], 10, 0.004949533065205437, 2.203588367681766e-14

15, 17, 12, [1063.50699837248, -3315.415789611519, 596.6827677973463, 4025.375871967206, 2561.9115520880723, -2911.1306135725836, -7216.289147953524, -4448.725267906815, 6184.198061656757, 14861.7852455945, 3309.328043618152, -29309.9639692199, 14610.964180238272], 9, 0.0049566705891635025, 2.2036348762001392e-14

15, 17, 12, [1063.5070109999717, -3315.415829142614, 596.6827752149978, 4025.3759202073115, 2561.9115823579427, -2911.1306491299515, -7216.289234781508, -4448.725320615776, 6184.198137390469, 14861.785425114133, 3309.3280820354184, -29309.964325080156, 14610.96435867053], 10, 0.0049506061847317305, 2.2034374973123424e-14

15, 17, 13, [703.7328990763953, -1960.0506605498417, -85.41720101325822, 2167.2833888183227, 2196.2837161189427, -379.97901002392365, -3688.1073927923444, -4559.0903771272615, -663.2805313566809, 6568.125213891166, 9899.994907304279, -718.2885677885292, -21479.461858814328, 12012.429320672898], 10, 0.005116599905458356, 2.2731474857203022e-14

15, 17, 13, [703.7328935129224, -1960.0506448457847, -85.41720062676816, 2167.2833711445924, 2196.283698645482, -379.9790062259433, -3688.107362214033, -4559.090340205719, -663.2805272509939, 6568.125158475159, 9899.994825774429, -718.2885595612831, -21479.46167866715, 12012.429218306694], 11, 0.005109277483420716, 2.2725273998403507e-14

15, 17, 12, [1063.5069891890412, -3315.415760617704, 596.6827620367642, 4025.375836330684, 2561.9115301756065, -2911.1305866164575, -7216.289083468715, -4448.725229621178, 6184.198004015601, 14861.785111537914, 3309.328016605518, -29309.96370147979, 14610.964044834796], 3, 0.004954380199139979, 2.2035621578997007e-14

15, 17, 13, [703.7328917475601, -1960.050639923336, -85.4172004351451, 2167.283365678282, 2196.2836931418565, -379.9790052083211, -3688.1073528674265, -4559.090328727081, -663.2805256916747, 6568.1251417424555, 9899.994800728824, -718.2885575379213, -21479.461624032894, 12012.429187605198], 8, 0.005170748558495754, 2.293151927363589e-14

