40, 13, 13, [-5.100295343896847, 8.126471343165978, -1.3121697345111865, -5.629801704150244, -1.3805676363517974, 4.262640770137314, 4.533221567518007, -0.8304973123580809, -5.702666817730099, -3.423973303325699, 4.858860385309553, 6.590609613270676, -8.45581346446777, 2.4640033488574815], 4, 2.4195107745215367e-11, 1.8872801463092343e-23

30, 14, 17, [-3.9867793443833826, 3.8531251731619913, 1.8743944143240356, -1.559055178745019, -2.7543767752722372, -1.3722756758675205, 1.0755619173267121, 2.6783292154297693, 2.27459585495917, 0.06588747292594983, -2.4619549798860496, -3.3300459432813025, -1.3740370320501378, 2.435787615009088, 4.580571670035788, 0.9386382444517359, -6.780510606239051, 2.8421691990769347], 3, 8.098833377619069e-11, 6.919806982041828e-23

40, 13, 17, [-3.9867701587012325, 3.853101709444647, 1.8743942945310215, -1.5590347129645685, -2.7543586397783653, -1.3722773793912764, 1.0755398077654752, 2.6783018724281344, 2.274583901138884, 0.06590327795127462, -2.461917586323965, -3.330012058298053, -1.3740373232673015, 2.4357420131582987, 4.5805139137916555, 0.9386425569788418, -6.7804101395913, 2.8421198916988075], 3, 9.100916107916761e-11, 7.718797092573895e-23

40, 13, 17, [-3.986775204244161, 3.8531147583967327, 1.874394185984265, -1.5590462477177438, -2.7543686660685798, -1.3722761408256774, 1.0755524576615676, 2.6783172381064775, 2.2745903268769574, 0.06589391364917502, -2.461939012650793, -3.3300311299818746, -1.3740366382500635, 2.435768510750977, 4.580546920510875, 0.9386395203596858, -6.780468242964932, 2.842148691261469], 4, 3.868558811812947e-11, 3.135228729046867e-23

40, 13, 17, [-3.9867871820403304, 3.8531458353474712, 1.8743938197876335, -1.5590738125420527, -2.754392507589926, -1.3722730117063442, 1.0755828023474758, 2.6783539307676567, 2.274605493529534, 0.06587125801349074, -2.4619904297517126, -3.330076691570915, -1.3740346863169006, 2.4358323156704804, 4.580626075279095, 0.9386318995173041, -6.780607988901913, 2.842218121707836], 3, 1.2199625262962951e-10, 1.0171344436323328e-22

40, 13, 17, [-3.9867690340227533, 3.8530988420788472, 1.874394269902428, -1.5590322186391767, -2.754356415399224, -1.3722775659518827, 1.075537126841225, 2.678298532898946, 2.2745824128049836, 0.06590516020030514, -2.4619130598261183, -3.3300079178576922, -1.374037294993086, 2.435736545496787, 4.580506918655162, 0.9386429971644986, -6.780398080282784, 2.8421140214809864], 3, 9.203363478289353e-11, 7.808007923348723e-23

40, 13, 17, [-3.986781140128753, 3.853130291333781, 1.874393852909187, -1.5590601521529384, -2.7543805219292805, -1.3722743170518328, 1.0755679297011504, 2.678335700091306, 2.2745976871717764, 0.06588206411582319, -2.4619652674544077, -3.3300540729465684, -1.3740351466367764, 2.4358014569678823, 4.580587269461851, 0.9386350651604225, -6.780540183459339, 2.8421847261389788], 2, 1.2659498270661552e-10, 1.0522287979697337e-22

40, 13, 17, [-3.986775015303878, 3.8531143986513787, 1.874394044038087, -1.5590460533556219, -2.7543683334197118, -1.3722759264866697, 1.0755524033390595, 2.6783169361936494, 2.274589944340742, 0.06589367207714965, -2.4619389550719264, -3.3300307752248948, -1.3740361759627406, 2.435768779301455, 4.580546763632818, 0.938639005822416, -6.780468616303636, 2.8421491446512004], 3, 8.774847532696491e-11, 7.473992975725567e-23

40, 13, 17, [-3.9867731697406126, 3.853109582517133, 1.8743941333819232, -1.5590417544918542, -2.7543646530358576, -1.372276469152412, 1.0755476342922379, 2.6783112252664565, 2.274587645829101, 0.06589730171034507, -2.461930864360401, -3.330023681099724, -1.374036600136797, 2.435758650934706, 4.580534323031468, 0.9386403418493187, -6.780446479161526, 2.8421380731453163], 2, 1.2620436001044817e-10, 1.0488691128299353e-22

40, 13, 17, [-3.9867738715804815, 3.8531114221496785, 1.8743940904390368, -1.5590434041757484, -2.7543660556902725, -1.3722762470438263, 1.0755494737872378, 2.678313414470052, 2.2745885121250327, 0.06589588582439201, -2.4619339867664527, -3.3300264018793433, -1.3740364106593657, 2.4357625782458183, 4.580539120016749, 0.9386397976924505, -6.780455050256341, 2.8421423741396152], 3, 7.654211878098826e-11, 6.563432282804843e-23

40, 13, 17, [-3.9867728022065023, 3.853108616622397, 1.8743941569443794, -1.559040886510812, -2.754363914793531, -1.3722765852853736, 1.075546666585258, 2.6783100714374664, 2.2745871854056197, 0.06589804110515893, -2.461929224107527, -3.3300222448038688, -1.374036686392037, 2.435756600922749, 4.58053180408744, 0.9386406062766993, -6.7804420093385325, 2.842135844821959], 3, 7.95937717803662e-11, 6.807541793275356e-23

40, 13, 17, [-3.9867764855695507, 3.8531181675084216, 1.8743940527619771, -1.5590493518727695, -2.7543712475284265, -1.3722756402843883, 1.0755559752157586, 2.6783213448198686, 2.274591865700597, 0.06589111502032106, -2.4619449922621857, -3.3300362440356834, -1.374036131347589, 2.43577613275418, 4.580556081913882, 0.9386383246550719, -6.780484798005498, 2.8421570715160787], 3, 9.985040328099865e-11, 8.427880326197376e-23

30, 14, 17, [-3.9867758672661022, 3.853116202715338, 1.8743944625778628, -1.559047270970257, -2.7543698707986546, -1.3722764803565433, 1.0755532749161452, 2.6783186717221703, 2.274591394735659, 0.06589381354962531, -2.4619403497296277, -3.3300328585226784, -1.3740374024092528, 2.435769596038, 4.580549120661827, 0.9386402032037984, -6.780471057338622, 2.842149658083752], 3, 7.398217977114981e-11, 6.353985164058285e-23

40, 13, 17, [-3.986766524564921, 3.8530923002565287, 1.8743943837162336, -1.559026385880802, -2.7543514133882128, -1.372278290166273, 1.0755306642911073, 2.678290782042918, 2.2745792801123725, 0.06591006449025555, -2.4619020977764294, -3.329998290759536, -1.3740378463065963, 2.4357228397284434, 4.580490059473844, 0.9386447809943552, -6.780368113387934, 2.8420990474916246], 2, 1.275335861973655e-10, 1.0616558092757761e-22

40, 13, 17, [-3.9867693781764166, 3.8530997425878803, 1.8743942510132587, -1.5590330245694939, -2.7543571033298546, -1.3722774613792303, 1.0755380229442097, 2.6782996035906708, 2.274582841525145, 0.06590447618307031, -2.4619145798324826, -3.330009248833461, -1.3740372133057348, 2.4357384487858798, 4.580509254720601, 0.9386427458720452, -6.780402236216559, 2.8421160989921055], 3, 6.996397166381023e-11, 6.031686968290726e-23

40, 13, 17, [-3.98676956775004, 3.853100271083672, 1.8743942047366142, -1.559033528028869, -2.754357494452359, -1.3722773407563336, 1.0755386202092825, 2.6783002631401556, 2.2745830465654566, 0.06590395700328616, -2.461915599849941, -3.3300100743976984, -1.3740370561967008, 2.435739799434538, 4.580510805992619, 0.9386424646445501, -6.7804051344179905, 2.842117603633731], 3, 6.374526646556352e-11, 5.525603479177724e-23

30, 14, 17, [-3.986779839536695, 3.8531263775902844, 1.8743944925712859, -1.5590561694281575, -2.7543777379877983, -1.3722757160554762, 1.0755629051713933, 2.6783305642223616, 2.274596582672811, 0.06588692341864205, -2.461956628369401, -3.3300476076101995, -1.374037283793859, 2.4357894265101696, 4.580574250179823, 0.9386383611433059, -6.780514707781334, 2.842171048023934], 2, 1.256447075417489e-10, 1.0459972648744078e-22

40, 13, 17, [-3.9867757267558948, 3.853116238050879, 1.874394028803871, -1.5590476789444054, -2.754369746056325, -1.3722757512821564, 1.0755541864167282, 2.6783191009613283, 2.2745908479356185, 0.06589234984701986, -2.461941976078693, -3.3300334614197222, -1.374036074254016, 2.435772520162492, 4.580551417630302, 0.9386385698700099, -6.7804768200359415, 2.8421532161139726], 3, 8.6740854906404e-11, 7.388325497674045e-23

40, 13, 17, [-3.9867761383135845, 3.853117306093738, 1.8743940164187158, -1.559048626374441, -2.75437056610442, -1.3722756446803115, 1.0755552288646222, 2.678320362837756, 2.2745913714067565, 0.06589157396461466, -2.461943741695405, -3.3300350289345473, -1.3740360125049194, 2.4357747063391857, 4.580554135682851, 0.9386383160453035, -6.78048160763573, 2.842155589571831], 3, 1.0474123915370403e-10, 8.797644833520471e-23

30, 14, 17, [-3.9867721534007208, 3.8531065355462513, 1.8743946105584701, -1.5590386666937353, -2.7543624662758344, -1.3722775107893006, 1.0755437664721548, 2.678307226971692, 2.274586720900889, 0.06590097400833637, -2.4619242318359422, -3.3300186416152493, -1.3740381129059733, 2.4357495246388923, 4.580524323997728, 0.9386426996489838, -6.780427148122261, 2.842127789484633], 3, 6.117682963776419e-11, 5.318787168273183e-23

40, 13, 17, [-3.986774169822441, 3.8531120412086333, 1.8743942560069953, -1.5590438055040876, -2.7543665969793816, -1.372276480344382, 1.0755497271748888, 2.678313999096842, 2.274589056921416, 0.06589602808477822, -2.4619343761285597, -3.3300271033859703, -1.3740369402742545, 2.4357626638950727, 4.5805398002851145, 0.9386403512013001, -6.780455492611325, 2.8421422819466584], 3, 7.522609383851018e-11, 6.457723153558106e-23

30, 14, 17, [-3.9867837617402593, 3.853136460905732, 1.8743944745921313, -1.5590650254349865, -2.754385508796573, -1.3722748694783722, 1.0755725465823374, 2.678342378729135, 2.2746016339164097, 0.06587990634981314, -2.4619729461996265, -3.330062260576726, -1.3740369558784808, 2.435809468068729, 4.580599419017275, 0.9386362606765226, -6.780558754260495, 2.8421927746703624], 3, 7.451020011490451e-11, 6.400117739924898e-23

30, 14, 17, [-3.98677698597038, 3.8531189994379766, 1.8743945471747607, -1.5590496507645917, -2.75437206066805, -1.3722763989614053, 1.0755557669994302, 2.678321872880663, 2.274592921877974, 0.06589217543325994, -2.4619445461779716, -3.3300368158043523, -1.374037606586741, 2.4357745395280643, 4.5805556361152915, 0.93863998637895, -6.780482059293853, 2.842154919233293], 2, 1.2585016099300212e-10, 1.0477983380876698e-22

40, 13, 17, [-3.9867733762785162, 3.853110005269165, 1.8743942553426394, -1.559042021242172, -2.7543650267641144, -1.3722766443890133, 1.075547789160364, 2.6783116179978057, 2.274588032458715, 0.06589743172553643, -2.461931096567759, -3.3300241513190696, -1.3740369958755734, 2.4357586427307747, 4.580534739681681, 0.9386407632230843, -6.780446647931282, 2.8421379235054163], 2, 1.2675062501661216e-10, 1.0559162890809091e-22

40, 13, 17, [-3.986768629727269, 3.853097739981276, 1.8743943441496977, -1.5590311897194584, -2.7543555956933297, -1.372277784046099, 1.0755359260460013, 2.6782971834268876, 2.2745819682252297, 0.06590618188625541, -2.4619110082155515, -3.330006235613441, -1.3740375827143545, 2.4357338429432187, 4.580503788330737, 0.9386435431519856, -6.780392249243245, 2.8421109973121936], 2, 1.285731037279707e-10, 1.0686349399394342e-22

30, 14, 17, [-3.9867735330845497, 3.853110032964774, 1.8743946633077133, -1.5590416896193668, -2.7543651879805657, -1.3722773219139524, 1.0755469903602097, 2.6783112808046776, 2.2745885676172195, 0.06589875559185927, -2.461929669731892, -3.330023664226482, -1.3740382207796613, 2.4357560394456397, 4.580532738736304, 0.9386422533523047, -6.780441553104972, 2.8421347588650874], 3, 6.20407536762504e-11, 5.388500505068551e-23

40, 13, 17, [-3.9867736247962653, 3.8531105756927313, 1.8743943333750117, -1.5590424556022495, -2.754365498884233, -1.3722767339537543, 1.075548173744999, 2.678312222823751, 2.2745884360483033, 0.06589731370468566, -2.461931726193989, -3.3300248919863837, -1.374037253174905, 2.4357592158545907, 4.580535748075927, 0.9386409906886268, -6.78044802661476, 2.842138441886955], 2, 1.2597689497623646e-10, 1.0489236593843711e-22

40, 13, 17, [-3.9867668922730437, 3.8530932815016965, 1.8743943410291133, -1.559027282426475, -2.754352153297264, -1.3722781372016897, 1.075531685658681, 2.6782919653609034, 2.2745797122393077, 0.06590923905574916, -2.461903836701275, -3.329999763432059, -1.3740376749382448, 2.4357250760749567, 4.58049272213932, 0.9386444018497081, -6.7803729670285176, 2.8421015228049296], 2, 1.257041126657608e-10, 1.0456791044763615e-22

40, 13, 13, [-5.100298991643358, 8.126484637159733, -1.3121788866232849, -5.62981385469716, -1.3805640856919734, 4.26265644436119, 4.533230762628275, -0.8305075099403235, -5.702687700565314, -3.4239789396006715, 4.858884209366698, 6.590631233804962, -8.455851677430879, 2.464016070341246], 3, 3.407677104413093e-11, 2.5074485760107356e-23

40, 13, 17, [-3.986773234370345, 3.8531096677045755, 1.8743942259437703, -1.5590417508033947, -2.7543647559956312, -1.3722766223357115, 1.0755475272563826, 2.6783112493382286, 2.274587824139506, 0.06589756672050173, -2.4619306592975634, -3.3300236992816523, -1.37403691507537, 2.43575816964967, 4.580534050661048, 0.9386407217320587, -6.780445561374679, 2.8421374361133798], 2, 1.2582599713567985e-10, 1.047154169066815e-22

