30, 13, 16, [-3.170567780773913, 1.7276472600447388, 1.9464608467456996, 0.33015981124270843, -1.2130212618860374, -1.7110914072339292, -1.028642568738052, 0.3385304391942824, 1.56689876266809, 1.8785527356500633, 0.9273031677132851, -0.9005822500960121, -2.423941529851987, -2.0691162515986035, 0.9411761537994043, 4.166626455490454, -2.30640534792736], 3, 1.2608311660594744e-11, 1.0118819511457177e-23

30, 13, 15, [-3.3570023409222123, 2.1851009490670648, 2.003835426983834, -0.07100074232926165, -1.6641641196472718, -1.7791217755959203, -0.5620742566697706, 1.0918266437134405, 2.0601584227722745, 1.572759417574552, -0.2767267562824532, -2.291079329888085, -2.5080551084049634, 0.439597436539238, 4.323527303802785, -2.1675829981581485], 2, 4.666943291642177e-11, 3.74757448631604e-23

30, 13, 16, [-3.1705618859502693, 1.7276365867899683, 1.9464554016926854, 0.3301649257125637, -1.2130101548145638, -1.7110825063074333, -1.0286424641155707, 0.33852024472467285, 1.5668829365067818, 1.8785404350214983, 0.9273037264774651, -0.9005653171038336, -2.423916006209175, -2.069102164258806, 0.9411566961468646, 4.166580611473854, -2.3063738287216253], 2, 1.567555274248998e-11, 1.2534811341053318e-23

30, 13, 17, [-3.00252145041115, 1.3526215189057864, 1.8440663990603734, 0.6135126452674448, -0.8074833668612343, -1.5281676318332602, -1.2667332772309927, -0.2482733966360948, 0.9680402372214322, 1.723011426247541, 1.5272273721190675, 0.31939145367599237, -1.3643990846092884, -2.4285721458813576, -1.6349148709059063, 1.360790686040963, 4.021881570903656, -2.44950650351529], 2, 3.1613717236426225e-11, 2.4624783417409552e-23

30, 13, 17, [-3.0025262939613677, 1.3526294608909424, 1.8440714916326448, 0.613510052554692, -0.8074914535923393, -1.5281757757684353, -1.2667361858649564, -0.24826848645906452, 0.9680515151870772, 1.723023822235103, 1.5272337542230254, 0.319386172199568, -1.364416177481744, -2.4285926471412878, -1.6349225681920292, 1.360810806672615, 4.021919322878909, -2.449535231697258], 3, 1.054078421612474e-11, 8.298816265618394e-24

30, 13, 17, [-3.0025347371253526, 1.352643307692254, 1.8440803678877888, 0.6135055285850638, -0.8075055547141826, -1.52818997292373, -1.2667412511921121, -0.24825991736298664, 0.9680711852491277, 1.7230454359686267, 1.5272448739541782, 0.3193769478602729, -1.364445998148977, -2.428628402457129, -1.6349359786446285, 1.3608459233284202, 4.02198518276692, -2.449585368156369], 2, 3.190855563534224e-11, 2.4858449046919696e-23

30, 13, 16, [-3.1705676512874432, 1.7276468588557587, 1.9464607893004926, 0.3301601984874692, -1.2130207487070965, -1.7110911810958787, -1.0286428798712588, 0.3385296524004352, 1.5668978832157379, 1.8785523239173376, 0.9273036812829938, -0.9005808048057062, -2.423939870364782, -2.069115763401468, 0.9411742075526969, 4.166623072266691, -2.306402532210279], 2, 1.5638599760539094e-11, 1.2507921503220987e-23

30, 13, 16, [-3.1705784620889745, 1.7276666078976983, 1.9464707085555892, 0.330150528883236, -1.2130414004826102, -1.711107533521756, -1.0286427370204878, 0.338548944573357, 1.566927466803425, 1.8785750248603046, 0.92730211639334, -0.9006130026244601, -2.423987842607728, -2.06914177643687, 0.9412115216010281, 4.166709680116512, -2.306462615410861], 2, 1.5571097903314353e-11, 1.2474720846353042e-23

30, 13, 17, [-3.002533855226011, 1.3526418361117318, 1.844079446271373, 0.6135060397808046, -0.8075040370972418, -1.528188472778838, -1.266740753643387, -0.24826088971041285, 0.9680690375012843, 1.7230431177609826, 1.5272437324278214, 0.3193780327465808, -1.3644426936749547, -2.428624510340852, -1.634934597313125, 1.360841965561439, 4.021977920011452, -2.44957974495885], 3, 1.4425610655717695e-11, 1.1313866395801272e-23

30, 13, 16, [-3.1705707600618545, 1.7276526370610175, 1.9464636047089117, 0.3301572544003205, -1.213026847416289, -1.7110959015586669, -1.0286426523112129, 0.3385355348695814, 1.5669067065535904, 1.8785589358642045, 0.9273029329280124, -0.9005907022105883, -2.4239543189030215, -2.0691233498378057, 0.9411858414506089, 4.1666493910159295, -2.306421073373304], 3, 1.1381441317382186e-11, 9.14453508481401e-24

30, 13, 16, [-3.1705718689972247, 1.7276545907575722, 1.9464646490326243, 0.3301563813466034, -1.2130288493949728, -1.7110975655983256, -1.0286427730208156, 0.3385372705668647, 1.5669095112070233, 1.878561203050829, 0.9273029887357592, -0.9005935413590875, -2.4239587648787877, -2.069125940517198, 0.9411890134150599, 4.166657248696024, -2.3064263200441992], 3, 9.55264422212837e-12, 7.699258541037424e-24

30, 13, 16, [-3.170559762607993, 1.7276327311718733, 1.9464534454894973, 0.3301667873246675, -1.2130061363262703, -1.7110793004520004, -1.0286424512522283, 0.3385165313948784, 1.5668771994830029, 1.8785359989384254, 0.927303970569584, -0.900559134562324, -2.4239067322367864, -2.069097084467985, 0.9411495622498568, 4.1665639137627455, -2.306362300309138], 3, 1.0189108424966269e-11, 8.210058748498944e-24

30, 13, 16, [-3.1705661432748626, 1.727644296258034, 1.9464593337377434, 0.3301612301275508, -1.2130181782408163, -1.7110889347669773, -1.0286425374409633, 0.33852761115570656, 1.566894369868311, 1.878549319383487, 0.9273033191439347, -0.9005775539546822, -2.423934447219188, -2.0691123390404083, 0.9411707600558038, 4.166613737609918, -2.3063966082517124], 4, 1.73940651290088e-12, 1.4564323187130727e-24

30, 13, 17, [-3.0025252359781844, 1.3526277237796718, 1.844070379850677, 0.6135106225644614, -0.8074896830457194, -1.5281739954420939, -1.266735553771071, -0.2482695665305861, 0.9680490428561175, 1.7230211090546077, 1.527232362599179, 0.319387338067998, -1.3644124252624263, -2.428588153999477, -1.6349208895147134, 1.3608063825197698, 4.0219110388592165, -2.4495289175524966], 4, 2.5586968399026727e-12, 2.1286126675499447e-24

30, 13, 17, [-3.002536605003861, 1.35264638100924, 1.8440823294487876, 0.6135045125245264, -0.8075086919839197, -1.5281931206691317, -1.266742359526008, -0.24825799129745268, 0.9680755735449299, 1.723050241602966, 1.5272473264416948, 0.3193748597761124, -1.364452669715621, -2.428636374561143, -1.6349389382860886, 1.3608538053087118, 4.021999903191052, -2.4495966106093636], 3, 9.085268029075902e-12, 7.175204451050795e-24

30, 13, 16, [-3.1705630331644494, 1.7276386514698898, 1.9464564658106442, 0.3301639507096348, -1.2130122961936542, -1.711084235730781, -1.0286425070518117, 0.338522187406877, 1.5668859768686476, 1.8785428173259575, 0.9273036530731199, -0.9005685348277505, -2.423920892762243, -2.0691048908668126, 0.9411603748414505, 4.166589361561553, -2.3063798118670227], 2, 1.573355622098152e-11, 1.2591067629314499e-23

30, 13, 17, [-3.0025274503596857, 1.352631400183301, 1.8440726977222526, 0.6135093671085311, -0.8074934607274701, -1.528177748880649, -1.2667368250910467, -0.24826718059292638, 0.9680543678645427, 1.7230268846994266, 1.527235241214816, 0.3193846995571713, -1.3644205867567776, -2.428597812302696, -1.6349243684869785, 1.3608161162432026, 4.021929001482579, -2.449542765851373], 2, 3.1674508396960354e-11, 2.4657017378000773e-23

30, 13, 17, [-3.0025268861611085, 1.3526303804198603, 1.8440721250938503, 0.6135098138176427, -0.8074923511933945, -1.528176735513898, -1.2667366040299852, -0.24826804164513702, 0.9680527054118526, 1.7230252136108168, 1.527234571928573, 0.31938576843560335, -1.3644178863980412, -2.4285948351196542, -1.6349235438265346, 1.3608126893478099, 4.02192316945804, -2.449537975245432], 2, 3.182036812089734e-11, 2.4774145715336678e-23

30, 13, 17, [-3.002531215254028, 1.3526375228392356, 1.8440766670454016, 0.6135074290490191, -0.8074996568880923, -1.5281840442239003, -1.2667391483881854, -0.24826351793589113, 0.9680629480013042, 1.7230363982705972, 1.5272402405156122, 0.3193808351183306, -1.3644334954164674, -2.428613433388132, -1.634930388198724, 1.3608311811574276, 4.0219575829140535, -2.449564330213832], 2, 3.1844856132194534e-11, 2.4815245809946363e-23

30, 13, 17, [-3.0025296629190725, 1.3526349947799765, 1.844075031483877, 0.6135082339680724, -0.8074970957346089, -1.5281814466654526, -1.266738196052359, -0.2482650403696661, 0.9680593962746559, 1.723032467561057, 1.527238184253647, 0.31938244933190846, -1.3644281423703104, -2.428606968849271, -1.6349279124472487, 1.360824919550493, 4.0219457354445955, -2.4495553713093234], 3, 1.2449312807670293e-11, 9.770477347320299e-24

30, 13, 16, [-3.1705620080102674, 1.7276367008387776, 1.9464555549445204, 0.3301649968498831, -1.213010212235057, -1.7110826724253096, -1.0286426698539552, 0.33852009231960456, 1.5668829223724272, 1.878540601432893, 0.927304042414273, -0.9005649717423093, -2.423915825242759, -2.0691023452055965, 0.941156109651369, 4.166580019799332, -2.3063730981801687], 3, 9.436436086304698e-12, 7.607037927760471e-24

30, 13, 16, [-3.170568418709858, 1.72764845839953, 1.9464614195453105, 0.33015918601712163, -1.213022533728492, -1.711092377689857, -1.0286424973803907, 0.33853168983512394, 1.5669006137964787, 1.878554102247708, 0.9273029739777889, -0.9005843651515708, -2.4239445796792434, -2.0691178204233007, 0.9411786618281054, 4.1666320424203045, -2.306409321447906], 2, 1.5665393009709083e-11, 1.2529946132780413e-23

30, 13, 16, [-3.1705598938415496, 1.7276329761447846, 1.9464535633565414, 0.3301666606561285, -1.2130063953542782, -1.7110794985337379, -1.0286424372959195, 0.33851678554634546, 1.5668775759120606, 1.8785362765140425, 0.9273039301334608, -0.9005595662275278, -2.423907353384283, -2.069097401963399, 0.941150077495791, 4.166565055691135, -2.3063631168462893], 3, 7.618744301417113e-12, 6.173137623220137e-24

30, 13, 16, [-3.170565915781285, 1.7276439022958197, 1.9464591160103664, 0.33016139692693836, -1.2130177783802638, -1.7110885924496075, -1.028642496052808, 0.33852728178102837, 1.5668938172675821, 1.8785488562093458, 0.927303278108567, -0.9005770267814419, -2.4239335870086767, -2.0691118087364795, 0.9411701947140988, 4.166612248341782, -2.3063956514123762], 3, 1.2803020865092162e-11, 1.02575914264393e-23

30, 13, 17, [-3.002523587214748, 1.3526249212618808, 1.8440686676411335, 0.6135116562790199, -0.8074867549995945, -1.5281711550857286, -1.2667346860411328, -0.248271539499754, 0.9680448394893953, 1.7230166514311005, 1.527230266124363, 0.3193896079991947, -1.364405867298672, -2.4285805599743266, -1.6349183422337588, 1.3607984063404142, 4.021896693007351, -2.4495176360649937], 3, 2.0331723128380553e-11, 1.5873100629060132e-23

30, 13, 16, [-3.1705727004982287, 1.7276561753701654, 1.946465387335353, 0.33015552923013347, -1.2130305437493831, -1.7110988350257357, -1.028642638031472, 0.3385389765800011, 1.5669119961286562, 1.8785630041864507, 0.9273026695926729, -0.9005964421715326, -2.4239628883146396, -2.069128010726722, 0.9411924849324984, 4.1666648495090906, -2.3064317822328753], 3, 1.2133121988578042e-11, 9.73509350253175e-24

30, 13, 17, [-3.0025226974807957, 1.3526234805381132, 1.8440677280142825, 0.613512104512752, -0.8074853017127961, -1.5281696711267854, -1.2667341283347848, -0.24827238503678675, 0.9680428353202941, 1.7230144176484368, 1.5272290780003699, 0.31939048852200075, -1.3644028662400651, -2.42857690812895, -1.6349169120436262, 1.3607949245484767, 4.021890039571187, -2.4495126450410005], 3, 1.1998447894130631e-11, 9.426782954324277e-24

30, 13, 16, [-3.170565265381593, 1.7276427606509477, 1.9464585026560872, 0.3301619028293722, -1.2130166111556635, -1.7110876189387698, -1.0286424202340712, 0.33852627522191103, 1.566892185016296, 1.8785475330381307, 0.9273032396530605, -0.9005753800645333, -2.423931001939804, -2.0691102985452803, 0.9411683549380097, 4.166607680349224, -2.3063926028881365], 3, 1.508415823209802e-11, 1.2058014845968693e-23

30, 13, 16, [-3.170569352216979, 1.7276500736524758, 1.9464623098646283, 0.3301584997861297, -1.213024171629655, -1.7110937736847196, -1.0286426552300938, 0.3385330508186289, 1.5669028808260248, 1.878555986903223, 0.9273031117313353, -0.9005865630127484, -2.423948126909476, -2.0691199714957182, 0.9411810580938603, 4.166638231535862, -2.3064133551181323], 3, 7.898379823660799e-12, 6.395086836560548e-24

30, 13, 17, [-3.0025258794097667, 1.3526287642093422, 1.8440710594366847, 0.6135103003417811, -0.8074907314748716, -1.5281750671308347, -1.266735957939642, -0.2482689583909101, 0.968050487546169, 1.7230227206076618, 1.5272332211547055, 0.3193867052582537, -1.3644145877579847, -2.42859078710732, -1.6349219221168094, 1.3608088911325225, 4.0219158354006765, -2.4495325149908673], 2, 3.1671611709239054e-11, 2.4691012309385903e-23

