14, 15, 15, [-5.764981409567937, 11.100245334981276, -4.812490401302712, -7.125017212237552, 1.6476133364900318, 7.135571694878695, 3.218069711694722, -4.63442542891971, -7.065230977624342, -0.830829031758075, 7.189533606458137, 6.176816183378605, -5.14281598164078, -9.672615161301355, 10.327922879590348, -2.7473430217898756], 3, 3.691512983463559e-10, 3.1621719644193882e-22

13, 15, 15, [-5.76496383530647, 11.100169222756723, -4.812409530860981, -7.124966092590101, 1.647548601361658, 7.13548070270232, 3.218072717168445, -4.634320247067814, -7.065139057787984, -0.8308685471806013, 7.189385914985432, 6.176741193854218, -5.142675717394987, -9.67244573729083, 10.327686016880238, -2.7472714828904166], 3, 3.66914618390344e-10, 3.144944635954215e-22

14, 15, 15, [-5.764977125236578, 11.100226574823745, -4.812470092661123, -7.125004775520614, 1.6475967663498279, 7.135549033879945, 3.2180710709173086, -4.63439854836281, -7.065208110953832, -0.8308398283354792, 7.189495765575214, 6.176797689628464, -5.142779350844199, -9.672571985151034, 10.32786125516925, -2.747324217945957], 3, 3.6972556357101485e-10, 3.1721188001613597e-22

14, 15, 15, [-5.7649883530630674, 11.10027575274568, -4.812523354001464, -7.125037366865031, 1.6476402425459415, 7.135608452333419, 3.218067468451468, -4.634469073579602, -7.065268066121283, -0.8308114579594418, 7.189595052731577, 6.176846166929736, -5.142875509299565, -9.672685255853922, 10.328023012964962, -2.7473735906357377], 3, 3.6967378385210165e-10, 3.1671861280820444e-22

14, 15, 15, [-5.764980779053302, 11.100242740652497, -4.812487907701933, -7.125015341968504, 1.6476115688646995, 7.1355687376048, 3.218069341343587, -4.634422532330292, -7.065227953316222, -0.8308295554948467, 7.189529628939658, 6.17681356614726, -5.142812801735626, -9.672610415312121, 10.327917356752765, -2.747341532065232], 4, 3.6998611968207154e-10, 3.0239891675227373e-22

12, 15, 15, [-5.764983851654049, 11.100255709854371, -4.812501050411303, -7.125024348302346, 1.6476215448715246, 7.135583872716402, 3.2180699336035943, -4.634438806258128, -7.0652433117154745, -0.8308247300448298, 7.189552285791666, 6.176826419647441, -5.142832989868555, -9.672636828828553, 10.327951831174515, -2.747351559247093], 3, 3.671399039866262e-10, 3.148639595655087e-22

14, 15, 15, [-5.764967489759829, 11.100184836968735, -4.812425726634713, -7.124976755803461, 1.647561233183101, 7.135499130721433, 3.21807276376478, -4.634340814058923, -7.065157706065742, -0.8308615784111905, 7.189414685487324, 6.176756587882634, -5.142702277869924, -9.672478992362384, 10.327731113035197, -2.747284888739359], 3, 3.6607655246307625e-10, 3.139453236675754e-22

12, 15, 15, [-5.7649746327552975, 11.10021543513336, -4.8124576277926, -7.124997564332883, 1.6475862658091571, 7.135535322850027, 3.218072538301625, -4.634381559880089, -7.0651943001774224, -0.8308473658275439, 7.189471753792009, 6.176786687929303, -5.142755403377084, -9.672544827143927, 10.327821204532794, -2.74731180572627], 3, 3.732895667935373e-10, 3.1973369104778062e-22

14, 15, 15, [-5.764990019791992, 11.10028270903838, -4.812530268695957, -7.12504224303179, 1.6476453823443522, 7.135616469253668, 3.2180679696069596, -4.6344774804590765, -7.065276194327087, -0.8308091703455893, 7.189606739447636, 6.176852997526107, -5.1428857477923735, -9.672698954467803, 10.328040596952892, -2.7473786639343247], 2, 3.7113046470130487e-10, 3.184726243078473e-22

14, 15, 15, [-5.764978920861693, 11.100234620563205, -4.812479141157204, -7.1250099548708326, 1.647604431375497, 7.135558952688885, 3.2180699091172302, -4.634410948605898, -7.06521808692802, -0.8308342006422679, 7.189513317605943, 6.1768055938524, -5.14279700219602, -9.672591799234999, 10.327890757717578, -2.747333407094622], 3, 3.675623474612416e-10, 3.150434765775971e-22

11, 15, 15, [-5.764989952798251, 11.100282831290478, -4.812531158550326, -7.1250419889702155, 1.6476467322350328, 7.1356170779024355, 3.218066695869812, -4.634479589106397, -7.06527674703899, -0.8308069295683017, 7.189609905768137, 6.176853101179246, -5.142890215791742, -9.67270210483753, 10.32804768055155, -2.7473812168147287], 3, 3.6227323471186065e-10, 3.107002838666876e-22

14, 15, 15, [-5.7649876989858795, 11.100272755404134, -4.812519864822773, -7.125035489241249, 1.6476371933810672, 7.135604684516386, 3.2180680973971336, -4.634464152686441, -7.065264285124321, -0.8308138903519016, 7.18958805966154, 6.176843222140211, -5.142868279119772, -9.672677427487448, 10.328010989577368, -2.7473697929326755], 3, 3.682552687471428e-10, 3.1582713211662474e-22

14, 15, 15, [-5.764983439616034, 11.100254240059558, -4.812500084972411, -7.125023081725159, 1.6476212832794794, 7.135582457621219, 3.218068950443415, -4.634438321607381, -7.0652418139468685, -0.8308236916652408, 7.1895517914063385, 6.176824887540003, -5.142833786051415, -9.67263586224949, 10.327952819180805, -2.7473522263712598], 3, 3.6984131159675795e-10, 3.168780167904304e-22

12, 15, 15, [-5.764987797361776, 11.100273115424713, -4.812520122027808, -7.125035790114803, 1.6476372916593212, 7.135605043653511, 3.2180683031120143, -4.634464324844571, -7.065264663087841, -0.8308140846371969, 7.18958826159361, 6.17684359726116, -5.14286820066599, -9.672677743812939, 10.328010931008768, -2.747369695833984], 2, 3.703069702548399e-10, 3.173899977885397e-22

9, 15, 15, [-5.764980627430366, 11.100241846883131, -4.8124865135832025, -7.125014944613942, 1.6476100750312799, 7.135567405913876, 3.218070136663895, -4.63442015127327, -7.065226649697684, -0.8308313272777661, 7.189526156118575, 6.176812716009808, -5.1428086112481575, -9.67260672014667, 10.327910554215697, -2.7473392242366677], 3, 3.6771939420508227e-10, 3.15332972050744e-22

11, 15, 15, [-5.764985146699173, 11.100261877315358, -4.812508630501981, -7.125028039701334, 1.6476284723651675, 7.135591876619664, 3.2180679857332968, -4.634449946768246, -7.065251320015129, -0.8308186092049764, 7.189568200167045, 6.1768324967154795, -5.1428500419795204, -9.672654440146221, 10.327979996062323, -2.747360608636627], 2, 3.713671246209371e-10, 3.1848562705746735e-22

14, 15, 15, [-5.764982369756, 11.100249832734084, -4.812495817894603, -7.125019938680779, 1.6476182157505772, 7.135577443120529, 3.2180684332002447, -4.634433290776656, -7.065236715794734, -0.8308247948431087, 7.189544838076174, 6.176820541225262, -5.142827973164952, -9.672627623606347, 10.327942749728727, -2.7473494079942875], 3, 3.694589838376883e-10, 3.1662226825520133e-22

12, 15, 15, [-5.76498446634857, 11.100258563633657, -4.81250443214, -7.1250261144637275, 1.647624542652211, 7.135587503355701, 3.21806924957985, -4.634443636793542, -7.06524695770696, -0.8308222736761014, 7.189559156009565, 6.176829247749853, -5.142840147961982, -9.672644495178233, 10.327963700906118, -2.7473553182894017], 3, 3.649513325131066e-10, 3.129353853167755e-22

12, 15, 15, [-5.7649757410715505, 11.100220532141538, -4.812463591613021, -7.125000744950518, 1.6475915001164803, 7.135541750308695, 3.2180714214217168, -4.634390004031708, -7.0652007496584535, -0.8308431497743369, 7.189483758746205, 6.176791701573917, -5.142767853660011, -9.672558251822364, 10.327841892533357, -2.7473183489273225], 3, 3.660259223491837e-10, 3.136810727982678e-22

14, 15, 15, [-5.7649882622913, 11.100274897844312, -4.812521584101642, -7.125037183861676, 1.6476380958604737, 7.135606919278136, 3.2180689700371126, -4.634465677241605, -7.065266600291876, -0.8308144298553376, 7.189590034916864, 6.176845388887563, -5.142869011238732, -9.672680059714896, 10.328012559327453, -2.7473699362258683], 2, 3.68271125821638e-10, 3.152847480558573e-22

12, 15, 15, [-5.764982496646466, 11.100250296247182, -4.8124961317198, -7.12502034954307, 1.6476183033694454, 7.135577917222563, 3.218068773715038, -4.634433444972421, -7.065237238248408, -0.8308251924926011, 7.189544972595195, 6.176821105099343, -5.142827587249372, -9.672627921585134, 10.327942190988368, -2.7473490754516345], 3, 3.631008875221803e-10, 3.1090295325545244e-22

14, 15, 15, [-5.764982652999397, 11.100250471834974, -4.81249538792197, -7.125020884051599, 1.6476169234177789, 7.135577566640692, 3.218070334399501, -4.634431303692588, -7.065236964108759, -0.8308277938303449, 7.189541707062475, 6.176821314190774, -5.142822668450083, -9.672624770690831, 10.327934453526174, -2.747346223995035], 3, 3.7109334272029615e-10, 3.179587105227799e-22

12, 15, 15, [-5.7649860389807674, 11.100265729561636, -4.812512711659766, -7.125030621729549, 1.6476317363629702, 7.135596460112743, 3.2180678224664017, -4.6344552557126875, -7.065255936715409, -0.8308165787899512, 7.18957566878441, 6.17683624050576, -5.142857198095392, -9.672663000006402, 10.32799209464474, -2.7473642894253687], 2, 3.7252052757634313e-10, 3.1982081778452246e-22

14, 15, 15, [-5.764976433740505, 11.10022321915437, -4.812465868631237, -7.125002806500658, 1.6475928369843762, 7.135544612258545, 3.21807228372226, -4.634392239944095, -7.065203689055318, -0.8308434171072373, 7.189486740336734, 6.176794365665961, -5.142769567051066, -9.672562039956063, 10.327845137481377, -2.747319012282406], 3, 3.6086393940548023e-10, 3.087035636908892e-22

14, 15, 15, [-5.764970191755641, 11.100196657631871, -4.812438501500919, -7.124984603513273, 1.6475716374717277, 7.135513398945985, 3.218071948840657, -4.634357693825616, -7.06517210844164, -0.8308548490718716, 7.1894384391072, 6.176768251492605, -5.142725215486044, -9.672506111177254, 10.327769711149982, -2.747296648530741], 3, 3.6456911517852734e-10, 3.1260451347297003e-22

14, 15, 15, [-5.7649805936163725, 11.100241949343028, -4.812487074922305, -7.1250148204541475, 1.6476108996567516, 7.135567814761078, 3.2180693987459095, -4.634421438455071, -7.065227038055877, -0.8308300248062322, 7.189528073380261, 6.176812849990256, -5.142811233359168, -9.672608644801153, 10.327914696543635, -2.7473406926221284], 3, 3.6148848556121556e-10, 3.0977465106820756e-22

13, 15, 15, [-5.764985923220508, 11.100265204723947, -4.8125120915830735, -7.125030315824679, 1.6476311746604555, 7.135595820623833, 3.218068003098733, -4.634454342186679, -7.065255321127854, -0.8308171452483913, 7.189574338436461, 6.176835815871461, -5.142855662949317, -9.672661540590019, 10.327989529284524, -2.7473634226428607], 3, 3.646337589077442e-10, 3.123846263221623e-22

14, 15, 15, [-5.7649870023894065, 11.100269341144982, -4.81251551592347, -7.125033503463026, 1.647633114707825, 7.135600147144715, 3.2180694018138984, -4.6344576103342074, -7.065259743084772, -0.8308176561202095, 7.189578697649794, 6.17683981253419, -5.1428581021238395, -9.672667127215622, 10.327994252911106, -2.7473643859251884], 3, 3.7202667465925833e-10, 3.1885755290113395e-22

14, 15, 15, [-5.764968778881215, 11.100190343209615, -4.8124314346793655, -7.124980518222969, 1.6475656822392826, 7.13550562887438, 3.2180727879548976, -4.63434805854424, -7.065164284811643, -0.8308591365365767, 7.189424817094978, 6.176762025288299, -5.142711612036697, -9.672490707682151, 10.327746958524994, -2.7472895904528647], 3, 3.65048337434813e-10, 3.1309993768460933e-22

13, 15, 15, [-5.76499414201445, 11.100300929020833, -4.812550284032871, -7.12505420999264, 1.6476619411807036, 7.135638678310047, 3.2180662133295534, -4.634504304015776, -7.065298603339985, -0.8307979530617898, 7.1896445486215805, 6.176871031948601, -5.1429227550044025, -9.672741940048367, 10.328102679539002, -2.7473977091187516], 2, 3.7103541352933324e-10, 3.183351226078646e-22

