20, 15, 18, [-4.8336275076196955, 6.809414685004171, 0.22842254710866414, -4.407439532018813, -2.8450737592059685, 1.5344003211996904, 4.130780295339237, 2.8458773400044404, -1.031675725388688, -4.20798066422455, -3.8875601740009613, 0.04645730484706762, 4.509483284968486, 5.089898388154565, -0.08640605703799427, -6.607637170217979, -4.50923818703752, 9.356869142141704, -3.1349419079547247], 3, 8.272445940486127e-11, 7.365381664340305e-23

20, 15, 18, [-4.833632280800323, 6.809430755854756, 0.22841472367610882, -4.407455069581029, -2.8450760301811173, 1.5344144403304758, 4.130797538727879, 2.8458814959990533, -1.0316902819645637, -4.208003936453291, -3.8875730191088858, 0.04646865895660614, 4.509513613582975, 5.089921880463001, -0.08641772894936717, -6.607681232791439, -4.509258121126807, 9.356933309955455, -3.134966092525106], 3, 1.0147993220430368e-10, 9.164779016080868e-23

20, 15, 18, [-4.83362742096791, 6.809415103034147, 0.22842128172975862, -4.407440204400217, -2.845072517407099, 1.5344025031733297, 4.1307812733442075, 2.845875733768864, -1.0316792348312123, -4.207983521812058, -3.887559625147545, 0.046461928638399895, 4.5094891662143315, 5.089900247187888, -0.08641186904518945, -6.607647033674153, -4.509239347182037, 9.356885623487438, -3.1349494620890233], 2, 1.4652667902711528e-10, 1.28486879255849e-22

20, 15, 18, [-4.833612880358482, 6.809364313253684, 0.22844877359205132, -4.40739042093642, -2.845068758813774, 1.534353150334876, 4.1307254469029795, 2.845867151082693, -1.0316250096457276, -4.207904131076887, -3.8875214731403633, 0.046414568585541, 4.509379936192389, 5.0898228742357094, -0.08636026294682875, -6.607484726148316, -4.509174852019434, 9.356643424968942, -3.134854499921604], 2, 1.4565637393024322e-10, 1.2762518210019912e-22

20, 15, 18, [-4.833605738732122, 6.809340162224943, 0.2284607023429508, -4.407367038668177, -2.8450655721322438, 1.53433163725572, 4.130699474423897, 2.8458612287336096, -1.0316025934850153, -4.207868807881479, -3.887502389562915, 0.0463966982599315, 4.509333474612173, 5.089787434950717, -0.08634163383747549, -6.6074169158755796, -4.509144886568885, 9.356544160807164, -3.1348167727090193], 3, 8.622792197917774e-11, 7.450692714722121e-23

20, 15, 15, [-5.707724388066662, 10.816114142502087, -4.398839405347591, -7.07039478187169, 1.217878812513354, 6.952297376566155, 3.617894168761548, -4.204838901648287, -7.280373843098883, -1.4678102780236952, 7.114833338936455, 6.944483133827098, -4.887449105279932, -10.79032890505244, 11.038723868298513, -2.8944423191108384], 3, 1.1021551277227017e-10, 9.933172809283071e-23

20, 15, 18, [-4.833650954091098, 6.809494631582323, 0.22838208277155886, -4.407517182170306, -2.8450831135298715, 1.5344732049526366, 4.13086676287451, 2.8458953746059437, -1.0317528045187256, -4.208099669057956, -3.8876225468013907, 0.046520425382690474, 4.509641762089949, 5.090016863265235, -0.08647275790700466, -6.607869631020999, -4.509337990583861, 9.357211284343952, -3.1350731182131777], 2, 1.4707147077827883e-10, 1.287400666852995e-22

20, 15, 18, [-4.83363161303717, 6.809428031914228, 0.22841676882936093, -4.407452260406816, -2.845076534970099, 1.5344108174686237, 4.130794272240237, 2.8458819782451372, -1.0316856753261077, -4.207998474771988, -3.8875714830967687, 0.046463743071429336, 4.509504990638344, 5.08991709082892, -0.0864119094641147, -6.607667758105871, -4.509254361123541, 9.356912157642935, -3.1349571564787273], 3, 1.2791854946462406e-10, 1.133982034528545e-22

20, 15, 18, [-4.833623945250672, 6.80940222681062, 0.22842931282630408, -4.407427315702812, -2.8450728654291355, 1.5343881775112955, 4.13076659243526, 2.8458752736016635, -1.0316623570342127, -4.207961144820928, -3.8875508397754044, 0.04644559010797578, 4.509456381977417, 5.089879388929476, -0.08639326884104545, -6.607597162986385, -4.509222361893127, 9.356809391060601, -3.134918449433984], 3, 9.411201137545794e-11, 8.506648934526805e-23

20, 15, 18, [-4.833621523459343, 6.809393890012868, 0.2284336498962561, -4.407419189483993, -2.84507203487323, 1.5343803767184974, 4.130757519416404, 2.845873586112952, -1.0316539709371835, -4.207948488275671, -3.8875444405656037, 0.04643852025998061, 4.509439289262925, 5.08986690463349, -0.08638568496450703, -6.607571942473479, -4.509211895655901, 9.356772031498823, -3.1349039730130994], 3, 8.780267012076445e-11, 7.482404986119364e-23

20, 15, 18, [-4.8336266319154, 6.809411629033799, 0.22842419026951882, -4.40743653444954, -2.8450735121567625, 1.5343973718625834, 4.130776930674776, 2.845876785205812, -1.0316725118707242, -4.207975906920039, -3.887557837658855, 0.04645454698401452, 4.5094767950509524, 5.08989372253623, -0.08640308961510863, -6.6076275744880615, -4.509234280989832, 9.356854899874781, -3.134936367360683], 2, 1.456111582081855e-10, 1.2745801881720192e-22

20, 15, 18, [-4.83363981321569, 6.809456914980011, 0.22840077124145078, -4.407480649578289, -2.8450782073331657, 1.5344395068325378, 4.130826168351084, 2.8458862148817046, -1.0317176272822712, -4.208044377114188, -3.8875927824521646, 0.04649229079990633, 4.509568927401989, 5.089961438957537, -0.08644338489282369, -6.607763270908997, -4.509291144864714, 9.357055497408368, -3.1350138492103747], 3, 8.834682166638419e-11, 7.560175069914616e-23

20, 15, 18, [-4.8336117050281695, 6.8093609863463955, 0.2284494603826006, -4.4073874474405645, -2.845067157063008, 1.5343518196531982, 4.130722359308272, 2.845864815887069, -1.0316247215455892, -4.2079012982049235, -3.8875180868430093, 0.046415949323485875, 4.509378087103709, 5.089819143965223, -0.08636256162074618, -6.607483141061529, -4.509171340532569, 9.356642880051355, -3.1348554185711004], 2, 1.4663861679052e-10, 1.2815155758012642e-22

20, 15, 18, [-4.833617260879605, 6.80937901455381, 0.22844169425474067, -4.407404619563011, -2.84507093805781, 1.5343659329726866, 4.130741193272163, 2.845871097743142, -1.0316380820007056, -4.207925260741135, -3.8875333197788455, 0.04642459383006485, 4.509407281669975, 5.0898442989296635, -0.0863704573072407, -6.607524320278397, -4.509193076379479, 9.356700865240608, -3.1348760133291127], 3, 8.741984053031441e-11, 7.405820992285828e-23

20, 15, 18, [-4.833601043449172, 6.809323710582773, 0.22846969644361273, -4.4073509020988055, -2.8450644808382526, 1.5343154967110468, 4.130681374497466, 2.8458586415549414, -1.0315847286939424, -4.207842916094449, -3.8874901854144714, 0.046380880867697816, 4.50929759942473, 5.0897623332004605, -0.08632425148833357, -6.6073634167051996, -4.509124034136214, 9.356464015410968, -3.1347851655639403], 2, 1.4258926048727114e-10, 1.2525966070502155e-22

20, 15, 18, [-4.833626802458006, 6.809412440097799, 0.22842344873815182, -4.407437411683988, -2.8450732103209533, 1.5343986754527452, 4.130777986329691, 2.845876458345872, -1.0316742501014993, -4.207977821289131, -3.8875582334143783, 0.04645648050750664, 4.509479955417985, 5.089895342253301, -0.0864053858689374, -6.607632554620539, -4.509235533709064, 9.35686277363069, -3.1349397332509974], 3, 9.528897728618089e-11, 8.625570534315434e-23

20, 15, 18, [-4.833625760874716, 6.809408799446209, 0.22842541658008653, -4.407433838990923, -2.845072930308012, 1.5343951434273808, 4.130773974341377, 2.8458758178944947, -1.0316703872585304, -4.207972130650945, -3.88755546232, 0.04645314520982242, 4.509472167036714, 5.089889771134781, -0.08640178828900315, -6.607621025396997, -4.5092308722248635, 9.356845644067961, -3.1349330587653284], 3, 8.805585980757027e-11, 7.639556735734488e-23

20, 15, 18, [-4.83363319244615, 6.809434044276839, 0.228412789324138, -4.4074583287400655, -2.845076079773648, 1.5344179003189446, 4.1308012231170155, 2.845881789442351, -1.0316942583583661, -4.208009401377488, -3.8875753405884996, 0.046472384344979016, 4.5095214444293426, 5.089927056001628, -0.08642192295390973, -6.607693059527816, -4.509262368519928, 9.356951259019773, -3.1349733139397533], 2, 1.460459387575719e-10, 1.2817800687731224e-22

20, 15, 18, [-4.833620742140275, 6.809391099744662, 0.2284352576266351, -4.407416436822166, -2.845071957949553, 1.5343774975178126, 4.130754420172643, 2.8458733010935653, -1.0316506820303502, -4.20794392747418, -3.88754247261915, 0.04643545392887821, 4.509432781226545, 5.089862577267151, -0.08638222425364263, -6.607562111024222, -4.509208347022891, 9.356757101452345, -3.1348979645669286], 2, 1.4670710180094552e-10, 1.2856004458679166e-22

20, 15, 18, [-4.833617381786818, 6.809379607638588, 0.22844111969791203, -4.407405259308563, -2.845070663097164, 1.5343669435196923, 4.130741958094208, 2.845870764767638, -1.031639480922965, -4.207926718865313, -3.887533515263207, 0.04642623576788078, 4.509409805150268, 5.089845467790296, -0.08637247549881918, -6.607528391586833, -4.509193936393836, 9.356707451848454, -3.1348789074175403], 2, 1.4381012453453785e-10, 1.2613525632042664e-22

20, 15, 18, [-4.833601360388326, 6.809325214873757, 0.228468303916579, -4.407352518334432, -2.845063877451612, 1.5343179472876576, 4.130683305757901, 2.8458579437532388, -1.0315880534682458, -4.207846488303386, -3.8874908037038582, 0.04638468378168134, 4.509303632054179, 5.0897652779208284, -0.086328858794112, -6.607373044720201, -4.509126255939361, 9.356479430235545, -3.1347918542975743], 2, 1.4481484772646305e-10, 1.2685380808924673e-22

20, 15, 18, [-4.833603552453661, 6.809332851154105, 0.22846419283853525, -4.407359991869001, -2.8450644615007863, 1.5343253301004292, 4.130691673941309, 2.8458592454706637, -1.0315961588460403, -4.2078583695681955, -3.887496516824025, 0.04639177127432495, 4.5093199802762225, 5.089776848766368, -0.08633660866344378, -6.607397363415762, -4.5091358880157575, 9.356515769509404, -3.1348061280192696], 2, 1.4851606381181607e-10, 1.2983366335293823e-22

20, 15, 18, [-4.833611715391371, 6.8093605765940515, 0.2284503142359526, -4.407386878190853, -2.8450678891072854, 1.5343503434050434, 4.130721575585457, 2.8458657336500717, -1.0316224473358966, -4.207899310396622, -3.8875182527003136, 0.04641306710497696, 4.509374222107982, 5.089817737888622, -0.08635899906200561, -6.607476772768222, -4.509170383663886, 9.356632401188474, -3.134850699013324], 3, 8.883077487266532e-11, 8.02275047445316e-23

20, 15, 18, [-4.833621629674438, 6.809394286016747, 0.2284333963603321, -4.407419584546803, -2.845072012044771, 1.5343808282825326, 4.13075796612957, 2.845873576686376, -1.0316545178964758, -4.207949184031378, -3.887544680946752, 0.04643908096225852, 4.509440343962347, 5.08986752925007, -0.0863863538697242, -6.607573584135885, -4.50921238617016, 9.356774607590156, -3.1349050578260926], 3, 1.0994769372646598e-10, 9.887225926566939e-23

20, 15, 18, [-4.833639284197538, 6.809455173753861, 0.2284015559844741, -4.4074789794727325, -2.8450778805355164, 1.5344380848572565, 4.130824325153253, 2.8458856521623086, -1.0317162435843044, -4.208041985415235, -3.8875913198906304, 0.04649134256053541, 4.5095659570852344, 5.089958951108467, -0.08644249422791327, -6.607759056936738, -4.509288999384744, 9.357049528196198, -3.1350117032220854], 2, 1.464595559162339e-10, 1.280824536873427e-22

20, 15, 18, [-4.833613524831732, 6.8093669618435495, 0.22844677279246903, -4.407393164796084, -2.84506826668364, 1.5343566922540208, 4.130728651434129, 2.8458667019547925, -1.0316294947443057, -4.207909478640029, -3.8875230213572376, 0.04641930657525501, 4.509388326066463, 5.0898275997099125, -0.08636581870944264, -6.607497771789032, -4.509178592096177, 9.356663795432624, -3.134863050296633], 2, 1.442359028483866e-10, 1.263864877564795e-22

20, 15, 18, [-4.833596438166363, 6.809307828620186, 0.2284779791201256, -4.407335398867211, -2.8450628984295943, 1.5343006033203486, 4.130664037477948, 2.845855385926822, -1.0315687477123743, -4.2078187383319126, -3.8874778874837856, 0.04636750208757531, 4.50926503623039, 5.089738418705998, -0.08631001649469756, -6.607315498398873, -4.509103929750973, 9.356393264214937, -3.1347578778490917], 3, 1.3253313131682536e-10, 1.1711345430808806e-22

20, 15, 18, [-4.833621766529588, 6.809395281060415, 0.2284321206043917, -4.407420752619468, -2.8450711922055842, 1.5343830538769394, 4.130759443179636, 2.8458725825447933, -1.0316577325773753, -4.207952310983231, -3.887544861420382, 0.04644294893293734, 4.509445981971235, 5.089869950288761, -0.08639107087556172, -6.607582705027221, -4.5092141506254, 9.356789374165121, -3.134911569682059], 3, 1.3533034035081968e-10, 1.1906588963167664e-22

20, 15, 18, [-4.8336305610398185, 6.809424667059445, 0.22841813426769217, -4.407449070218639, -2.8450757169188865, 1.5344083281875402, 4.130790783852457, 2.8458806431702075, -1.0316834502816654, -4.207994173576672, -3.887568526464147, 0.04646253448131733, 4.509499981420923, 5.0899124591358, -0.08641098340713839, -6.607660868503497, -4.509250304871694, 9.356902753918915, -3.1349540061303425], 2, 1.4727744899117088e-10, 1.2924089238341639e-22

20, 15, 18, [-4.833625040552833, 6.809406401012848, 0.22842655322176367, -4.407431535009046, -2.8450725638634276, 1.5343930878434355, 4.130771433139206, 2.8458751775907998, -1.0316682830700574, -4.207968731123808, -3.8875535682769566, 0.04645150757395048, 4.509467748581516, 5.089886341418095, -0.08640008220834308, -6.607614585221176, -4.509227972501697, 9.356836223937334, -3.1349294884271246], 2, 1.468908868685121e-10, 1.2869750678402584e-22

