14, 18, 11, [3759.3049418891924, -21879.86036210065, 35081.50043214006, 14793.399522183867, -56915.495710535324, -50262.508102831765, 79688.36583449402, 146846.4531314032, -98498.14641988983, -350504.9075210314, 456803.09694146604, -159091.6340413704], 3, 0.00023074926221497522, 1.1248027389252077e-12

14, 18, 11, [3759.304935095858, -21879.86032180786, 35081.500365668806, 14793.399496545439, -56915.49560072412, -50262.508010794714, 79688.36567551426, 146846.45285158916, -98498.14621579157, -350504.90683981834, 456803.0960285968, -159091.63371781877], 20, 0.00023076027104531555, 1.1251283745060249e-12

14, 18, 10, [6151.495686757063, -40168.82661451543, 82288.87123052856, -9651.200210125246, -137169.14352393092, 7564.969375415449, 268931.1696981732, 9533.913046587573, -607461.5164456476, 607287.9078103212, -187450.552375358], 30, 0.00021369502068098968, 1.0384621385854278e-12

14, 18, 10, [6151.49568311142, -40168.82659015015, 82288.87117910621, -9651.200202106178, -137169.14343732683, 7564.969366537338, 268931.1695250314, 9533.91304763907, -607461.5160505072, 607287.9074048514, -187450.55224786562], 2, 0.0002194631050247226, 1.0528577054824363e-12

14, 18, 11, [3759.3049340623625, -21879.860315441718, 35081.500354591575, 14793.399493011566, -56915.495581822695, -50262.50799648479, 79688.3656464989, 146846.45280452917, -98498.14617611314, -350504.9067208871, 456803.0958609616, -159091.63365654054], 11, 0.0002307910079881246, 1.1241508011363748e-12

14, 18, 11, [3759.304927595888, -21879.860277357733, 35081.50029241886, 14793.399468193329, -56915.49547979578, -50262.50790923845, 79688.36550065302, 146846.45254330317, -98498.1459916068, -350504.9060898433, 456803.0950246074, -159091.63336219644], 2, 0.00023053143292663686, 1.1239762859625016e-12

14, 18, 11, [3759.304945550201, -21879.860383630403, 35081.50046719543, 14793.399536315768, -56915.495767953544, -50262.508152246395, 79688.36591621407, 146846.4532786538, -98498.14652265531, -350504.90787572606, 456803.0974094478, -159091.63420554268], 3, 0.00023046745708103105, 1.1245032757481198e-12

14, 18, 11, [3759.304933948636, -21879.860315193826, 35081.50035522462, 14793.399491912305, -56915.495583961674, -50262.50799548433, 79688.36565260983, 146846.45280796403, -98498.14618841572, -350504.90673723683, 456803.0958980419, -159091.63367311758], 20, 0.00023059624820443645, 1.124695556002091e-12

14, 18, 11, [3759.304936763708, -21879.860331555366, 35081.50038140141, 14793.399503054106, -56915.49562635378, -50262.50803317997, 79688.36571165264, 146846.45291754146, -98498.14626079847, -350504.9069978561, 456803.0962356798, -159091.63379017892], 15, 0.00023081260088752563, 1.124389359272276e-12

14, 18, 11, [3759.3049311493432, -21879.860298437954, 35081.50032720598, 14793.399481594835, -56915.495537277035, -50262.50795737936, 79688.36558391327, 146846.45268974532, -98498.14609856745, -350504.9064464787, 456803.0955027687, -159091.6335317348], 2, 0.00023070513021357988, 1.1227937170036348e-12

14, 18, 11, [3759.304934747919, -21879.860319403215, 35081.50036087374, 14793.399495758067, -56915.49559193718, -50262.50800563085, 79688.36566042366, 146846.45283078338, -98498.14619293823, -350504.9067829094, 456803.0959404994, -159091.63368392756], 2, 0.00023048424921019663, 1.1239999925632152e-12

14, 18, 11, [3759.304934490885, -21879.860318011524, 35081.50035889943, 14793.399494585003, -56915.49558901086, -50262.50800232608, 79688.36565710351, 146846.45282271242, -98498.14619002205, -350504.90676568064, 456803.0959219938, -159091.6336784023], 2, 0.00023043554018189772, 1.1231061790552241e-12

14, 18, 11, [3759.304945063665, -21879.8603810277, 35081.50046359433, 14793.39953403229, -56915.495762732025, -50262.508146008004, 79688.36591066538, 146846.45326400394, -98498.14651851247, -350504.9078453959, 456803.0973789505, -159091.63419703438], 20, 0.00023058566053155833, 1.1246121631720005e-12

14, 18, 11, [3759.30493843229, -21879.860341594223, 35081.50039830373, 14793.399509141418, -56915.4956546302, -50262.50805599245, 79688.36575353902, 146846.45298896023, -98498.14631593716, -350504.90717420663, 456803.09647662664, -159091.63387660304], 20, 0.00023057574028833872, 1.1241855158859462e-12

14, 18, 11, [3759.3049271021487, -21879.860274498107, 35081.500287866686, 14793.399466227293, -56915.495472446964, -50262.50790264549, 79688.36549047873, 146846.4525242648, -98498.14597922405, -350504.9060447182, 456803.0949664494, -159091.6333421037], 15, 0.00023073691772052113, 1.1240590958654165e-12

14, 18, 11, [3759.304944080812, -21879.86037499794, 35081.500453175024, 14793.399530600527, -56915.49574503648, -50262.508132367606, 79688.3658837839, 146846.45321975733, -98498.14648223181, -350504.9077344189, 456803.09722424985, -159091.63414090354], 2, 0.00023029674902268416, 1.1223660271582983e-12

14, 18, 10, [6151.495681737851, -40168.826580469715, 82288.87115728181, -9651.20019677412, -137169.14339979502, 7564.969358494915, 268931.16944659327, 9533.913055793559, -607461.5158668376, 607287.9072043762, -187450.55218198543], 20, 0.00021891544247657751, 1.0525517209514196e-12

14, 18, 11, [3759.3049428368895, -21879.860367323374, 35081.50043977953, 14793.399526393514, -56915.495722128595, -50262.508115179655, 79688.36584843486, 146846.45316284377, -98498.14643356975, -350504.9075900269, 456803.0970195723, -159091.63406579976], 15, 0.000230784777128784, 1.1241186999645957e-12

14, 18, 11, [3759.304947340334, -21879.860394313615, 35081.50048497469, 14793.399542979547, -56915.495797484225, -50262.5081766027, 79688.3659593865, 146846.4533536216, -98498.14657867257, -350504.9080593223, 456803.09765748406, -159091.63429389353], 20, 0.000230468451549778, 1.1239171557611406e-12

14, 18, 11, [3759.3049416490044, -21879.860360166596, 35081.5004277017, 14793.399522085085, -56915.49570189159, -50262.50809894726, 79688.36581834941, 146846.4531118056, -98498.14639377386, -350504.90746368066, 456803.096846261, -159091.63400346026], 2, 0.00023067330270536504, 1.1234857373976318e-12

14, 18, 11, [3759.304944923567, -21879.860379909744, 35081.500461060255, 14793.399533929756, -56915.49575783016, -50262.5081436983, 79688.36590164286, 146846.45325279975, -98498.14650414995, -350504.90781307785, 456803.097326215, -159091.63417624932], 4, 0.00023075150708508032, 1.12538780637455e-12

14, 18, 11, [3759.3049362137804, -21879.86032847407, 35081.50037673918, 14793.39950073839, -56915.495619079185, -50262.50802604239, 79688.36570221698, 146846.45289827365, -98498.14625018653, -350504.90695374465, 456803.0961816227, -159091.63377209412], 15, 0.00023083951910835276, 1.1243274282567002e-12

14, 18, 10, [6151.495682740743, -40168.82658735814, 82288.87117234958, -9651.20019987349, -137169.14342546536, 7564.969362782167, 268931.1694992567, 9533.91305240288, -607461.5159889177, 607287.907334523, -187450.55222407807], 30, 0.00021364751594011523, 1.040292572329096e-12

14, 18, 11, [3759.304931101668, -21879.860297946943, 35081.50032588278, 14793.399481751992, -56915.495534549445, -50262.5079564896, 79688.36557845154, 146846.45268380767, -98498.14608928954, -350504.9064279877, 456803.09547026176, -159091.63351844615], 2, 0.00023070980373321627, 1.1238463255728448e-12

14, 18, 11, [3759.304947617309, -21879.860395910757, 35081.500487514764, 14793.399544059908, -56915.49580159315, -50262.508180225625, 79688.36596516453, 146846.453364204, -98498.14658593957, -350504.9080847257, 456803.09769106045, -159091.6343057482], 3, 0.00023065075254953017, 1.1245077698586655e-12

14, 18, 11, [3759.3049336400272, -21879.86031292582, 35081.50035040894, 14793.399491446282, -56915.4955748752, -50262.50799077039, 79688.36563631677, 146846.45278690793, -98498.14616283128, -350504.90667763475, 456803.09580227773, -159091.63363556322], 2, 0.00023054039924836812, 1.1242101186552937e-12

14, 18, 11, [3759.3049320330874, -21879.86030396029, 35081.50033701265, 14793.399484465646, -56915.49555421633, -50262.50796966235, 79688.36561051755, 146846.4527315178, -98498.1461358608, -350504.9065537441, 456803.09565722034, -159091.6335889379], 4, 0.00023059592403712977, 1.124468139775063e-12

14, 18, 11, [3759.3049380936523, -21879.860339147075, 35081.50039319141, 14793.39950856102, -56915.49564505368, -50262.508050866236, 79688.3657365395, 146846.4529666547, -98498.1462894526, -350504.9071115733, 456803.09637682035, -159091.63383762006], 2, 0.0002306180354783705, 1.1245993241096466e-12

14, 18, 11, [3759.3049343309945, -21879.860317179362, 35081.50035780918, 14793.399493801777, -56915.495587505284, -50262.508000312315, 79688.36565573348, 146846.45281833457, -98498.1461894533, -350504.90675716155, 456803.0959146259, -159091.6336767034], 3, 0.00023035366002687206, 1.124539340733629e-12

14, 18, 11, [3759.3049423823677, -21879.86036493275, 35081.50043657769, 14793.399524206841, -56915.495717615035, -50262.50810942513, 79688.3658440225, 146846.45314992502, -98498.14643101682, -350504.90756417596, 456803.09699550516, -159091.6340596469], 8, 0.00023084047124334386, 1.1244397772326007e-12

