14, 17, 11, [-3.7579952859696464, 2.7830412532802073, 2.8572899106352683, -0.3393857593111899, -3.3640470731999996, -3.503772858622125, 0.009281028289363717, 4.95324344218141, 6.18428253670974, -1.3092787285210914, -12.928561794293266, 7.426062863432313], 5, 1.2622535034712703e-11, 1.4130250532249102e-23

14, 17, 9, [-4.5090780846286505, 5.334927269014189, 2.0937314085129435, -3.9394441031769505, -4.92708568779718, 1.0358086091482224, 7.728141865661716, 3.616015632833227, -13.117492164445231, 5.687981921774529], 11, 4.6453248584457476e-11, 5.2000461800083695e-23

14, 17, 9, [-4.509143650382732, 5.3351192520814905, 2.0937137378192494, -3.939681099404315, -4.927246747350116, 1.0360124063326384, 7.728607111772137, 3.616066676657613, -13.118421684376381, 5.688481868909051], 11, 1.3639110726011724e-12, 1.51648503871795e-24

14, 17, 9, [-4.509111569319432, 5.335025385214241, 2.0937222957381048, -3.939565302501102, -4.927167939383208, 1.0359130021310907, 7.728379856844315, 3.6160415052041754, -13.117967965503597, 5.688238021318109], 12, 8.513956333466367e-12, 9.553492733553623e-24

14, 17, 11, [-3.7579867343629982, 2.783022823363372, 2.857281346831861, -0.339371143531229, -3.364019187324063, -3.5037568938848667, 0.009261351010708676, 4.95318894569175, 6.184237448157696, -1.309238251344684, -12.92842372316002, 7.4259630966494745], 6, 1.138736953707884e-11, 1.2749651340778567e-23

14, 17, 9, [-4.509124125571403, 5.335061966459845, 2.093719144688891, -3.939610253488389, -4.9271987869723795, 1.035951205635342, 7.728467928018715, 3.616051792066779, -13.118143098368039, 5.688331729194752], 11, 5.349700428527217e-12, 5.9522605265980234e-24

14, 17, 9, [-4.509101644097829, 5.334996516582564, 2.093724727105127, -3.939529882024632, -4.927143555426752, 1.035883013717835, 7.728310502519333, 3.6160332454938855, -13.117830261323972, 5.688164464260867], 10, 2.878060702631281e-11, 3.2234773871051487e-23

14, 17, 9, [-4.509111637942287, 5.335025914477965, 2.093721866783428, -3.9395663222868844, -4.927168108924183, 1.035914664916113, 7.728382158897141, 3.6160406767526725, -13.117973987581658, 5.6882420972503995], 12, 1.4813295137407055e-12, 1.6469055019895433e-24

14, 17, 11, [-3.7579739331146262, 2.7829950076289633, 2.857268640884591, -0.3393487661269019, -3.363976968184081, -3.503733144097292, 0.009230778464430447, 4.953105737284476, 6.184169371107049, -1.3091751975443178, -12.928212251497804, 7.425809044263056], 3, 1.3039272343774481e-11, 1.459709571416728e-23

14, 17, 9, [-4.5090848526477885, 5.334947409447335, 2.093729178422267, -3.939469327487793, -4.9271023095629705, 1.035831082242576, 7.728191681897636, 3.6160200175522346, -13.117593119414101, 5.688037063023349], 10, 1.2352906479822405e-11, 1.385371745988264e-23

14, 17, 11, [-3.757976699614243, 2.7830010775093528, 2.8572713575587763, -0.3393537305761488, -3.3639862148541004, -3.5037382385910747, 0.009237673144116384, 4.953124139629666, 6.184184233611208, -1.3091894578695222, -12.92825918586802, 7.425843548423948], 7, 5.265665272574252e-12, 5.904361087083915e-24

14, 17, 11, [-3.757981631747652, 2.7830117582054283, 2.857276271280989, -0.33936227243180184, -3.3640024053582653, -3.5037474133818143, 0.0092492727708445, 4.9531559372758975, 6.184210370456064, -1.3092133547101397, -12.928339893561272, 7.425902143694233], 6, 1.1595497578030889e-11, 1.2984501379652073e-23

14, 17, 11, [-3.757991926106025, 2.7830340344115974, 2.8572865346955694, -0.33938006566942563, -3.3640361632248386, -3.5037665708536103, 0.009273407491202066, 4.953222190799491, 6.184264877292093, -1.3092630700419432, -12.928508019379693, 7.426024133758623], 6, 3.925726657523646e-12, 4.4040211468075715e-24

14, 17, 11, [-3.7580038535562204, 2.783059937273534, 2.857298380055033, -0.3394008849550584, -3.3640754706518052, -3.503788707309865, 0.009301826039031603, 4.953299619700862, 6.184328269319715, -1.309321674512086, -12.928704767649338, 7.42616739279599], 5, 1.299431223176339e-11, 1.4546129409579035e-23

14, 17, 11, [-3.757984932616932, 2.783018839308316, 2.8572795927730423, -0.3393678427876242, -3.3640131004487324, -3.503753595395738, 0.009256710194593674, 4.953176740114325, 6.184227688511935, -1.3092286336198882, -12.928392510558767, 7.425939993320857], 6, 9.063952199626789e-12, 1.0152378694469898e-23

14, 17, 9, [-4.50911828855437, 5.335045061358001, 2.0937204842290362, -3.9395895930221014, -4.927184447640678, 1.035933888187507, 7.728427540908032, 3.616046742099403, -13.118063224518531, 5.688289249534053], 9, 4.74993236636124e-11, 5.317156158101078e-23

14, 17, 11, [-3.758002029308637, 2.7830558317397305, 2.8572966403851567, -0.33939738510130124, -3.364069157818946, -3.503785416201305, 0.0092967717031807, 4.95328674467322, 6.1843182061142485, -1.3093111497791474, -12.928671641933716, 7.4261424962432985], 5, 1.2451988810575846e-11, 1.3940613046152192e-23

14, 17, 11, [-3.757984224845636, 2.783017398120422, 2.8572788416533337, -0.339366818069491, -3.3640109685195725, -3.503752218021345, 0.009255497139023886, 4.9531728350557565, 6.184224171076802, -1.3092262014574065, -12.928382863819825, 7.42593349137113], 6, 6.4532786989669106e-12, 7.232901156918307e-24

14, 17, 11, [-3.7579840062467524, 2.7830168911497064, 2.8572786413543367, -0.3393663649351489, -3.364010180911146, -3.5037518359651263, 0.009254813227706226, 4.953171181009732, 6.184222929785719, -1.309224763238636, -12.928378560181695, 7.425930169454357], 4, 1.2891293173030953e-11, 1.4433471993459868e-23

14, 17, 11, [-3.7579838430816475, 2.7830164952149246, 2.8572784995385954, -0.33936598960477327, -3.364009555926856, -3.503751558224516, 0.009254223827628633, 4.953169826400906, 6.184221953553015, -1.309223523022392, -12.92837500759569, 7.425927371195799], 6, 1.1613558802203882e-11, 1.3003285311113648e-23

14, 17, 11, [-3.7580007968299545, 2.7830531930855695, 2.857295397757634, -0.33939531659914424, -3.364065175632743, -3.5037831052384356, 0.009294019395701238, 4.953279014211619, 6.184311754332859, -1.3093054980032064, -12.928652101938498, 7.426128465395337], 5, 1.2159227890165375e-11, 1.361360885138924e-23

14, 17, 11, [-3.757970253417916, 2.7829871876973784, 2.857264901204092, -0.3393427185695101, -3.3639652001802465, -3.5037262039987414, 0.009222851018025686, 4.953083077280113, 6.184150254276752, -1.3091589671370734, -12.928155154026062, 7.425768384324604], 7, 3.866996858577991e-12, 4.338816319062712e-24

14, 17, 11, [-3.7579822723241874, 2.7830132163394676, 2.857276873726614, -0.33936353780370043, -3.3640046565233037, -3.503748557538939, 0.009251129929105963, 4.953160577631166, 6.184213945459133, -1.3092172333091356, -12.92835187818411, 7.425911235766104], 5, 1.1545321857631999e-11, 1.2927644085957163e-23

14, 17, 11, [-3.757988099002031, 2.7830257247712784, 2.8572827333445274, -0.3393733888684762, -3.3640235544811508, -3.503759467912447, 0.00926429551798553, 4.953197357302845, 6.184244542542255, -1.3092442785035863, -12.928444918222167, 7.4259781909247895], 6, 7.558889237023374e-12, 8.469791639417692e-24

14, 17, 11, [-3.757993908264151, 2.783038207824397, 2.857288569096755, -0.33938323726345376, -3.3640424209367734, -3.503770336487276, 0.009277483158387912, 4.953234115062064, 6.18427507726055, -1.309271380733272, -12.928537942771392, 7.426045209695521], 6, 8.484300821071312e-12, 9.503259270834081e-24

14, 17, 11, [-3.7579961026135518, 2.7830430296917927, 2.8572907200882844, -0.33938719127828887, -3.3640497705197214, -3.503774371909495, 0.009282989115477914, 4.953248765032664, 6.18428688392502, -1.3092827750545932, -12.928575329573441, 7.426072737091719], 6, 5.1225643949748185e-12, 5.744019571188796e-24

14, 17, 9, [-4.509112880496086, 5.335029084083898, 2.0937221186363133, -3.9395697115433745, -4.927171161399272, 1.0359164543525181, 7.728388382770203, 3.616042908880995, -13.117984381778287, 5.6882464864500095], 14, 3.298437812981349e-12, 3.7117637306694685e-24

14, 17, 9, [-4.5090713799993996, 5.334908163205597, 2.09373255470135, -3.939421106490172, -4.927069213253853, 1.0357901059485664, 7.728097206462524, 3.6160089766353605, -13.117405256977193, 5.68793654552059], 10, 1.3902690384163066e-11, 1.558678296834937e-23

14, 17, 9, [-4.509148440286542, 5.335133491020345, 2.0937121802944616, -3.93969891502363, -4.9272585151183845, 1.0360282356995176, 7.728642280102397, 3.616069835299318, -13.11849286775934, 5.688520696005027], 11, 9.937670046763621e-12, 1.1148185898093382e-23

14, 17, 11, [-3.7579714351379074, 2.7829896976799713, 2.8572661026608905, -0.3393446579982022, -3.3639689765072744, -3.503728432900903, 0.009225391598276778, 4.953090345814575, 6.18415638917769, -1.3091641691908038, -12.928173467596833, 7.42578142244681], 5, 1.2881399106786361e-11, 1.442117853192805e-23

