15, 17, 7, [-5.649396618587915, 10.642042822199405, -3.974861744385951, -9.290669328120423, 4.697568256938455, 12.638267343690789, -14.663378777871657, 4.601551704328091], 25, 3.237304373109564e-10, 3.6310190228249744e-22

15, 17, 10, [-5.59564383725929, 9.849273044114957, -1.8010957376436287, -8.851810965388644, -1.522062925672196, 9.967481936271033, 8.093998678504175, -10.220263670389128, -16.473139003289287, 23.23652059708585, -7.684227629004464], 9, 4.771105196842398e-12, 5.393832934777524e-24

15, 17, 7, [-5.649394465966899, 10.64203402234214, -3.9748536935766823, -9.290660313946706, 4.697557176886402, 12.638251448961514, -14.663352153995177, 4.601541628638133], 25, 3.3311397644850366e-10, 3.7344568932279277e-22

15, 17, 10, [-5.595601318291899, 9.849101825539744, -1.8009648353880647, -8.851609369093687, -1.5221498838690777, 9.967128337086807, 8.0938700765966, -10.219761267279301, -16.472641047026325, 23.235474286250845, -7.683816100661461], 9, 5.1693105551977216e-11, 5.727999203950392e-23

15, 17, 10, [-5.595613876928555, 9.849153694053422, -1.801006591802505, -8.851670703549015, -1.5221195885032408, 9.967239899734066, 8.093906134027794, -10.219925444187586, -16.472796357792326, 23.235817805217756, -7.683954364966288], 8, 7.453628560447348e-11, 8.36259569711232e-23

15, 17, 7, [-5.649396619601273, 10.642042814848324, -3.9748617190102156, -9.290669321820763, 4.697568206706574, 12.638267311581489, -14.663378659453516, 4.601551644638933], 25, 3.5767808547381045e-10, 4.0128879185238477e-22

15, 17, 7, [-5.64939648765051, 10.642042312377384, -3.9748613179701024, -9.29066880412303, 4.6975677015091755, 12.638266464277514, -14.663377436051306, 4.601551225808811], 20, 3.65125659048543e-10, 4.096286466126626e-22

15, 17, 7, [-5.649397090931541, 10.64204481677733, -3.9748636705984812, -9.290671365859719, 4.697570989117669, 12.638271050308415, -14.66338532720661, 4.601554260001808], 25, 3.7655215803300624e-10, 4.217616421675004e-22

15, 17, 10, [-5.595582108304986, 9.849025357710243, -1.8009078113102739, -8.851519516028699, -1.522186017485247, 9.966973458562686, 8.093810663580804, -10.219545078873924, -16.472421713490014, 23.235025133561106, -7.683641589577769], 9, 7.001669842798248e-12, 7.739021694981324e-24

15, 17, 10, [-5.5955979606840245, 9.849089304392516, -1.8009568819506963, -8.85159482987597, -1.52215319769091, 9.967105903746623, 8.093858438406414, -10.219733756796813, -16.47260807121096, 23.235418223910976, -7.683796477877738], 9, 5.0371274903859876e-11, 5.6599780036366e-23

15, 17, 7, [-5.649398859166012, 10.64205208991474, -3.974870395887298, -9.290678812246288, 4.697580302072995, 12.63828426030767, -14.663407694148564, 4.601562779078565], 25, 3.295878384007249e-10, 3.697576251649923e-22

15, 17, 10, [-5.595622758501161, 9.849187954511649, -1.8010303481825833, -8.851710735753668, -1.522106770079014, 9.967305499581, 8.093935224942307, -10.2200120887146, -16.47289081953734, 23.235996404981133, -7.684020963323816], 7, 6.051442260950564e-11, 6.794121030116975e-23

15, 17, 7, [-5.649391751971415, 10.642022767977576, -3.97484314259349, -9.290648799264208, 4.697542451793063, 12.638230860121727, -14.663316810586364, 4.601528058978748], 25, 3.2449778975526563e-10, 3.6393778377341622e-22

15, 17, 7, [-5.649396566518511, 10.642042669716348, -3.974861701038842, -9.290669166820189, 4.69756827422185, 12.63826716683669, -14.663378804402978, 4.601551787376331], 25, 3.7315389583212305e-10, 4.186142745972475e-22

15, 17, 10, [-5.595593097769691, 9.849069370094131, -1.8009410669743715, -8.851571289987813, -1.5221644079105294, 9.967063521202324, 8.093844274188315, -10.21967196688943, -16.472548886068964, 23.235289076561155, -7.6837447972829045], 9, 7.885142477604612e-12, 8.935220767585091e-24

15, 17, 7, [-5.6493996425471416, 10.642055339367394, -3.974873443772451, -9.2906821367415, 4.697584556987062, 12.6382902063925, -14.66341790674433, 4.6015667013115555], 25, 4.332145970758298e-10, 4.858289660278329e-22

15, 17, 7, [-5.649394671268635, 10.64203479197402, -3.974854286270969, -9.29066110860995, 4.697557902838701, 12.63825272534369, -14.663353914746262, 4.601542209251763], 20, 3.912578458010309e-10, 4.3889129983317215e-22

15, 17, 10, [-5.595644255853044, 9.849274609405727, -1.8010967433164582, -8.851812781321295, -1.5220624848957847, 9.967484763983471, 8.094000102981198, -10.220267195041881, -16.473143140241792, 23.23652781664466, -7.684230204574611], 8, 6.1099782183468e-11, 6.85970873076308e-23

15, 17, 7, [-5.649401964951498, 10.642064879399834, -3.974882245067714, -9.290691905307813, 4.697596728440277, 12.638307513315702, -14.663447141457814, 4.60157782047805], 25, 3.271097882574413e-10, 3.6696581007106203e-22

15, 17, 10, [-5.5955946312444365, 9.849076156398164, -1.800947242342199, -8.851579406749963, -1.5221591091874043, 9.967079624417282, 8.09384802146391, -10.219697489246146, -16.472570726189918, 23.235342961933814, -7.683767453725581], 9, 2.9991112359136806e-11, 3.318264232460738e-23

15, 17, 10, [-5.595555477318776, 9.848919263460138, -1.8008285558602382, -8.851394830745633, -1.5222364063110527, 9.966758281403864, 8.093728410154387, -10.219244360501703, -16.472117100265677, 23.234400273530316, -7.683398614232496], 6, 7.815670294783475e-11, 8.767819546213307e-23

15, 17, 10, [-5.5956787232004555, 9.84941399935115, -1.801204258910194, -8.851977032497523, -1.5219899294300088, 9.967774637212074, 8.094103546106494, -10.220681526663482, -16.473550574552377, 23.237391342812778, -7.6845711817627445], 9, 1.0892816556076383e-11, 1.2326630184046066e-23

15, 17, 7, [-5.649396747462802, 10.642043328908434, -3.9748621752846147, -9.290669849338553, 4.69756882312673, 12.63826822595159, -14.663380142313002, 4.601552194596181], 30, 3.890242929389519e-10, 4.363678964148442e-22

15, 17, 10, [-5.595604010303298, 9.849114316968043, -1.8009770480318925, -8.851624420546509, -1.5221385481646783, 9.96715976782631, 8.09387583020938, -10.219813034161698, -16.472683057750366, 23.23558405185391, -7.683863200042249], 9, 2.6566862012587052e-11, 2.9923811246521947e-23

15, 17, 7, [-5.649396787661587, 10.642043552672131, -3.974862475114514, -9.290670073179612, 4.697569312395094, 12.638268727232148, -14.663381303976774, 4.601552707409906], 25, 3.336673986731348e-10, 3.74074971029601e-22

15, 17, 7, [-5.649395560014909, 10.642038507211677, -3.9748578159545067, -9.290664907394683, 4.6975628651885195, 12.638259569942562, -14.66336581824083, 4.60154681332643], 25, 3.4020477757897663e-10, 3.8131627311929254e-22

15, 17, 7, [-5.649401704276582, 10.642063882466834, -3.9748814426844414, -9.290690878080667, 4.697595712225653, 12.638305824819879, -14.66344468302097, 4.601576973945484], 20, 4.066495584489914e-10, 4.560961403746651e-22

15, 17, 7, [-5.649396058246852, 10.642040503943054, -3.974859579005183, -9.290666956110735, 4.697565240670961, 12.638263111182235, -14.663371536224767, 4.601548928986373], 25, 3.883236884471991e-10, 4.348665204515805e-22

15, 17, 10, [-5.595616049756519, 9.849161257930456, -1.8010104388570136, -8.851679377237994, -1.5221194056910918, 9.967251428629801, 8.093914537184181, -10.219936531785672, -16.472814276681582, 23.235839341191515, -7.683959857127504], 9, 2.8354442064910526e-11, 3.193137662370555e-23

15, 17, 10, [-5.5956306769743405, 9.84922025345008, -1.8010557041681574, -8.851748852619664, -1.5220891274892312, 9.96737360510317, 8.09395859097809, -10.220110610031478, -16.47298617427, 23.236202058003563, -7.684102812553038], 7, 6.46511431762812e-11, 7.25721352974777e-23

