14, 15, 15, [235.50800748722065, -1017.0037133823906, 1054.9377532387125, 703.1232648015314, -821.6259599131271, -1216.7008901255308, -17.291241858456054, 1355.2818272914606, 1252.1339919356212, -445.30438733775003, -1927.1377582062862, -1058.8219463909961, 1783.6102065618004, 2281.8577760699254, -3080.6666387622986, 917.0998095506611], 5, 0.0011869316145989117, 1.1821294428317884e-15

10, 15, 15, [235.50801369621436, -1017.0037402559283, 1054.9377816929302, 703.1232830607178, -821.6259826565982, -1216.700922617961, -17.29124120032469, 1355.2818647595748, 1252.1340253408928, -445.3044010149556, -1927.137811685748, -1058.8219743498687, 1783.6102574346792, 2281.857838927507, -3080.666726123588, 917.0998359525596], 3, 0.0011907641406970334, 1.1829068030615152e-15

12, 15, 15, [235.5080034844522, -1017.0036958317546, 1054.9377342899213, 703.123252985731, -821.6259444923967, -1216.7008686059287, -17.29124274925427, 1355.2818019507788, 1252.1339697684589, -445.30437765884835, -1927.1377220220909, -1058.8219278692816, 1783.6101718377395, 2281.8577337102424, -3080.6665794068344, 917.099791569163], 4, 0.0011906488928365906, 1.18285437981156e-15

15, 15, 14, [359.5931607697509, -1681.3013247856866, 2116.382543543078, 760.5939430205566, -1969.382534322005, -1691.1836795829913, 1125.6962463684656, 2731.160393619018, 741.2016511532652, -2747.9225174147427, -2813.043784077178, 2059.2197647424714, 4492.703901515333, -4783.222227257571, 1298.5045572466984], 3, 0.001149270409433102, 1.115018057261151e-15

15, 15, 15, [235.5080119402294, -1017.0037325355627, 1054.9377733073131, 703.123277896642, -821.6259757823132, -1216.7009131358773, -17.291241710629635, 1355.2818534634043, 1252.1340155919925, -445.3043965395966, -1927.1377955227595, -1058.8219662564686, 1783.610241731025, 2281.857820055856, -3080.666699306852, 917.0998277636996], 4, 0.0011915264960761643, 1.1829993104820264e-15

12, 15, 15, [235.50801124143845, -1017.0037295875836, 1054.9377703296245, 703.1232758285216, -821.6259735257605, -1216.7009096587603, -17.291241535613494, 1355.2818497306212, 1252.1340120048244, -445.3043954706416, -1927.1377902380116, -1058.8219631844102, 1783.6102370068154, 2281.8578137445897, -3080.6666910958156, 917.0998253702637], 3, 0.0011908706905751141, 1.1831303370738766e-15

15, 15, 15, [235.50800141572518, -1017.0036870686846, 1054.9377253605307, 703.123246882228, -821.6259376490866, -1216.7008582344326, -17.291242389190803, 1355.2817906358841, 1252.1339590867863, -445.30437419304434, -1927.1377059621682, -1058.821918781704, 1783.6101572255327, 2281.857714604377, -3080.666554072208, 917.0997840995544], 2, 0.0011907989235997762, 1.184079212365514e-15

11, 15, 15, [235.50800110991372, -1017.0036857588962, 1054.9377239793255, 703.1232460090622, -821.62593653627, -1216.7008566799898, -17.291242468602306, 1355.2817887932906, 1252.133957512408, -445.3043734251673, -1927.1377033018205, -1058.821917508861, 1783.610154552213, 2281.857711501504, -3080.666549472206, 917.0997826541907], 3, 0.001191217857260008, 1.1834587940512138e-15

15, 15, 14, [359.59316978661894, -1681.3013675380307, 2116.382599051675, 760.5939610911902, -1969.3825872418838, -1691.1837225247064, 1125.6962789844574, 2731.1604665950094, 741.2016678596691, -2747.9225941886034, -2813.043858690564, 2059.219824812676, 4492.704024391233, -4783.22236255744, 1298.504594707163], 7, 0.0011063583185025488, 1.1054416037645142e-15

15, 15, 15, [235.50800114307083, -1017.0036856284826, 1054.9377233299183, 703.1232461499029, -821.6259355796749, -1216.7008562096105, -17.291243345197866, 1355.2817872732262, 1252.1339570718244, -445.3043718350532, -1927.1377009816438, -1058.821917386229, 1783.6101512775942, 2281.8577091274833, -3080.666544195391, 917.0997807483549], 6, 0.0011876960200468457, 1.1821327832997713e-15

