13, 18, 10, [14569.601008772059, -66232.60692448955, 56763.2599204214, 100518.53267698357, -47682.42842900454, -225234.80888855847, -94709.72418174669, 408887.5099582594, 462094.6951893904, -1091959.0864496797, 484935.042173368], 30, 0.22329320807118197, 1.4555707773806185e-11

13, 18, 11, [9054.441644873672, -36258.460955056806, 18239.322797256667, 59165.431536135875, 13330.192369712104, -95707.42025176102, -135034.8999130692, 39950.468423231, 340529.5467035357, 207956.57427158466, -845589.7458967414, 426778.4929811332], 20, 0.2280084785926149, 1.4916482927810837e-11

13, 18, 10, [14569.601019932541, -66232.60697583691, 56763.2599655593, 100518.53275508528, -47682.42846869331, -225234.80906667854, -94709.72425265533, 408887.5102872561, 462094.69555278675, -1091959.0873302058, 484935.04256892204], 2, 0.22360405060394203, 1.457108860601503e-11

13, 18, 11, [9054.441656183992, -36258.46100068538, 18239.322820770278, 59165.43161092171, 13330.192385482736, -95707.42037441551, -135034.9000839288, 39950.46847752267, 340529.54714034876, 207956.57453312262, -845589.7469859978, 426778.4935348198], 4, 0.2280583151365515, 1.4920332471587787e-11

13, 18, 11, [9054.44165430132, -36258.460993044224, 18239.32281676259, 59165.43159835356, 13330.192382959807, -95707.42035360388, -135034.90005518668, 39950.468467972176, 340529.5470662068, 207956.57448928407, -845589.74680068, 426778.49344024196], 20, 0.22773722561330323, 1.4915951034909113e-11

13, 18, 11, [9054.441655709787, -36258.46099860187, 18239.322819419293, 59165.431607346094, 13330.192385265109, -95707.42036771814, -135034.90007568343, 39950.468473017565, 340529.5471162748, 207956.57452132567, -845589.7469236103, 426778.4935011036], 20, 0.22770038510395102, 1.4917869956478778e-11

13, 18, 11, [9054.441649948218, -36258.46097539507, 18239.322807522574, 59165.43156934406, 13330.192377126485, -95707.4203055853, -135034.89998887418, 39950.468445888546, 340529.54689506604, 207956.5743882323, -845589.7463726106, 426778.49322154175], 15, 0.22804626118818477, 1.491698107435961e-11

13, 18, 11, [9054.441648223208, -36258.46096842993, 18239.322803918298, 59165.43155792325, 13330.192374755452, -95707.42028679732, -135034.89996278705, 39950.46843743601, 340529.546828111, 207956.57434839773, -845589.7462053521, 426778.4931362785], 3, 0.22791917583357205, 1.492417905071984e-11

13, 18, 11, [9054.441648004127, -36258.4609675553, 18239.322803483916, 59165.43155649818, 13330.192374421125, -95707.4202845123, -135034.89995953316, 39950.46843652943, 340529.5468199952, 207956.57434335383, -845589.746185299, 426778.49312624], 25, 0.22770219249065482, 1.4917094962754847e-11

13, 18, 11, [9054.441654301194, -36258.460992990564, 18239.322816643064, 59165.43159821649, 13330.192383117672, -95707.4203530902, -135034.90005485856, 39950.468467176834, 340529.5470642679, 207956.5744891131, -845589.74679488, 426778.4934364823], 2, 0.22790973467797943, 1.4918452535804326e-11

