14, 18, 16, [184.43626357410133, -2116.7274626010194, 9533.645640522855, -20336.82751534098, 14841.45547845388, 16825.903056156152, -26812.09762833674, -20472.41403489427, 36762.73015797499, 34600.1861580114, -46782.912351396626, -58460.1016100531, 67647.67607299243, 81303.5787818083, -162169.66785205895, 95416.8965162662, -19966.85471833127], 2, 0.0006907029585888471, 3.831884386691598e-14

14, 18, 12, [147.34465410819706, -1842.623777416444, 9413.852319206242, -25169.503505244204, 33854.86953635785, -7529.591378287034, -41911.423241274046, 44742.12096244459, 27967.17700843586, -97586.09799876141, 90423.19829213835, -39456.87288073237, 6946.579068732681], 14, 0.0013937982107130348, 8.888341556678843e-14

14, 18, 16, [184.43626330808985, -2116.7274599508623, 9533.64563034536, -20336.827498473293, 14841.45547429853, 16825.903036368887, -26812.09762092736, -20472.414008649885, 36762.730155944926, 34600.186124121574, -46782.91236297025, -58460.10157279548, 67647.67609997187, 81303.57874332373, -162169.66788071938, 95416.89656270666, -19966.854733156342], 4, 0.0006901384123235523, 3.8321547334774904e-14

14, 18, 16, [184.43626165940108, -2116.727440781635, 9533.645540548341, -20336.82729623619, 14841.455308863322, 16825.902881056845, -26812.09732186154, -20472.41382315437, 36762.72972942216, 34600.18578757718, -46782.91179293956, -58460.100962968914, 67647.67525827454, 81303.57786873126, -162169.6659372959, 95416.89536548917, -19966.854473635387], 6, 0.0006904543066072822, 3.830584588853853e-14

14, 18, 16, [184.43626063470492, -2116.7274293868572, 9533.645489834937, -20336.827189356627, 14841.455233342624, 16825.90279029406, -26812.097185504357, -20472.413711132245, 36762.72954591208, 34600.185601329955, -46782.91156647966, -58460.1006562261, 67647.67493771366, 81303.57744812258, -162169.66515468888, 95416.89492258233, -19966.854384243758], 5, 0.0006900374335031847, 3.832585076449615e-14

14, 18, 16, [184.436263966977, -2116.7274667455995, 9533.64565794369, -20336.82754959511, 14841.45549925617, 16825.90308685606, -26812.097666018086, -20472.414072382075, 36762.7302065863, 34600.186215995076, -46782.912408963806, -58460.101699822604, 67647.67615499046, 81303.57890188666, -162169.66806363626, 95416.89663485183, -19966.85474242279], 6, 0.0006897179531817828, 3.8316329438520765e-14

14, 18, 16, [184.4362633206757, -2116.727459825912, 9533.645628457138, -20336.827490886284, 14841.45546310071, 16825.903033770122, -26812.097600710476, -20472.41400642631, 36762.73012324532, 34600.186113134565, -46782.91231324414, -58460.101541616445, 67647.67602315421, 81303.57869197242, -162169.66771939042, 95416.8964521238, -19966.85470743207], 2, 0.0006880506910899969, 3.8296824672199215e-14

14, 18, 16, [184.43626288607706, -2116.727455127573, 9533.645608145838, -20336.827449485096, 14841.455435759535, 16825.902997697507, -26812.097551239152, -20472.413962076385, 36762.730057832814, 34600.186041709545, -46782.912234037576, -58460.101427113084, 67647.67591122008, 81303.57853663446, -162169.66743986032, 95416.89629598631, -19966.85467618614], 2, 0.0006869279173111339, 3.8421668036581107e-14

14, 18, 16, [184.43626293433064, -2116.72745517544, 9533.645605840571, -20336.827437599863, 14841.455415578523, 16825.90299584322, -26812.097514728874, -20472.413962535837, 36762.72999677876, 34600.18602787197, -46782.91213740474, -58460.10137647584, 67647.67575808997, 81303.57844829315, -162169.66712189658, 95416.89606919281, -19966.854621857983], 4, 0.000689293650373572, 3.8297276208896214e-14

14, 18, 12, [147.34465629005203, -1842.6238047426564, 9413.852463420944, -25169.503907562543, 33854.870109634416, -7529.591547717998, -41911.42393390333, 44742.12178687726, 27967.177433022487, -97586.09974720477, 90423.19999449192, -39456.87365194541, 6946.579209048971], 15, 0.0013973384245149888, 8.895196746273184e-14

