14, 18, 14, [94.52931627447029, -1288.8471206777663, 7058.277831410526, -20254.553420540524, 29849.651326305877, -10920.545643264135, -30484.61076169906, 33212.81004757029, 25987.239296344313, -57349.99939983, -8625.182205512998, 91291.75318117737, -92455.86960559705, 41057.07629742165, -7172.737774019733], 9, 0.0005761748411119458, 2.9850769249666115e-14

14, 18, 18, [119.57982277963468, -1527.2836211426772, 7690.426713430314, -19162.20510868846, 20467.817155156656, 6207.453042091372, -29489.31820701362, -2871.4587511789914, 38422.23141172016, 10361.741865724638, -48216.765730770094, -28743.3878109347, 56757.542108594855, 54641.33684843344, -73414.64941939825, -74977.77337212794, 155215.98635814604, -89742.93441029056, 18260.684544781692], 5, 0.0003688102642383133, 1.450322484759315e-14

14, 18, 18, [119.57982082403142, -1527.2835958818523, 7690.426579495058, -19162.204751279918, 20467.816728991413, 6207.45297634863, -29489.317595861357, -2871.45878542055, 38422.23058041724, 10361.741770820006, -48216.764612706866, -28743.38731915557, 56757.54069504458, 54641.33574045541, -73414.64752433494, -74977.77176526556, 155215.98250573027, -89742.93205344459, 18260.68404453676], 6, 0.0002937303522879082, 1.3828834225194557e-14

14, 18, 14, [94.5293208386915, -1288.8471801791152, 7058.278158906434, -20254.554377145116, 29849.65277581764, -10920.546228556695, -30484.61221687696, 33212.81174741184, 25987.24050718398, -57350.00232078995, -8625.182520829823, 91291.75780394561, -92455.87442027322, 41057.07847688709, -7172.738160977761], 8, 0.0010331315475339176, 3.498576846310151e-14

14, 18, 18, [119.5798253240527, -1527.28365242304, 7690.426871086249, -19162.205506340477, 20467.81759104085, 6207.453157696171, -29489.31883456207, -2871.458787402431, 38422.2322389564, 10361.742054504643, -48216.76678898904, -28743.38839564694, 56757.5433799347, 54641.33800607101, -73414.65108077571, -74977.77498352894, 155215.98982940768, -89742.93644994895, 18260.684964909935], 2, 0.0004428127731510244, 1.5366365752651053e-14

14, 18, 14, [94.52931903590353, -1288.8471564966844, 7058.2780275202385, -20254.553990048946, 29849.652182843212, -10920.545980770577, -30484.611625541344, 33212.811038935935, 25987.2400199402, -57350.001105354284, -8625.182408166918, 91291.75588418651, -92455.87240033492, 41057.077556169424, -7172.737996554875], 9, 0.000527182336257591, 2.929053987899018e-14

14, 18, 14, [94.52931756063155, -1288.8471371464584, 7058.277920246424, -20254.553673914914, 29849.65169770255, -10920.545775920764, -30484.61114349765, 33212.810455396015, 25987.23962555914, -57350.00010390316, -8625.182324950776, 91291.75430283486, -92455.87072271103, 41057.07678623177, -7172.737858123386], 9, 0.0006582097789451179, 3.077465713838311e-14

14, 18, 18, [119.57982122914443, -1527.2836011081647, 7690.426607129027, -19162.204824654626, 20467.81681554448, 6207.452991317179, -29489.31772025635, -2871.4587813613534, 38422.23074871887, 10361.741794645126, -48216.7648362782, -28743.387424215933, 56757.54097316978, 54641.33596858215, -73414.64789284191, -74977.77209190896, 155215.98325865687, -89742.93250639294, 18260.684139338187], 5, 0.00039671601917144647, 1.4795539057394123e-14

14, 18, 14, [94.52931670924623, -1288.8471263756337, 7058.2778629728955, -20254.553513480063, 29849.651468800697, -10920.54570327369, -30484.610903361303, 33212.81021872642, 25987.239412345836, -57349.99969360271, -8625.18223030067, 91291.753645131, -92455.870097308, 41057.07652290563, -7172.737814526516], 9, 0.0009756454128253524, 3.430927519472791e-14

14, 18, 14, [94.52932017596243, -1288.8471712281491, 7058.27810779823, -20254.554221786482, 29849.652528282008, -10920.546112297983, -30484.61197649485, 33212.81143125327, 25987.240317367905, -57350.00178095072, -8625.18250139928, 91291.75695675595, -92455.87349335295, 41057.07804293611, -7172.738081696178], 8, 0.0008970539691080748, 3.3464806571092744e-14

