14, 18, 5, [-4.52157697091002, 3.8332279588583322, 6.500277425727725, -2.7549886328501505, -18.689142720543856, 15.844451524795954], 50, 3.2886650847042625e-06, 2.983105174946851e-25

14, 18, 5, [-4.5214862085320835, 3.8330124181274687, 6.500068649794965, -2.7546343242194324, -18.68809171415022, 15.843178099961278], 35, 3.239661686320821e-06, 2.938633564937251e-25

14, 18, 5, [-4.521604416898951, 3.8332931371797914, 6.500340558299712, -2.755095774065519, -18.689460539234414, 15.844836602275414], 50, 2.784106749972474e-06, 2.525403774326071e-25

14, 18, 5, [-4.521593499625224, 3.8332672283631237, 6.50031544586345, -2.7550532227460036, -18.689334232399077, 15.844683668104828], 50, 3.1637476911818103e-06, 2.8697894841208815e-25

14, 18, 5, [-4.522029262991507, 3.8343015939222673, 6.501317809558131, -2.756752481701907, -18.694377166992293, 15.850790994148218], 40, 2.922299546126737e-06, 2.6507676811197384e-25

14, 18, 5, [-4.521489883681205, 3.8330212974373445, 6.500077103547204, -2.7546492522206765, -18.68813525724545, 15.843231752875765], 14, 3.5194648151391725e-06, 3.192431784570127e-25

14, 18, 5, [-4.5216778161462905, 3.8334673712943563, 6.50050939475529, -2.7553820224436034, -18.69031001023571, 15.845865410823855], 50, 3.0942636471181955e-06, 2.8067502080918393e-25

14, 18, 5, [-4.521772221276352, 3.833691418548051, 6.500726549932839, -2.7557499983482474, -18.69140226129201, 15.847187957281502], 50, 1.9026533356443268e-06, 1.7258184042986403e-25

14, 18, 5, [-4.521778692039, 3.8337069283487226, 6.500741434294696, -2.7557758070510476, -18.69147812179087, 15.847280716613204], 40, 2.7416743327779384e-06, 2.486907149850484e-25

14, 18, 5, [-4.521618564846883, 3.8333266728612414, 6.500373102090551, -2.755150763356389, -18.689623962149597, 15.845034239877602], 14, 3.37774373163745e-06, 3.0638686197680364e-25

14, 18, 5, [-4.521733453160402, 3.8335993948533202, 6.500637373643698, -2.7555988208289253, -18.69095360944376, 15.846644608542567], 40, 2.6612793292910216e-06, 2.4139368486749786e-25

14, 18, 5, [-4.521300357677376, 3.832571294112772, 6.499641146781419, -2.753909704859066, -18.685941107840726, 15.84057373727438], 50, 2.6237360234461546e-06, 2.37992256699222e-25

14, 18, 5, [-4.521520746315177, 3.8330945000810406, 6.500148095254321, -2.754769387991609, -18.68849205829069, 15.843663534200775], 30, 3.354267584673662e-06, 3.042679934130137e-25

14, 18, 5, [-4.521677081139241, 3.8334655734934135, 6.500507704054858, -2.7553789526230275, -18.69030115891348, 15.845854377557087], 40, 3.018601585847232e-06, 2.7381196746289667e-25

14, 18, 5, [-4.521664414629653, 3.8334355548482364, 6.500478567944431, -2.7553297423562357, -18.690154883829102, 15.845677510379712], 50, 3.156962298121628e-06, 2.8636431442023053e-25

14, 18, 4, [-5.425987430511509, 8.050289332266964, 3.900509490702953, -18.18673528519738, 11.213725594803723], 13, 0.00021714465335997092, 1.967594218013289e-23

14, 18, 5, [-4.522077721011809, 3.834416738459951, 6.501429275005269, -2.75694190529919, -18.694938737113823, 15.85147180369583], 14, 3.295612290697924e-06, 2.9893660747070966e-25

14, 18, 5, [-4.521530596488325, 3.833117826052384, 6.500170753062436, -2.7548075870048665, -18.68860569173368, 15.843800825893322], 14, 3.3690694365694346e-06, 3.0559982118985697e-25

14, 18, 5, [-4.521801794616022, 3.8337616548749325, 6.500794575939597, -2.7558654671445484, -18.691744753283974, 15.847602965008734], 14, 3.399028718246247e-06, 3.0831762572449745e-25

14, 18, 5, [-4.52181213703293, 3.8337862036262025, 6.500818366062569, -2.7559057939262193, -18.691864436527915, 15.847747903943946], 50, 2.684797452425215e-06, 2.4353124836813063e-25

14, 18, 5, [-4.521702333711165, 3.8335255446619727, 6.5005657912559505, -2.7554775379566916, -18.69059358955975, 15.846208704051753], 50, 2.3051379109798768e-06, 2.0909399595831475e-25

14, 18, 5, [-4.521583299855801, 3.8332430265857598, 6.500291983878451, -2.7550134842821854, -18.689216254372297, 15.844540843568005], 50, 2.027871968312878e-06, 1.8393988933191714e-25

14, 18, 5, [-4.521564079145587, 3.8331974345941706, 6.500247771495708, -2.754938655574142, -18.688994027573035, 15.844271900779226], 50, 2.0102632667318005e-06, 1.8234433790153238e-25

14, 18, 4, [-5.425749693135003, 8.04948314980838, 3.9005094108781173, -18.184417379345064, 11.211760553694761], 9, 0.00021699682680556895, 1.966249622865204e-23

14, 18, 4, [-5.426691363502958, 8.052676515695568, 3.9005096115454054, -18.193599022194714, 11.219544684819633], 11, 0.00021776076568151808, 1.97317127222149e-23

14, 18, 5, [-4.521604638721176, 3.8332936498017136, 6.50034106855381, -2.755096585693823, -18.689463015834264, 15.844839519308508], 35, 3.136717795690852e-06, 2.845261825719292e-25

14, 18, 5, [-4.52187790709669, 3.8339423530351073, 6.500969653515442, -2.756162386527605, -18.692625777490726, 15.848670126269305], 50, 2.0392275296415763e-06, 1.8497081489565103e-25

14, 18, 5, [-4.521424482444841, 3.8328659500968523, 6.499926664512138, -2.7543938163512443, -18.687377707311715, 15.842313687827716], 14, 3.436521727314517e-06, 3.117191709525232e-25

14, 18, 5, [-4.521593559471436, 3.833267240676301, 6.50031558355228, -2.7550529586354937, -18.689334081497584, 15.844682718687269], 40, 3.0198322347109924e-06, 2.73923748366138e-25

14, 18, 4, [-5.425358772796812, 8.048157396128813, 3.900509413116084, -18.180605395234362, 11.208528596414766], 20, 0.00021800245450212467, 1.9753649467118712e-23

