14, 18, 3, [-8.161634739427566, 24.98131435242658, -33.98574238676451, 17.339321175065233], 20, 0.011771809879494397, 1.0603613604275669e-21

14, 18, 4, [-6.53085672830962, 11.66177751021778, 6.809982013335022, -38.194510339744234, 28.348617011868313], 50, 0.00030984695993655815, 2.807081174053878e-23

14, 18, 3, [-8.16217479468471, 24.984622330106543, -33.9924964586763, 17.343917889529592], 35, 0.011779614732983392, 1.0610718942429213e-21

14, 18, 3, [-8.161521784682318, 24.98062216901905, -33.98432849366176, 17.338358475768395], 8, 0.01172597295789366, 1.0561725555042353e-21

14, 18, 3, [-8.162516427520028, 24.986715472849415, -33.99677126825636, 17.346828026220464], 15, 0.01171625154134276, 1.0553558535726403e-21

14, 18, 3, [-8.16173266251031, 24.981913875104865, -33.986965888962224, 17.340153480040435], 11, 0.011769130478938595, 1.0600785626190225e-21

14, 18, 3, [-8.162151009376926, 24.984477235359076, -33.99220142869676, 17.34371792540269], 13, 0.011765489517559685, 1.0597626131433084e-21

14, 18, 4, [-6.5310749063031714, 11.662668409931804, 6.809982156037627, -38.19822460322972, 28.352408682311673], 12, 0.0003098727997369835, 2.807306120598715e-23

14, 18, 4, [-6.531035329602597, 11.662506924723003, 6.809981965808968, -38.19755168841566, 28.351722257414615], 13, 0.00030844685763546745, 2.7943915177664063e-23

14, 18, 3, [-8.162489674846167, 24.986551548111365, -33.99643645653938, 17.34660007829493], 14, 0.01179013504617218, 1.0619966093932258e-21

14, 18, 4, [-6.531065508274746, 11.662630019501053, 6.809982170195737, -38.198064507637596, 28.35224518658863], 10, 0.00030847996435210665, 2.7946782869176926e-23

14, 18, 3, [-8.162761380493121, 24.988215671816825, -33.999833892517394, 17.348912120127867], 12, 0.011740253005626642, 1.0574974722235642e-21

14, 18, 3, [-8.16203884291343, 24.98378919225266, -33.99079458410453, 17.342759067035463], 6, 0.01170773825898216, 1.0544335898477628e-21

14, 18, 3, [-8.16358505802006, 24.993261513064482, -34.0101374851611, 17.35592542163883], 8, 0.011691837220993834, 1.0531018432160055e-21

14, 18, 3, [-8.161436501379224, 24.98009991722399, -33.98326245105034, 17.337633125323425], 40, 0.011754570484591864, 1.0588253564632386e-21

14, 18, 3, [-8.1619000087055, 24.982939091067422, -33.98905948855086, 17.34157859742183], 40, 0.01177152456811897, 1.0603468046280841e-21

14, 18, 4, [-6.530919044597618, 11.662031973566743, 6.809982049517117, -38.19557123609141, 28.34970003197668], 13, 0.0003087663920678577, 2.797286545225521e-23

14, 18, 3, [-8.161771387447095, 24.98215164128919, -33.98745250415449, 17.340485448983472], 9, 0.011776852448764674, 1.0607493013729031e-21

14, 18, 3, [-8.162189139131728, 24.984710391171507, -33.99267666100286, 17.344040806883857], 30, 0.011770627363336759, 1.0602635572224818e-21

14, 18, 3, [-8.161455698266396, 24.980217545785337, -33.983502706421746, 17.33779669838201], 40, 0.01175582739895113, 1.058937701252349e-21

14, 18, 3, [-8.161619572100243, 24.981221457621206, -33.9855527370469, 17.33919211515082], 20, 0.011763686935678273, 1.0596321211006122e-21

14, 18, 3, [-8.1621147829132, 24.98425481552431, -33.99174623367923, 17.343407399444448], 30, 0.011741129893549716, 1.057614634493437e-21

14, 18, 3, [-8.162243314557033, 24.98504241545413, -33.993354951688694, 17.344502698786865], 10, 0.011707594993154534, 1.0545433108541674e-21

14, 18, 3, [-8.161841960383223, 24.982583412753495, -33.988333041522814, 17.341084025602925], 8, 0.01175587145388621, 1.058842357358807e-21

14, 18, 4, [-6.53086160746905, 11.661797471925452, 6.809981964373868, -38.19459366890558, 28.34870224066894], 40, 0.00030954575200077853, 2.8043525249355416e-23

14, 18, 3, [-8.160603229059273, 24.97499519329349, -33.972838405809476, 17.3305376901185], 9, 0.011710432361642929, 1.0547809112098496e-21

14, 18, 3, [-8.161286957016618, 24.9791840937866, -33.9813929224252, 17.336360996353765], 13, 0.011764556023385811, 1.059684787902475e-21

14, 18, 3, [-8.161407389703784, 24.979921081145793, -33.98289625112129, 17.3373831733464], 20, 0.011739840254946576, 1.0574895542869246e-21

14, 18, 4, [-6.531042053514229, 11.662534427435242, 6.809981906828857, -38.19766647981769, 28.351839639392505], 10, 0.00030850577360719755, 2.7949129900108727e-23

14, 18, 3, [-8.161485437868237, 24.980399740716862, -33.98387476935719, 17.338049963570846], 14, 0.011753559130750551, 1.058710212951903e-21

