14, 18, 13, [-13.230283242795126, 74.33049479043576, -223.84638394186598, 358.94705526010733, -190.27769788686544, -291.0781398061148, 419.5241760310101, 213.5359826406659, -676.308732011026, -6.187660667030973, 1047.2552185286133, -1160.552534624818, 547.758415933195, -100.8704913065646], 9, 5.962799171672862e-07, 7.073962009406001e-19

14, 18, 12, [-14.043806284914668, 85.5313288387677, -289.78550505903337, 569.0463717561641, -551.4522538088804, -85.54713490844375, 814.1347901814771, -548.1932097382979, -712.7839663679665, 1592.0432500005202, -1293.1296859132556, 518.9988441160292, -85.81930091693734], 7, 9.312410746522939e-08, 1.3657994213534062e-19

14, 18, 13, [-13.23028292700344, 74.33049184064225, -223.84637354872882, 358.9470406348013, -190.27769966091506, -291.07811751422287, 419.5241765440004, 213.53594874757943, -676.3087381645778, -6.187607644138781, 1047.2552296998053, -1160.552631289036, 547.7584950877166, -100.87051211081064], 6, 6.141474461078601e-07, 7.233607424666899e-19

14, 18, 13, [-13.230281151280803, 74.3304707572146, -223.84627126753253, 358.9467945764424, -190.27745605549205, -291.07798343721487, 419.5237095181816, 213.53594013596498, -676.3079810645703, -6.187883437806044, 1047.2540824243106, -1160.5509915575872, 547.7575962089373, -100.87032595024286], 9, 3.5738426016094524e-07, 4.598443599468919e-19

14, 18, 13, [-13.230282497823978, 74.33048638642477, -223.84634530668052, 358.9469678953355, -190.277620000945, -291.0780847506479, 419.52402518016225, 213.53596232277727, -676.3084901835381, -6.187722819875906, 1047.2548529350574, -1160.5520527816764, 547.758164756087, -100.87044143715141], 7, 5.799582494081746e-07, 6.880409224344847e-19

14, 18, 13, [-13.23028242687779, 74.33048553193788, -223.84634117547904, 358.94695819811903, -190.2776111131609, -291.0780785186424, 419.5240080397112, 213.53595954292902, -676.3084628883092, -6.187728373872091, 1047.2548119427154, -1160.5520022487958, 547.7581400874976, -100.87043690045057], 7, 4.6828028632958585e-07, 5.736702040235277e-19

14, 18, 13, [-13.2302817538297, 74.33047767395183, -223.84630363777333, 358.9468692471302, -190.27752485113172, -291.0780287690972, 419.52384232325204, 213.53595367237997, -676.308194591943, -6.187822585978265, 1047.2544053107072, -1160.5514255671335, 547.7578249711405, -100.87037174274137], 9, 5.978923998417679e-07, 7.055316964211147e-19

14, 18, 13, [-13.230282290776202, 74.33048373068387, -223.84633142700423, 358.94693177693165, -190.277579804088, -291.0780691631869, 419.52394891180523, 213.53597074942178, -676.3083649666808, -6.187783649378049, 1047.2546625316627, -1160.5517556172522, 547.7579933669344, -100.87040445006075], 7, 4.979351753127252e-07, 6.040362267732161e-19

14, 18, 13, [-13.23028182070852, 74.33047882974247, -223.84631106318312, 358.94689206791224, -190.27755546226732, -291.07803386749345, 419.5238995805291, 213.53593715269196, -676.3082902277366, -6.187760718203799, 1047.2545513713414, -1160.5516784904685, 547.7579784639763, -100.87040611905923], 8, 2.867511807670351e-07, 3.77985395546992e-19

14, 18, 13, [-13.230281513939499, 74.33047499120751, -223.84629143426528, 358.9468420349322, -190.27750125830312, -291.07801101103615, 419.52379650206007, 213.5359459109168, -676.3081213969767, -6.187838958729343, 1047.254294759565, -1160.5512837822396, 547.7577524428333, -100.87035758698558], 8, 2.572115667322033e-07, 3.5552455659920107e-19

14, 18, 13, [-13.230281547487188, 74.33047545041293, -223.8462939253723, 358.9468486284774, -190.27750856495265, -291.07801407656086, 419.52381036338556, 213.5359450315968, -676.3081440001166, -6.187829393003362, 1047.2543289602443, -1160.5513341855349, 547.75778032498, -100.87036336707915], 8, 2.072578306431197e-07, 3.0169327855473597e-19

14, 18, 13, [-13.230281027018584, 74.3304695046505, -223.8462662386002, 358.94678512504606, -190.27745061732855, -291.0779750697645, 419.5236983953213, 213.5359324931078, -676.3079641475024, -6.187879055698555, 1047.2540570359836, -1160.5509710096903, 547.7575896095793, -100.87032529870368], 7, 4.82077288216824e-07, 5.877342614298213e-19

14, 18, 13, [-13.230282738624847, 74.33048907923362, -223.846357546619, 358.9469951287078, -190.27764343805515, -291.0781027652617, 419.5240707434154, 213.53597073542704, -676.3085628479265, -6.187707887951826, 1047.254962591148, -1160.5521908202631, 547.7582342121291, -100.87045474772198], 8, 2.104414377438114e-07, 3.0576811276079528e-19

14, 18, 13, [-13.23028317512338, 74.33049410480503, -223.84638121015576, 358.94705031028303, -190.277695600732, -291.0781347399372, 419.524171194678, 213.5359769041473, -676.3087250873278, -6.1876546157144094, 1047.2552083990558, -1160.5525339114154, 547.7584200429732, -100.87049291880498], 7, 4.194572412068816e-07, 5.233015271261098e-19

14, 18, 13, [-13.230282026408494, 74.3304811561705, -223.84632175231087, 358.9469161134163, -190.2775764957716, -291.0780495804743, 419.5239403990682, 213.53594421342922, -676.3083553734846, -6.187746868698506, 1047.2546496352218, -1160.5518024836647, 547.7580407793821, -100.87041801857163], 8, 4.121397274163778e-07, 5.159900880725312e-19

14, 18, 13, [-13.230279923050782, 74.3304569419718, -223.84620802082284, 358.94665246262366, -190.27733114494964, -291.07789203163674, 419.5234672511459, 213.53590257058727, -676.3075935455919, -6.187974925346984, 1047.253497048105, -1160.5502339723712, 547.7572065693666, -100.87024958022842], 12, 2.852981785061758e-07, 3.8164639811322782e-19

14, 18, 13, [-13.230282511201677, 74.33048713365403, -223.8463518739939, 358.9469916601515, -190.27765629397595, -291.0780861658445, 419.52409250534663, 213.53593605837077, -676.3086037264261, -6.187639600534813, 1047.2550266960102, -1160.55236870092, 547.7583602736692, -100.87048575913617], 6, 6.292698897473265e-07, 7.381359618404535e-19

14, 18, 13, [-13.230282416443407, 74.33048537489721, -223.8463401633248, 358.9469548572146, -190.27760598851899, -291.07807867879245, 419.52399850737044, 213.53596431566095, -676.3084465339917, -6.187742570146206, 1047.2547866110529, -1160.5519516751544, 547.7581072084799, -100.87042915039581], 3, 6.472958607564481e-07, 7.575187315099598e-19

14, 18, 13, [-13.230278604009593, 74.33044150396816, -223.84613414902452, 358.9464772531724, -190.2771612589763, -291.077793751905, 419.52314090433345, 213.53589015202186, -676.3070654075982, -6.188158524604217, 1047.252696833397, -1160.5491029562545, 547.7565901544738, -100.8701224463148], 8, 2.0672422608372377e-07, 3.0093614948138213e-19

14, 18, 13, [-13.230282659072047, 74.33048815569269, -223.8463531563308, 358.94698476888476, -190.27763343455433, -291.07809696199223, 419.52405151944413, 213.535970054713, -676.3085317196546, -6.187718899522749, 1047.2549153948537, -1160.5521236133764, 547.7581973340855, -100.87044708528856], 3, 6.459704830475756e-07, 7.569610731309744e-19

14, 18, 13, [-13.23028115365266, 74.33047116063815, -223.84627504201768, 358.9468084013327, -190.2774770336926, -291.07798470967026, 419.5237484537347, 213.53592617047758, -676.308046467175, -6.187838091778473, 1047.2541822293658, -1160.5511675479954, 547.7577031129669, -100.87034978403524], 8, 2.0801556744633506e-07, 3.026481897268092e-19

14, 18, 13, [-13.230283566801393, 74.33049858460963, -223.8464021224022, 358.9470984880835, -190.27774003171763, -291.07816380070824, 419.52425695854566, 213.53598508397727, -676.3088631027247, -6.187614058432581, 1047.255417229425, -1160.5528172108782, 547.758570542022, -100.87052329678502], 8, 3.2352830122710644e-07, 4.141124539770979e-19

14, 18, 13, [-13.230281902030866, 74.330479479883, -223.8463126531909, 358.94689169681294, -190.2775484356343, -291.07803961696544, 419.52388728644945, 213.53595107178592, -676.3082680500135, -6.187790169073062, 1047.2545169321418, -1160.5515950214972, 547.7579214928908, -100.87039241356031], 6, 6.343848349006751e-07, 7.4408464701574175e-19

14, 18, 13, [-13.23028308641756, 74.33049302551116, -223.8463758392812, 358.94703701652236, -190.27768183812023, -291.0781280328043, 419.5241449085555, 213.53597768731464, -676.3086822648552, -6.1876720967622685, 1047.2551434305906, -1160.552438121833, 547.758366613462, -100.87048170487566], 7, 4.348817678185905e-07, 5.388679048369275e-19

14, 18, 13, [-13.230285128463963, 74.33051676614711, -223.84648855820276, 358.9473017482928, -190.2779339657525, -291.07828093635345, 419.524630036333, 213.53600700687232, -676.3094655306802, -6.187416927217385, 1047.256329326191, -1160.5540857862711, 547.7592548144198, -100.87066317188027], 8, 4.6391687647069026e-07, 5.6933684515319625e-19

14, 18, 13, [-13.230284405583113, 74.33050854002761, -223.84645046735164, 358.9472151122936, -190.2778563265538, -291.07822628003254, 419.52447977592425, 213.53598641847793, -676.3092248422168, -6.187477337138515, 1047.2559657837953, -1160.5536103754991, 547.7590088336078, -100.87061473598854], 8, 3.63966270576854e-07, 4.548043075897181e-19

14, 18, 17, [-12.628714423658607, 65.8995520525732, -174.9580528161663, 214.47872202642841, 5.143633022387997, -264.22182462632315, 34.38720703910251, 346.7444890328833, 25.622025808881084, -464.67915936529727, -198.8648649150504, 590.6848896645593, 471.75131853505957, -803.8442670862768, -712.8342213992519, 1701.4532075375816, -1050.9970298106537, 225.86468640465446], 3, 7.924850141604346e-08, 1.0778984126654585e-19

14, 18, 13, [-13.230280177914397, 74.33045975292497, -223.846220585704, 358.9466797931386, -190.27735355768644, -291.0779111375568, 419.5235110494161, 213.5359134471245, -676.3076629445177, -6.1879650495959355, 1047.253601583912, -1160.5503583366929, 547.7572663811429, -100.87026051786269], 7, 4.6706189845802407e-07, 5.721125613698253e-19

14, 18, 13, [-13.23028173051783, 74.3304777723715, -223.84630599905074, 358.94688004361876, -190.2775437542689, -291.0780272269404, 419.52387712381994, 213.535936614607, -676.3082538545124, -6.187774103718065, 1047.2544962215566, -1160.5515987991296, 547.7579341773812, -100.87039678759], 7, 5.750921883615736e-07, 6.827785443034993e-19

14, 18, 13, [-13.230281352919345, 74.33047299975938, -223.84628144012044, 358.94681727649134, -190.2774759171796, -291.07799795454986, 419.5237480759532, 213.5359458292376, -676.3080428458256, -6.187868079540914, 1047.254175893403, -1160.5511142452194, 547.7576600920397, -100.87033863229107], 8, 2.485014532530529e-07, 3.4660858021387486e-19

