14, 18, 6, [-8.603264420208285, 28.57583192346866, -41.434988205149864, 9.079778516112055, 47.93984524487134, -56.808711036831866, 20.38195526075666], 40, 1.6847159854724564e-09, 2.3101864344029378e-21

14, 18, 6, [-8.603515275613585, 28.578343060266274, -41.445461054055315, 9.103071059790532, 47.910707864456036, -56.78927347043916, 20.376552929593863], 30, 1.8066734391747285e-09, 2.4735397708169093e-21

14, 18, 6, [-8.603459586602352, 28.577786639283172, -41.44314462460102, 9.097927927375359, 47.9171311121298, -56.793551833639995, 20.377740305295884], 35, 1.78888541513977e-09, 2.448652702460326e-21

14, 18, 6, [-8.603546784573155, 28.57865888698291, -41.44678016486057, 9.106009659804005, 47.90702530827821, -56.78681206457429, 20.37586739240997], 50, 1.3959849930291954e-09, 1.9221532042817714e-21

14, 18, 6, [-8.603195997815769, 28.575145251489577, -41.43211706111238, 9.073376370359838, 47.94787468409329, -56.81408148474135, 20.383451812758548], 50, 1.5908021633801386e-09, 2.1832987742853562e-21

14, 18, 6, [-8.60339391968845, 28.577134252338006, -41.440444734831225, 9.091970247755174, 47.924524110185665, -56.79844343110028, 20.379088509267557], 30, 1.7936166099057314e-09, 2.4553399888162028e-21

14, 18, 6, [-8.60324563665541, 28.57564463065537, -41.43421045207718, 9.078056852629715, 47.94198795309501, -56.81013258179871, 20.382348022501127], 40, 1.7278722289668931e-09, 2.367538325204301e-21

14, 18, 6, [-8.603244351288911, 28.575639815450238, -41.434223568827456, 9.078159006248615, 47.94176995364918, -56.80992770203754, 20.382274760390313], 40, 1.7084483482661088e-09, 2.3408104577176812e-21

14, 18, 6, [-8.60350278104049, 28.578226329822353, -41.44500908860333, 9.102143526458466, 47.91177083022972, -56.78991757388787, 20.37671386173889], 40, 1.7885216561924927e-09, 2.4481643817911647e-21

14, 18, 6, [-8.603108311472536, 28.574269504086466, -41.4284731948591, 9.065291135506113, 47.957964733512945, -56.820796400888405, 20.38531357653293], 50, 1.5589161271449507e-09, 2.141088602622206e-21

14, 18, 6, [-8.603181192030247, 28.574997404723174, -41.4315019603278, 9.072011642678772, 47.94957776778601, -56.81521491194332, 20.383766087956687], 50, 1.4416799946577604e-09, 1.9839710041184264e-21

14, 18, 6, [-8.603440857349511, 28.577606700875418, -41.44242583277027, 9.096400062316103, 47.91895331825467, -56.79470769524141, 20.37804486354933], 30, 1.800627349737899e-09, 2.4647058829396158e-21

14, 18, 6, [-8.60328673044215, 28.576064070130187, -41.43599309804607, 9.082095009384695, 47.936845665652946, -56.806642229157895, 20.38136147034748], 40, 1.7847238909927344e-09, 2.443654135713027e-21

14, 18, 6, [-8.603606804086006, 28.579266984846953, -41.44934641927473, 9.111783751458207, 47.899719779954545, -56.78188393453153, 20.37448265443107], 40, 1.791442723973396e-09, 2.4524820693062434e-21

14, 18, 6, [-8.603640155610773, 28.579594238988875, -41.45068350402862, 9.11469537910635, 47.89615586233445, -56.779559069576976, 20.373851228756493], 50, 1.4304862987735918e-09, 1.9690022685740465e-21

14, 18, 6, [-8.603530271592188, 28.57850110242626, -41.44615322553835, 9.10468396087569, 47.90859842957565, -56.78780508119978, 20.37612783090033], 50, 1.7850491070017312e-09, 2.443303915138496e-21

14, 18, 6, [-8.603566674095571, 28.57886498572364, -41.44766866501782, 9.108049619527572, 47.90439426451324, -56.785004531344, 20.375350599763223], 40, 1.695588769903291e-09, 2.3239539474523512e-21

14, 18, 6, [-8.603243574492685, 28.5756185066969, -41.43407832969938, 9.07771078081797, 47.942487038045854, -56.81051022598413, 20.382465560865064], 35, 1.7748458868640562e-09, 2.4306712367102903e-21

14, 18, 6, [-8.603525773218072, 28.578454624642305, -41.44595356886763, 9.104227453480425, 47.909184459939944, -56.7882056055996, 20.37624170123424], 35, 1.749779725292162e-09, 2.3970425107117532e-21

14, 18, 6, [-8.603458690235414, 28.577776037351324, -41.44309385410759, 9.097800973941139, 47.91730678855198, -56.79367980972883, 20.37777873792373], 50, 1.6759654494253346e-09, 2.2971309571802913e-21

14, 18, 6, [-8.603326898443408, 28.576451892131544, -41.43755109231277, 9.085428108017588, 47.93284109549388, -56.804080624009075, 20.380679999754108], 50, 1.5864044816938026e-09, 2.177404237229349e-21

14, 18, 6, [-8.603350799340362, 28.57670786518424, -41.43868820555159, 9.088111491763692, 47.929291766904086, -56.80158470589032, 20.37995077595618], 50, 1.6170984991320273e-09, 2.218441047598091e-21

14, 18, 6, [-8.603315404551315, 28.57634628730544, -41.43715032015782, 9.084625500178976, 47.93373340005092, -56.80460089458448, 20.38080362566006], 50, 1.6519083212742586e-09, 2.2651766446675413e-21

14, 18, 6, [-8.603669455190172, 28.579896479883967, -41.45198143331322, 9.117665559382429, 47.89233563690169, -56.776940517940204, 20.373103914069613], 25, 1.8086971157049722e-09, 2.4751847654356604e-21

14, 18, 6, [-8.603324873498542, 28.576443158920583, -41.43756289338295, 9.085561847503287, 47.932539029684676, -56.80378901166401, 20.38057385244134], 40, 1.7057808299125588e-09, 2.337067895107506e-21

14, 18, 6, [-8.603385985920669, 28.57705310004726, -41.44009918365867, 9.091186197842157, 47.9255239642143, -56.79912292240653, 20.379280770232874], 50, 1.7744231115077095e-09, 2.4295403004318193e-21

14, 18, 6, [-8.603564930258592, 28.578841613015303, -41.44754661772479, 9.107723777263855, 47.90486959123505, -56.78536656710234, 20.375463645221533], 12, 1.8162044268701993e-09, 2.4880015603451247e-21

14, 18, 6, [-8.603698758403455, 28.58018278692619, -41.45314626669487, 9.120191419842849, 47.88925684416664, -56.77494047009511, 20.372562953934523], 40, 1.758460702716977e-09, 2.4082952841901353e-21

14, 18, 6, [-8.60319121713897, 28.575099320154454, -41.43193340188899, 9.07298518590927, 47.948342750653325, -56.81437977005809, 20.383530899804768], 8, 1.8145596747721129e-09, 2.4871671937045473e-21

14, 18, 6, [-8.603641575545506, 28.57961444137771, -41.450793005978824, 9.114995677286032, 47.89570845318358, -56.779212226958265, 20.373741243772876], 50, 1.4326889120432435e-09, 1.971453750793124e-21

