30, 13, 17, [-2.7314296817864836, 0.9310477464869534, 1.5547032339828835, 0.7251204553205814, -0.3936151020728459, -1.0875103946924827, -1.0782714151025876, -0.46048849243391343, 0.41068266349971483, 1.0754645443421713, 1.1531263121863533, 0.5232766522203289, -0.5445448496538605, -1.3879831252415127, -1.18418103555324, 0.431013763093457, 2.1503587796300123, -1.0867094731449776], 2, 6.63835980153015e-11, 9.62816018610114e-23

30, 13, 17, [-2.73142984969086, 0.9310479860102161, 1.5547034181551809, 0.7251204201686987, -0.393615318636942, -1.0875106518684472, -1.0782715600879644, -0.4604884321311337, 0.4106829207439518, 1.0754648856713571, 1.153126559914837, 0.5232766421313175, -0.5445451685100297, -1.3879836056994581, -1.1841813264463597, 0.4310140417230485, 2.1503595266014206, -1.0867099066971309], 2, 6.635164604036361e-11, 9.623431789201368e-23

30, 13, 14, [-2.870165250386526, 1.258712918971969, 1.6139359854112787, 0.4538504293557652, -0.7264588756896827, -1.1775664679262232, -0.7957555011472411, 0.05969753806819558, 0.8192886653674364, 0.9945103516300884, 0.4492525991175422, -0.44308552400382284, -0.8994192487961877, -0.289441528733884, 0.5527151857458813], 3, 7.79509993673665e-11, 1.1144695147583625e-22

30, 13, 14, [-2.8701455876958026, 1.2586688011872051, 1.6139270342123404, 0.45388442571392523, -0.726417316736972, -1.1775555775221966, -0.7957892016172072, 0.059639175054937994, 0.819249318893969, 0.9945300131630233, 0.44933204362651075, -0.44300870366102174, -0.899448463756048, -0.28959754008911465, 0.5528028607100857], 3, 7.788899706691577e-11, 1.113573859046608e-22

30, 13, 14, [-2.8701372522565705, 1.2586504095135194, 1.6139229963967456, 0.45389826479434425, -0.7264000047967355, -1.1775505891385922, -0.7958025282930961, 0.05961538084571538, 0.8192327659104218, 0.9945371862641034, 0.44936373037240873, -0.4429773349859441, -0.8994592373310153, -0.28965967443853663, 0.5528371696642345], 3, 7.802654285173502e-11, 1.1151826128273703e-22

30, 13, 17, [-2.731423533695075, 0.9310376460557466, 1.5546967884324012, 0.7251237837085824, -0.39360482353310405, -1.0875000913131372, -1.0782677914010173, -0.4604947815401404, 0.4106683554887621, 1.0754489023240312, 1.1531183504061886, 0.5232834453004301, -0.5445232194336925, -1.3879573412886976, -1.1841715060429359, 0.43098832061594927, 2.15031141286211, -1.0866733318214359], 2, 6.625068283219266e-11, 9.611007943710471e-23

30, 13, 14, [-2.870160734647541, 1.2587027718400436, 1.61393394158092, 0.4538582647650152, -0.7264493166111682, -1.1775639852362438, -0.7957632876964191, 0.05968408846170195, 0.8192796234573239, 0.9945149245004266, 0.4492709419190887, -0.4430678234497851, -0.8994260383585709, -0.2894775550907869, 0.5527354626329544], 3, 7.79872932567834e-11, 1.114625950419558e-22

30, 13, 14, [-2.870151447398944, 1.2586820633174247, 1.613929611566955, 0.4538740829474091, -0.7264298138835977, -1.177558684306399, -0.7957788029022373, 0.05965691753369033, 0.8192610892394759, 0.9945237208946014, 0.4493076294062046, -0.44303203860284285, -0.8994391553836589, -0.28954955952720274, 0.5527756668983728], 3, 7.79300212815437e-11, 1.114479714965865e-22

30, 13, 14, [-2.870146892396195, 1.2586717867873067, 1.6139275817561647, 0.4538820620360409, -0.726420130760717, -1.1775562280164604, -0.7957867828446717, 0.05964322598290261, 0.8192519503803272, 0.9945284839296198, 0.44932639183188317, -0.4430140259189599, -0.8994462113842144, -0.2895864200408184, 0.5527964896480246], 3, 7.789660551612318e-11, 1.1133463824139545e-22

30, 13, 14, [-2.870163123734296, 1.2587080880492731, 1.613935063523135, 0.45385421542599247, -0.7264543223349188, -1.1775653605282208, -0.7957593286415382, 0.05969104521864528, 0.819284385076638, 0.9945126985893407, 0.4492615701923647, -0.44307698716258537, -0.8994227139219556, -0.28945916270471844, 0.5527252105860164], 3, 7.80088311016299e-11, 1.1149907949268955e-22

30, 13, 14, [-2.870161755937397, 1.2587050528921415, 1.6139344136367082, 0.4538565174665708, -0.7264514638721634, -1.1775645602914468, -0.795761566008865, 0.059687089133266334, 0.8192816590507705, 0.9945139336506588, 0.44926687342362687, -0.4430717740950783, -0.899424560055347, -0.28946956339823404, 0.5527309822239272], 2, 7.798881117400915e-11, 1.114928707206932e-22

30, 13, 14, [-2.8701493624443657, 1.2586773785745928, 1.6139286673500501, 0.4538776998640583, -0.7264254002959154, -1.1775575366717577, -0.7957823959988306, 0.059650708940099315, 0.819256913357706, 0.9945258283217917, 0.4493160936688134, -0.443023867432093, -0.8994422837753608, -0.2895661820621433, 0.5527850188873481], 2, 7.781494580278696e-11, 1.1123625420355068e-22

30, 13, 14, [-2.8701537122644503, 1.2586870072217724, 1.6139307498647741, 0.45387042059637656, -0.7264344646436696, -1.177560101753, -0.795775344624113, 0.059663220717500694, 0.8192655628758808, 0.9945219663066691, 0.44929935640349755, -0.44304035674375114, -0.899436495910321, -0.2895333506350894, 0.5527668222282492], 2, 7.785630691432268e-11, 1.1129225781558822e-22

30, 13, 17, [-2.731430199811744, 0.93104858527223, 1.5547037798859298, 0.7251201937709583, -0.3936159464691795, -1.0875112547970345, -1.0782717362246519, -0.4604880004429498, 0.41068382382725194, 1.0754658334497387, 1.1531269937682345, 0.5232761398968698, -0.5445465795677085, -1.3879852219341087, -1.184181849650315, 0.43101576428653476, 2.1503625842383793, -1.086712328617693], 2, 6.647925855647198e-11, 9.630767644708233e-23

30, 13, 14, [-2.8701502017860707, 1.2586791211183967, 1.6139291590002882, 0.4538765075458065, -0.7264270353052203, -1.1775581681735985, -0.7957813900275844, 0.05965277204346908, 0.8192585334223429, 0.9945255103426222, 0.44931359918223046, -0.44302660503621055, -0.8994417579425118, -0.2895613219309629, 0.5527825580063388], 2, 7.78510869223662e-11, 1.1132645085258702e-22

30, 13, 14, [-2.870148641532598, 1.2586758285176554, 1.6139282866848308, 0.45387882220127024, -0.7264239432975834, -1.177557057644165, -0.79578342432648, 0.05964877441951895, 0.8192554994995146, 0.9945262996533681, 0.4493185768588594, -0.44302131058413735, -0.8994430098228019, -0.28957104031220054, 0.5527876199601709], 2, 7.789421740172307e-11, 1.113611607034871e-22

30, 13, 17, [-2.731433894556995, 0.9310546580614413, 1.5547076527683814, 0.7251181891914864, -0.39362212847469125, -1.087517448626048, -1.078273910363785, -0.46048421227417385, 0.4106924327764064, 1.0754752404012742, 1.153131776185281, 0.5232720439414303, -0.5445595995798294, -1.3880007344817782, -1.1841875742135126, 0.43103108643238053, 2.1503910921993326, -1.0867340909669765], 2, 6.623866925830299e-11, 9.612547074824941e-23

30, 13, 14, [-2.8701513487676062, 1.258681805436959, 1.6139295964997067, 0.45387432176284953, -0.7264295706339006, -1.1775586769826012, -0.7957790889624659, 0.05965651201476509, 0.8192608813086634, 0.9945239662157793, 0.449308272708741, -0.44303151140209057, -0.8994395087584838, -0.28955083942541693, 0.5527764689575047], 3, 7.794321276921155e-11, 1.1139003989076938e-22

30, 13, 14, [-2.8701449508218477, 1.2586675880165732, 1.613926574502907, 0.45388512854067137, -0.7264161820559881, -1.1775549640089795, -0.7957896237700106, 0.05963794327082145, 0.8192481292247737, 0.9945298357682684, 0.44933322621157, -0.4430070473685773, -0.8994482782551609, -0.28959979454276014, 0.5528036962757561], 3, 7.792108044106718e-11, 1.1140828376531698e-22

30, 13, 16, [-2.8061360131926834, 1.0981837781150066, 1.599698090042056, 0.5983629519320601, -0.5739119771897117, -1.1677272750645205, -0.9709276608831587, -0.1990281068891023, 0.6756385515149931, 1.1418264663744007, 0.8840793057206635, -0.018347871322944905, -1.0108525302048392, -1.2229716229771306, -0.041306986531617906, 1.6655193176016072, -0.6520307938502016], 3, 7.366592537568231e-11, 1.0604257523532066e-22

30, 13, 14, [-2.8701448135963137, 1.2586671935318852, 1.613926578530978, 0.4538855244287394, -0.7264158055863789, -1.1775549878764944, -0.7957901220952285, 0.05963727346788722, 0.8192478148187086, 0.9945302863919933, 0.4493343246748134, -0.4430061788113615, -0.899448913370374, -0.2896019712075957, 0.5528050779139483], 2, 7.782541464643589e-11, 1.1128466288822722e-22

30, 13, 14, [-2.8701506089916964, 1.2586802273784772, 1.6139291944123857, 0.4538754491284824, -0.7264280862549568, -1.1775581656136662, -0.7957800999272385, 0.05965456692493184, 0.8192594297598, 0.9945243895760838, 0.4493107263809305, -0.4430289374154425, -0.899440165726458, -0.28955562782345207, 0.552778988059575], 3, 7.790428552534881e-11, 1.1134602529627636e-22

30, 13, 14, [-2.8701492611292614, 1.2586772447082355, 1.6139285493943227, 0.45387770378083037, -0.7264252793815092, -1.1775573725838524, -0.7957822854404935, 0.05965069158291869, 0.8192567533509553, 0.9945255908483551, 0.4493159153155371, -0.44302383042956217, -0.8994419679616953, -0.28956581040525303, 0.552784638442681], 2, 7.791763999486952e-11, 1.1140651267353076e-22

30, 13, 14, [-2.870156355961453, 1.2586930574657773, 1.613931861566917, 0.4538656320196954, -0.7264401698489507, -1.1775614269744403, -0.7957704507094409, 0.05967142788916605, 0.8192709047667149, 0.9945188873416729, 0.44928792351047353, -0.44305114110130756, -0.8994319665839954, -0.2895108685464722, 0.552753963904823], 3, 7.7929329219418e-11, 1.114024366061042e-22

30, 13, 14, [-2.8701705498035284, 1.2587246833768724, 1.6139384953579237, 0.45384149819719427, -0.7264699512932865, -1.1775695503266843, -0.7957468035507684, 0.059712884981888724, 0.8192992141474575, 0.9945055139569818, 0.4492319849979074, -0.44310574375668593, -0.899412011480174, -0.28940107850002594, 0.5526926897730846], 3, 7.791735573092727e-11, 1.114104156574889e-22

30, 13, 14, [-2.870153244167577, 1.258686084863342, 1.613930437505688, 0.45387099481000176, -0.726433601988488, -1.1775596919816773, -0.7957757547339431, 0.05966222027111918, 0.819264681473049, 0.9945219631489762, 0.4493004352624094, -0.4430390200616874, -0.8994365403615151, -0.2895354358615696, 0.5527677512481282], 2, 7.789533667778959e-11, 1.1138916978599496e-22

30, 13, 14, [-2.8701510176276983, 1.2586811105989042, 1.6139294066748395, 0.4538748045556889, -0.7264289167086461, -1.1775584318670151, -0.7957795031336837, 0.05965567732499246, 0.8192602332285419, 0.9945241057697092, 0.44930929003851816, -0.44303040419247575, -0.8994397311014822, -0.289552816215027, 0.5527774725102461], 3, 7.793208150041036e-11, 1.1141150172367958e-22

30, 13, 14, [-2.870165160914909, 1.2587126681804486, 1.6139359821124946, 0.4538506749985055, -0.7264586356341106, -1.1775664731490543, -0.7957558032062745, 0.059697121859346426, 0.8192884597048576, 0.9945106139840325, 0.4492532664116368, -0.4430849831101048, -0.8994196167058841, -0.28944284558290445, 0.5527160081299964], 3, 7.78980166112214e-11, 1.1133561398423186e-22

30, 13, 16, [-2.806153098019531, 1.098214865042923, 1.5997137717648846, 0.5983478622972422, -0.5739443420217045, -1.1677529632539738, -0.9709275846431938, -0.19899812419076915, 0.6756846153479648, 1.1418618713911546, 0.8840770611036427, -0.018397589048587144, -1.0109266669348211, -1.2230118909112204, -0.04124973782192281, 1.6656523036393398, -0.6521227387028905], 2, 7.385266207525128e-11, 1.0648053743067126e-22

30, 13, 17, [-2.731420061519477, 0.9310319338096349, 1.5546931502597745, 0.7251256759179388, -0.3935990045726683, -1.0874942675173238, -1.078265755815707, -0.4604983587536713, 0.41066024508728116, 1.0754400499079257, 1.1531138621713355, 0.5232873228329527, -0.54451094132318, -1.3879427295483668, -1.1841661333974516, 0.43097385412605144, 2.150284536241226, -1.0866527903796548], 2, 6.601813965057692e-11, 9.577005398606964e-23

