13, 18, 12, [-7.974681100331118, 24.03868089768409, -29.083519194468604, -2.2376768674159724, 29.999516399389698, 4.116039092063887, -35.6457161323436, -13.506277982734185, 45.91961842275431, 20.581390192683223, -78.44911609529406, 53.32011703033409, -12.078403382421065], 4, 1.1666934280682965e-09, 1.748516608498084e-21

13, 18, 12, [-7.974681144443032, 24.03868116747154, -29.083519712262103, -2.237676775731718, 29.999517015960045, 4.1160390894365175, -35.64571694043145, -13.506278310920376, 45.91961938029011, 20.58139083483683, -78.44911746098491, 53.32011749044168, -12.078403353565529], 5, 1.1640314552130668e-09, 1.730270369737944e-21

13, 18, 12, [-7.974690541983863, 24.038742185480494, -29.08365105714187, -2.2376249726484865, 29.999670305737194, 4.115978001356375, -35.64595037920099, -13.506262777360115, 45.91998279363921, 20.581423334215085, -78.44974991922875, 53.32064441215226, -12.078540108130285], 4, 1.1617807591935024e-09, 1.7236401353348558e-21

13, 18, 18, [-6.8684217507364, 16.096871597533475, -9.939023410370195, -12.007609431430653, 6.085266875981465, 16.42563949991863, 5.489898030062131, -14.790586757431845, -21.17727562604795, -3.005289026090555, 24.375391519464678, 29.988027841369203, -1.8925735387097662, -43.92463912342568, -36.57192988506143, 40.207582422108935, 75.85967211840615, -92.96847879719037, 27.617710957555367], 3, 8.677708735609871e-10, 1.1221123413628557e-21

13, 18, 12, [-7.974683522240346, 24.038696584921734, -29.083552855774066, -2.2376637390316687, 29.999555677515872, 4.11602371402273, -35.64577578289602, -13.506274392534053, 45.91971099267097, 20.5813989709477, -78.44927697010698, 53.320250523170266, -12.078437921488257], 5, 1.1496894493154038e-09, 1.7104560357286937e-21

13, 18, 18, [-6.868397877825229, 16.096744965532647, -9.938844942662369, -12.00753090042281, 6.085069054010693, 16.425417887607004, 5.489979483862447, -14.79020434899488, -21.176980173178766, -3.00549481833931, 24.37472838179438, 29.987547168364948, -1.8921505483174073, -43.923442880252, -36.571365035322486, 40.206133198031054, 75.85787092323866, -92.96558279402848, 27.616736744872295], 3, 8.890913860480387e-10, 1.1469668140071264e-21

13, 18, 12, [-7.9746971742533646, 24.03878455627507, -29.083740357507082, -2.2375923419969532, 29.999774344315476, 4.115941261086179, -35.646105931521824, -13.506258774739408, 45.92022005094366, 20.581452708036753, -78.45015929449431, 53.32097706198933, -12.078624832375326], 5, 1.1670908134849339e-09, 1.7379347865699533e-21

13, 18, 12, [-7.974679083108064, 24.03866810129978, -29.083492473432873, -2.237686296771193, 29.999485301028002, 4.1160494793216085, -35.64567000860486, -13.506278381411668, 45.919548679773214, 20.58138055960077, -78.44899615929927, 53.3200205535889, -12.07837899178066], 6, 1.1466975073778576e-09, 1.6828564598885632e-21

13, 18, 12, [-7.974684905717846, 24.03870542953671, -29.083571492141186, -2.237656966061003, 29.999577407221487, 4.116016146301157, -35.64580822239161, -13.506273753801615, 45.919760311931306, 20.58140539014464, -78.4493618781237, 53.32031910767952, -12.078455295517049], 4, 1.1686748555506015e-09, 1.741191559204979e-21

13, 18, 18, [-6.868416373373431, 16.096842327442513, -9.93898047419813, -12.007592583466208, 6.085217705158261, 16.425587899378105, 5.489922198919988, -14.790491619176425, -21.17720757463616, -3.0053477381951508, 24.375223788709828, 29.987915303545517, -1.8924542790548031, -43.92433284934728, -36.57179982862024, 40.2071952755614, 75.85921602158683, -92.9677107103936, 27.61744701556392], 2, 9.89567515954746e-10, 1.2601486754632918e-21

13, 18, 12, [-7.974677006515248, 24.03865484184234, -29.083464565297266, -2.2376964158426405, 29.999452773423275, 4.116060786970012, -35.645621469045714, -13.506279335117538, 45.91947487878409, 20.58137097732458, -78.44886906641578, 53.31991783345491, -12.07835295315677], 5, 1.1582214281737543e-09, 1.7216092256251913e-21

13, 18, 12, [-7.974687397187283, 24.03872172337852, -29.08360685985308, -2.2376426576290753, 29.99961873819971, 4.115999075941881, -35.645871553466925, -13.506268809965679, 45.91985945865294, 20.5814134062881, -78.44953471204009, 53.320463845707145, -12.078492979806814], 6, 1.152576131859141e-09, 1.6691722788029868e-21

13, 18, 18, [-6.868429591430549, 16.09691169353376, -9.93907655886861, -12.007636880071065, 6.085322645728792, 16.425708877821922, 5.489882828268645, -14.790694388019833, -21.177369535532666, -3.0052458993439455, 24.375572745838273, 29.988176942058338, -1.8926651210871037, -43.924958841673174, -36.57210925860965, 40.207938493886054, 75.86016348134146, -92.96920152440754, 27.617943408100754], 3, 9.229514871184524e-10, 1.1846979747068542e-21

13, 18, 12, [-7.974688596643089, 24.038728847878897, -29.0836204399797, -2.2376395843779844, 29.999634354566165, 4.115996873952796, -35.64589282009324, -13.506272612625592, 45.91988856062344, 20.58142249842139, -78.44958275322216, 53.320497500644834, -12.078500550735889], 4, 1.1734073013715072e-09, 1.7460588625172724e-21

13, 18, 12, [-7.9746881911480285, 24.03872649873979, -29.083616181665388, -2.237640154859911, 29.99962944789315, 4.115996778206449, -35.64588659071762, -13.506270232326388, 45.91988102860432, 20.581418196941176, -78.4495712528951, 53.320491714256256, -12.078499783010518], 4, 1.1670844500420483e-09, 1.7314889045238852e-21

13, 18, 12, [-7.974682150300041, 24.03868785555921, -29.083534558319467, -2.2376702831928035, 29.99953436863397, 4.116030977163852, -35.645744081971245, -13.506274845624686, 45.91966292147663, 20.58139253995057, -78.44919423736654, 53.32018380046233, -12.078421027114473], 5, 1.1559738588512013e-09, 1.7232766903802126e-21

13, 18, 18, [-6.868388293937053, 16.0966946276299, -9.938775198402835, -12.007498666650863, 6.08499290820459, 16.425329875740136, 5.490007737594493, -14.790057217231247, -21.17686204805633, -3.0055677725178915, 24.37447555210491, 29.987356219160088, -1.8919999317262928, -43.92299022214345, -36.5711384142724, 40.20559953136477, 75.85718519061164, -92.96451241134012, 27.616382015153796], 3, 9.536343011801242e-10, 1.2146608180348878e-21

13, 18, 12, [-7.974693281039355, 24.03875931549368, -29.083686126112795, -2.23761359613551, 29.999711061026296, 4.1159662346541435, -35.646009707804225, -13.50626484326729, 45.92007050809978, 20.581438895860398, -78.44989923661731, 53.32076087029339, -12.07856881747362], 5, 1.1460021077992395e-09, 1.6964114392951476e-21

13, 18, 12, [-7.974696744643537, 24.03878185122358, -29.08373478444832, -2.237594176094534, 29.999767849673265, 4.11594315439594, -35.6460964536028, -13.506258430138555, 45.92020605564434, 20.581450159349412, -78.45013554240302, 53.3209586766272, -12.078620339913769], 6, 1.1544700110842393e-09, 1.7092525263057506e-21

13, 18, 12, [-7.974698430679874, 24.038792518590654, -29.08375698622686, -2.237586436733984, 29.999793676995772, 4.115934692390067, -35.64613465583898, -13.506258315845471, 45.920263656342144, 20.581458389624363, -78.45023449063507, 53.321037999499644, -12.078640342023393], 6, 1.149645753685236e-09, 1.7048955034438734e-21

13, 18, 12, [-7.974687485154512, 24.038722123864673, -29.083607323011115, -2.2376429151624277, 29.99961917897019, 4.115999568369028, -35.64587176322844, -13.506269516537849, 45.91985925464408, 20.581414118357863, -78.44953422925475, 53.32046298146264, -12.078492715267064], 3, 1.182088419136801e-09, 1.753401078500009e-21

13, 18, 18, [-6.86844246376748, 16.096980937902945, -9.939176333174288, -12.007678121478031, 6.085435293311396, 16.425830531122642, 5.489831325951573, -14.79091226357474, -21.177530744481576, -3.0051188267438302, 24.37595417096431, 29.988441594169828, -1.8929244731864565, -43.92565176092257, -36.57241740132408, 40.20879901585243, 75.86120021210463, -92.97091383346772, 27.618526678543837], 3, 9.801896412217083e-10, 1.2471789418536804e-21

13, 18, 12, [-7.974687240952698, 24.038720030685436, -29.083601441658104, -2.237647073080551, 29.99961216348043, 4.116005671828522, -35.6458590407328, -13.506274752272944, 45.919836065548964, 20.581417616908723, -78.44949152406181, 53.32042175582192, -12.078480952699529], 5, 1.159177813213304e-09, 1.725171312244254e-21

13, 18, 17, [-7.2197413862797415, 18.323525676654207, -14.272383479259029, -11.633956638865593, 11.75750907235842, 18.134428960613928, -1.623190976389077, -23.116157557082634, -17.97983221761491, 13.239091974794098, 36.014601149137214, 15.126494615214659, -37.042241270905556, -50.16944634617619, 26.669866460040307, 87.79066124061069, -89.5856411829023, 24.586562721410818], 3, 2.9426250896961036e-10, 4.2003299743674128e-22

13, 18, 12, [-7.9746842759770225, 24.038702097534756, -29.083566379455803, -2.2376562185865003, 29.99957166056982, 4.116013448145358, -35.64580254047434, -13.506267493739934, 45.91975658623314, 20.581396609620054, -78.44935897464109, 53.32032527717676, -12.078458518178362], 8, 1.1631212200058342e-09, 1.7265368524573298e-21

13, 18, 12, [-7.974694735173006, 24.038768094529775, -29.08370325622934, -2.237609160320752, 29.99973083426334, 4.115962475415924, -35.64603725845366, -13.506268406135941, 45.920109250793836, 20.581449132971844, -78.44996388465, 53.320807984503084, -12.07857979428587], 4, 1.153432235186301e-09, 1.7213105555919363e-21

13, 18, 12, [-7.974701279085717, 24.038810811969952, -29.08379579508635, -2.2375719248034076, 29.99983892850092, 4.115918135188533, -35.64620267671275, -13.506255811574851, 45.920367982526386, 20.58147035737348, -78.45041487166066, 53.3211855000154, -12.078678081752502], 5, 1.1452117674842286e-09, 1.706817694804225e-21

13, 18, 12, [-7.974679103876134, 24.03866839191095, -29.083493510086697, -2.2376853536297383, 29.99948656433517, 4.11604803350891, -35.64567251986884, -13.506276987245899, 45.91955353050864, 20.581379459575516, -78.44900522287809, 53.32002962468967, -12.07838162691791], 5, 1.1617020210223852e-09, 1.724208921351997e-21

13, 18, 12, [-7.974677554767731, 24.03865851032782, -29.083472721664013, -2.2376929040933335, 29.99946235380224, 4.116056509873018, -35.64563637180624, -13.506277832560619, 45.91949845979673, 20.581372550069027, -78.44891022325618, 53.31995249292305, -12.078361988322522], 5, 1.1630624295686997e-09, 1.7378727235596577e-21

13, 18, 12, [-7.97468535513496, 24.038708625875362, -29.0835791317032, -2.2376529313648033, 29.999586402812955, 4.116010714147101, -35.64582305671866, -13.50627030378336, 45.91978530596144, 20.5814044858989, -78.44940671158669, 53.32035966000817, -12.078466425909166], 4, 1.1638510584543624e-09, 1.7287740876538297e-21

