14, 18, 9, [-16.655444213471345, 125.18852813927171, -558.6956596029569, 1638.1672303661499, -3295.234022157404, 4602.501369147533, -4405.1980496078395, 2764.0130610347796, -1026.2394864730948, 171.16638960740474], 15, 7.408110805979569e-06, 1.0499628108945225e-17

14, 18, 9, [-16.655444732816207, 125.18853623023053, -558.6957153868522, 1638.167453769832, -3295.234594890824, 4602.502343916665, -4405.199151024748, 2764.0138577872776, -1026.2398213120691, 171.16645189599942], 15, 7.41663218413412e-06, 1.0509568050239576e-17

14, 18, 9, [-16.655444207033025, 125.18852801932525, -558.6956586498401, 1638.1672260844875, -3295.2340101004684, 4602.501346987311, -4405.198022948694, 2764.0130407516963, -1026.239477604073, 171.16638790746399], 8, 7.39529559969158e-06, 1.0495894714434507e-17

14, 18, 9, [-16.655444292164727, 125.18852935455443, -558.6956679132446, 1638.1672633983378, -3295.234106282062, 4602.501511528228, -4405.198209784561, 2764.0131765518195, -1026.2395349413357, 171.16639862287147], 6, 7.38442189190181e-06, 1.04544491808866e-17

14, 18, 9, [-16.655445069493126, 125.18854148250965, -558.6957516323743, 1638.1675990008807, -3295.2349672782325, 4602.502977634409, -4405.199866852414, 2764.0143753815983, -1026.2400387301213, 171.16649232416637], 4, 7.4111206018550295e-06, 1.0479125811953597e-17

14, 18, 9, [-16.655444552766998, 125.1885333323171, -558.695694751382, 1638.167368460087, -3295.2343692772215, 4602.501948142288, -4405.19869056072, 2764.0135151960794, -1026.2396734135605, 171.16642367045307], 7, 7.39959145161922e-06, 1.050267102929447e-17

14, 18, 9, [-16.65544428999273, 125.18852941727417, -558.6956689901183, 1638.1672701944788, -3295.2341297947387, 4602.501561398875, -4405.1982766543815, 2764.013232071397, -1026.2395610771664, 171.16640396862715], 14, 7.41456255461863e-06, 1.0512657653292398e-17

14, 18, 9, [-16.65544480070546, 125.18853729634729, -558.6957227584693, 1638.1674832314566, -3295.2346699090035, 4602.502470148483, -4405.199291417839, 2764.0139573242927, -1026.2398621410616, 171.16645927977166], 12, 7.410126688903575e-06, 1.0516604751217378e-17

14, 18, 9, [-16.655443973447625, 125.18852451680142, -558.6956354313976, 1638.167136761461, -3295.2337902942404, 4602.5009881190035, -4405.19763414102, 2764.012771139771, -1026.2393689983473, 171.16636853935452], 11, 7.410831006839605e-06, 1.0501103716814661e-17

14, 18, 9, [-16.6554446942424, 125.1885356706453, -558.6957118055227, 1638.167440500472, -3295.234563531152, 4602.502294910833, -4405.19910041175, 2764.0138244967347, -1026.2398086700866, 171.166449786993], 6, 7.412741737576587e-06, 1.0500976270822781e-17

14, 18, 9, [-16.655444485412612, 125.1885324088535, -558.695689272332, 1638.1673501393354, -3295.2343317243212, 4602.501900407357, -4405.198655001058, 2764.013502781701, -1026.2396737738013, 171.16642476819197], 5, 7.385099596584743e-06, 1.0461854137534473e-17

14, 18, 9, [-16.655444340059894, 125.18853017395374, -558.6956740559259, 1638.1672899216162, -3295.2341790645623, 4602.501643290118, -4405.198367287796, 2764.0132965173993, -1026.2395878078592, 171.16640889875563], 11, 7.42940407290562e-06, 1.0521132179667675e-17

14, 18, 9, [-16.655444451974564, 125.18853178767758, -558.6956842992881, 1638.1673274692826, -3295.2342665895076, 4602.501777710945, -4405.1985031282375, 2764.0133834663525, -1026.2396197167955, 171.1664139960819], 14, 7.408362344968367e-06, 1.0503379819139928e-17

14, 18, 9, [-16.655444527271126, 125.18853309415155, -558.6956942161717, 1638.1673707772036, -3295.2343866887645, 4602.501997300277, -4405.198768100199, 2764.0135871028224, -1026.2397102204231, 171.1664317286944], 6, 7.407945061686251e-06, 1.049060934882908e-17

14, 18, 9, [-16.65544466347583, 125.18853517510762, -558.6957082803297, 1638.167425964777, -3295.234525249465, 4602.502228135299, -4405.1990232675125, 2764.013767577805, -1026.2397843316544, 171.16644519145993], 12, 7.41245633843969e-06, 1.0502628765678644e-17

14, 18, 9, [-16.655444912165954, 125.18853915281345, -558.6957364269805, 1638.1675416155845, -3295.234829341944, 4602.5027587784925, -4405.199637809137, 2764.014223059429, -1026.2399803869312, 171.1664825329521], 15, 7.42704232408644e-06, 1.0527144006194124e-17

14, 18, 9, [-16.655444330593372, 125.18852998224446, -558.6956724700125, 1638.1672826761799, -3295.2341586118123, 4602.501605970829, -4405.198323028287, 2764.0132634968495, -1026.2395737086738, 171.16640626880516], 10, 7.418465760102707e-06, 1.0512380925687871e-17

14, 18, 9, [-16.655444145904628, 125.1885271081529, -558.6956526547975, 1638.1672032319163, -3295.2339544780934, 4602.501257336112, -4405.197927255206, 2764.012975519599, -1026.2394518337242, 171.166383411936], 7, 7.419674359764892e-06, 1.0487164663905336e-17

14, 18, 9, [-16.65544430044919, 125.18852953924059, -558.6956695344123, 1638.1672711239712, -3295.2341288020843, 4602.501553661657, -4405.198260726723, 2764.013215093899, -1026.2395515409419, 171.166401727894], 11, 7.407012990766679e-06, 1.0491706522997283e-17

14, 18, 9, [-16.655444491898294, 125.1885325177235, -558.6956900877608, 1638.1673537042586, -3295.2343417243133, 4602.5019190386, -4405.198678028577, 2764.01352097417, -1026.2396821067005, 171.16642645391792], 20, 7.424417696967784e-06, 1.0524773572032354e-17

14, 18, 9, [-16.655444986001896, 125.18854027288211, -558.6957439146793, 1638.167570547393, -3295.2349004953267, 4602.502874186386, -4405.199761139749, 2764.0143066962128, -1026.2400129991138, 171.16648809316013], 6, 7.38866352044023e-06, 1.0454758933492663e-17

14, 18, 9, [-16.65544395015137, 125.1885239411714, -558.6956299955244, 1638.167109126681, -3295.2337044714513, 4602.5008167198675, -4405.197412085062, 2764.012590181845, -1026.2392845116303, 171.16635127469254], 20, 7.434638156084572e-06, 1.0544161833716322e-17

14, 18, 9, [-16.655443995114634, 125.18852476268519, -558.6956365353777, 1638.1671389850148, -3295.2337908118857, 4602.500980965911, -4405.197617884168, 2764.012754126011, -1026.239359918199, 171.16636654270513], 11, 7.419568759351705e-06, 1.050794474704055e-17

14, 18, 9, [-16.655444366653526, 125.18853054547189, -558.6956763236367, 1638.1672978369013, -3295.234196402339, 4602.501667844569, -4405.198389529079, 2764.0133086965684, -1026.2395913128012, 171.16640925586884], 13, 7.439381432072782e-06, 1.0530421040764988e-17

14, 18, 9, [-16.65544402620345, 125.18852524059778, -558.6956397450647, 1638.1671513348297, -3295.2338207725425, 4602.501028396014, -4405.197666733593, 2764.012785543194, -1026.2393712831424, 171.16636828229673], 9, 7.397861067198418e-06, 1.0497590905952579e-17

14, 18, 9, [-16.65544460512478, 125.18853439793178, -558.6957038491474, 1638.1674119878166, -3295.2344991860487, 4602.5022005235205, -4405.199011064893, 2764.0137725042014, -1026.239792171145, 171.1664477183727], 8, 7.387063443756369e-06, 1.0487107905039355e-17

14, 18, 9, [-16.65544466459983, 125.18853514591731, -558.6957077254508, 1638.1674222030388, -3295.2345113548936, 4602.502196762308, -4405.1989785702435, 2764.013728205984, -1026.2397646932618, 171.16644094028644], 10, 7.41061130823776e-06, 1.0506258449877028e-17

14, 18, 9, [-16.65544423952492, 125.18852863976502, -558.6956637133471, 1638.1672494892462, -3295.2340780346644, 4602.501475924194, -4405.198183434578, 2764.0131673457104, -1026.2395351255325, 171.166399393148], 14, 7.434205752526309e-06, 1.0525666932725768e-17

14, 18, 9, [-16.655444607144883, 125.18853440181734, -558.695703687858, 1638.167410603439, -3295.234493797137, 4602.502188335706, -4405.198994041002, 2764.0137579652164, -1026.2397851865383, 171.16644626853443], 12, 7.408558593751499e-06, 1.0494747978344713e-17

14, 18, 9, [-16.655444795385737, 125.18853722662018, -558.6957223985444, 1638.1674823962169, -3295.2346696372388, 4602.502473404172, -4405.199299899805, 2764.0139673648364, -1026.2398681793031, 171.16646077367076], 8, 7.388221012311175e-06, 1.047996758336669e-17

