14, 18, 14, [-12.326336033559787, 63.03101915993921, -165.03863027004022, 201.88876033999577, 2.982701278746902, -262.9099736244342, 74.52944426480569, 359.1687738248306, -130.6853044221286, -529.7316479626846, 285.4993918193657, 755.8366894462284, -1133.2457508509585, 613.5906892992053, -123.59119181047707], 6, 3.5757931222270124e-08, 5.2135736329198514e-20

14, 18, 10, [-13.496923532284862, 79.40669799638555, -262.6862232545082, 515.8931182474522, -538.7085752507315, 34.30452812189728, 743.2163159914141, -1103.8854045082605, 805.2445261139055, -311.43297544397944, 51.14536361279839], 15, 2.8017347952332006e-07, 3.368215388240789e-19

14, 18, 10, [-13.49692269448147, 79.40668799149212, -262.6861725821839, 515.8929807466421, -538.7083782353574, 34.30445350602375, 743.2160803838876, -1103.8849404778, 805.2441295949104, -311.4328022713468, 51.14533213167687], 11, 2.9308820251073395e-07, 3.794945005495026e-19

14, 18, 10, [-13.496923175757239, 79.40669411691987, -262.68620554664915, 515.8930757491056, -538.7085240036248, 34.30452047749072, 743.2162477323168, -1103.8853012957325, 805.2444540862688, -311.4329500820074, 51.145360036106084], 14, 1.572554793315082e-07, 2.23520968351238e-19

14, 18, 10, [-13.496924798585873, 79.4067133504001, -262.68630226777856, 515.893336424772, -538.7088948272633, 34.30465817070958, 743.2166925770723, -1103.8861712044818, 805.2451951341359, -311.4332732229811, 51.14541875994502], 13, 1.8390534323125673e-07, 2.572030843496468e-19

14, 18, 10, [-13.49692314916856, 79.40669393917355, -262.68620535698636, 515.8930772570942, -538.7085296795003, 34.30452694232562, 743.2162519291581, -1103.885321109837, 805.2444771143886, -311.43296249822623, 51.14536270636474], 14, 1.59762928174511e-07, 2.2271879916361864e-19

14, 18, 14, [-12.326337853103192, 63.03103766893764, -165.03870390381726, 201.88889031294175, 2.98265847969019, -262.9101420132278, 74.52955814168727, 359.1690227474119, -130.6854828333736, -529.7320462300436, 285.4997129304448, 755.8372717061119, -1133.2467603537436, 613.5912676538218, -123.59131199392394], 6, 4.15697003300675e-08, 5.75679323401702e-20

14, 18, 10, [-13.496920668522513, 79.40666434426238, -262.6860555455336, 515.8926707357531, -538.7079467188158, 34.30430496295799, 743.2155557686117, -1103.8839455968143, 805.2432983732203, -311.4324460184266, 51.14526845569071], 15, 1.6863351497278908e-07, 2.3918189598242312e-19

14, 18, 10, [-13.496922410758877, 79.40668465449065, -262.68615587433834, 515.892935742991, -538.7083139097948, 34.304428833648345, 743.2160038587784, -1103.884787935372, 805.2439974821816, -311.4327435943806, 51.14532124546239], 13, 2.4071512779154843e-07, 3.215926817515255e-19

14, 18, 10, [-13.496920045051759, 79.40665690830265, -262.68601798599605, 515.8925692539303, -538.7078023154985, 34.304251747637956, 743.2153821212211, -1103.883607964795, 805.2430124563527, -311.43232224059784, 51.145246156570344], 14, 2.613399063748473e-07, 3.444534293199445e-19

14, 18, 10, [-13.496922948600242, 79.40669109528737, -262.68618872145777, 515.8930259316127, -538.708445740475, 34.30448283244118, 743.2161587291799, -1103.8851055108544, 805.2442767646038, -311.43286908028165, 51.14534474258947], 15, 2.0085563277648643e-07, 2.5987317658742065e-19

14, 18, 10, [-13.496921403132948, 79.40667271658434, -262.6860959005205, 515.8927743964915, -538.7080851290515, 34.30434507980032, 743.2157285719215, -1103.8842533464428, 805.243544519853, -311.43254718830013, 51.145285775072075], 14, 1.5830438530895395e-07, 2.2578426251906707e-19

14, 18, 10, [-13.496921288567455, 79.40667193191264, -262.68609494878973, 515.8927805461209, -538.7081092696859, 34.30437310729186, 743.2157461642835, -1103.8843384953316, 805.2436437465077, -311.43260062528606, 51.145297224882874], 14, 1.5799567242118447e-07, 2.252107646824952e-19

14, 18, 10, [-13.496921311901339, 79.4066719762992, -262.68609395063345, 515.892774268563, -538.7080939294516, 34.30435937138305, 743.2157326101449, -1103.8842903680961, 805.2435911766013, -311.4325732089733, 51.14529145880141], 15, 1.7681619805496991e-07, 2.375225215182936e-19

14, 18, 10, [-13.496921481395178, 79.40667328230627, -262.68609691829454, 515.8927720087119, -538.7080730093005, 34.30433015759931, 743.2157200955529, -1103.8842097586667, 805.2434937567681, -311.43252007125494, 51.14528002987547], 13, 2.7864653290494765e-07, 3.637250495417581e-19

14, 18, 10, [-13.496923242815788, 79.40669488961996, -262.68620936863607, 515.8930860182154, -538.7085388383651, 34.30452658757523, 743.2162650385704, -1103.8853373616275, 805.2444864744976, -311.4329650247812, 51.145362922468884], 14, 1.5637858817622133e-07, 2.2249960394755396e-19

14, 18, 10, [-13.496920853818809, 79.40666589188888, -262.68605996479243, 515.89267291284, -538.7079326960527, 34.304278600708194, 743.2155515667226, -1103.8838811093415, 805.2432138343993, -311.4323978574614, 51.14525776608671], 14, 1.863175986985698e-07, 2.6030152132038505e-19

14, 18, 10, [-13.496922324241844, 79.40668401083956, -262.68615466490985, 515.89293848956, -538.7083286303146, 34.304447937486536, 743.2160132774449, -1103.8848431480308, 805.2440642736026, -311.4327804025322, 51.14532927493278], 15, 1.5621303293187074e-07, 2.2219154891453085e-19

14, 18, 14, [-12.326341401041404, 63.03107565792595, -165.03886418531692, 201.88919669261162, 2.982520676516322, -262.9105281997952, 74.52990348363045, 359.1696054584737, -130.68605355610072, -529.7330269124884, 285.5007494537077, 755.8387468810645, -1133.249756259623, 613.593136952308, -123.59173029573546], 5, 4.231728569451028e-08, 5.833927381189987e-20

14, 18, 10, [-13.49692335457043, 79.40669604989364, -262.6862143067211, 515.8930966050586, -538.7085488925038, 34.30452390350034, 743.2162810078266, -1103.885351100201, 805.2444886663791, -311.4329622451514, 51.14536176082987], 13, 2.113741011611276e-07, 2.8886789278507494e-19

14, 18, 14, [-12.326339140662006, 63.03105100971644, -165.03875817410054, 201.88898925478483, 2.982620800339706, -262.91026857341546, 74.52965558337647, 359.1692112787585, -130.68564004089566, -529.7323545900331, 285.4999979524075, 755.837728435876, -1133.2476188508483, 613.5917835432241, -123.59142403137085], 6, 3.886027535751218e-08, 5.475600469981487e-20

14, 18, 14, [-12.326335547900657, 63.03101320708937, -165.03860160793118, 201.8886967128271, 2.982743158757399, -262.909897628811, 74.52934455042502, 359.1686551835109, -130.6851302854222, -529.7314304860697, 285.4990714071366, 755.8363473960836, -1133.244895828724, 613.590106600165, -123.5910523619246], 4, 4.387361997981179e-08, 5.95498263705348e-20

14, 18, 10, [-13.496923779715486, 79.40670087267381, -262.6862374566326, 515.8931558527364, -538.7086277217345, 34.30454650982618, 743.216379528457, -1103.8855261582219, 805.2446286100263, -311.4330197849836, 51.14537162184717], 15, 1.5919458302490387e-07, 2.2693236922608476e-19

14, 18, 10, [-13.49692491665506, 79.40671421917632, -262.686303927202, 515.893333186446, -538.708876901628, 34.30463533509802, 743.2166806117094, -1103.8861053103076, 805.2451170710301, -311.43323097126137, 51.1454096987276], 15, 1.9044201726938966e-07, 2.4923850610269804e-19

14, 18, 10, [-13.49692138066604, 79.40667261119071, -262.68609618509487, 515.8927774557174, -538.7080933820372, 34.304352801738375, 743.2157357720612, -1103.8842794770312, 805.2435728277061, -311.43256172180565, 51.145288770603365], 14, 2.0325669674470405e-07, 2.795285683425742e-19

14, 18, 10, [-13.496923606159742, 79.40669894801886, -262.6862284887184, 515.8931338201721, -538.7086002976289, 34.30454136413165, 743.2163435354003, -1103.8854695690327, 805.2445879966921, -311.43300510463865, 51.145369496369206], 13, 2.1589427101375475e-07, 2.940027638879772e-19

14, 18, 10, [-13.49692167982226, 79.4066760958954, -262.686113408587, 515.8928230549155, -538.7081569033589, 34.30437484564809, 743.2158128360512, -1103.8844263232284, 805.2436961076578, -311.43261487423393, 51.14529834175375], 13, 2.1443189912906982e-07, 2.922491650748367e-19

14, 18, 10, [-13.496920258303712, 79.4066595560117, -262.68603190735456, 515.8926084706771, -538.7078609657697, 34.304276903789535, 743.2154505453055, -1103.8837504165715, 805.2431380509898, -311.43237849915323, 51.14525661266446], 15, 2.3690160745764316e-07, 2.9448188899055393e-19

14, 18, 10, [-13.496920635160015, 79.4066641311696, -262.68605543793717, 515.8926732782157, -538.7079553727776, 34.30431443636561, 743.2155624222177, -1103.8839752877927, 805.2433324268815, -311.43246419088797, 51.14527232237941], 15, 1.590005134420387e-07, 2.267951963915879e-19

14, 18, 10, [-13.496920672771694, 79.40666407808942, -262.6860525452791, 515.8926577808272, -538.7079196170407, 34.30428406141558, 743.2155297678703, -1103.8838656959479, 805.2432148494589, -311.4324036376617, 51.14525972268867], 14, 2.4661128299116746e-07, 3.280042480708465e-19

