14, 18, 17, [-18.68153588971675, 162.76603928347745, -870.8267853624434, 3156.7282820283926, -8013.737976513748, 14018.031134196925, -15222.24334868914, 5545.561023599394, 10041.647509731762, -14172.94248913648, -1272.816549869162, 17120.51841324927, -9492.746968018251, -14324.710350367714, 26634.668484415364, -19179.198183797776, 6927.12672453022, -1040.1438853112868], 3, 3.5266928589218984e-05, 4.367750474244219e-17

14, 18, 17, [-18.68153586282486, 162.76603856924788, -870.8267769722004, 3156.7282247839544, -8013.737727232166, 14018.030424007346, -15222.242077701787, 5545.55987726195, 10041.647210215608, -14172.940673819754, -1272.8174573159097, 17120.516477030633, -9492.744575207604, -14324.709131106689, 26634.663858766486, -19179.193977041756, 6927.124940061079, -1040.1435803558384], 6, 2.65694521521975e-05, 3.4700013486319846e-17

14, 18, 17, [-18.681535818427527, 162.76603755178422, -870.8267667053927, 3156.728165129418, -8013.737509315776, 14018.02991782673, -15222.24138773752, 5545.559540708374, 10041.646744268435, -14172.939955882572, -1272.8173267749294, 17120.515606275494, -9492.744314103786, -14324.708315599044, 26634.66292928654, -19179.193627194603, 6927.124935915524, -1040.143599751032], 5, 2.09876508367824e-05, 2.943698652925673e-17

14, 18, 17, [-18.68153580878902, 162.7660371921358, -870.8267614109711, 3156.7281225093607, -8013.737298084469, 14018.029247785977, -15222.240064881247, 5545.55819191726, 10041.646589117641, -14172.93791590792, -1272.8185891277365, 17120.513477705532, -9492.74130019384, -14324.7070919315, 26634.65731941401, -19179.18832460964, 6927.122634391903, -1040.1431999976844], 4, 3.5304912051944974e-05, 4.362361783388677e-17

14, 18, 17, [-18.681535769805624, 162.76603625721853, -870.826751421742, 3156.7280601785515, -8013.737049004352, 14018.028596657903, -15222.23900506396, 5545.557370099874, 10041.64620115746, -14172.936528810787, -1272.8190636969491, 17120.511951829172, -9492.739772691904, -14324.706015077929, 26634.654174565112, -19179.18567600235, 6927.121571669634, -1040.1430267949838], 3, 3.504091360831945e-05, 4.335207126228677e-17

14, 18, 17, [-18.681535830730787, 162.7660377905881, -870.8267685651351, 3156.728171811064, -8013.737513511698, 14018.029859663367, -15222.241148001425, 5545.5591403335, 10041.646887106665, -14172.939442411094, -1272.8179090855792, 17120.515129412033, -9492.743175889662, -14324.708197304986, 26634.661009437717, -19179.191539359534, 6927.123949457937, -1040.1434169730244], 5, 2.2264101038659463e-05, 3.0750390894269206e-17

14, 18, 17, [-18.681535902092023, 162.76603946793338, -870.8267860870734, 3156.7282784382933, -8013.737927881106, 14018.030908882176, -15222.242788761148, 5545.560319980121, 10041.647581059942, -14172.94150039639, -1272.817363924859, 17120.517424652022, -9492.745228399743, -14324.709892215851, 26634.66540350421, -19179.195087603784, 6927.125329177228, -1040.143635910094], 5, 2.534982060791212e-05, 3.378668173861639e-17

14, 18, 17, [-18.681535912305023, 162.76603975083157, -870.8267895380948, 3156.7283028336365, -8013.738037868519, 14018.031233588898, -15222.243393535751, 5545.560899876615, 10041.647684441808, -14172.942395620801, -1272.8168506141067, 17120.518365017757, -9492.746504060393, -14324.710446325485, 26634.667813722168, -19179.19735223922, 6927.126311329233, -1040.1438067669292], 5, 2.73441618762179e-05, 3.570012374465406e-17

14, 18, 17, [-18.681535959880758, 162.7660410318332, -870.8268047263671, 3156.7284070341875, -8013.738492656455, 14018.032528180433, -15222.245700293823, 5545.5629554828265, 10041.648265169599, -14172.945671642074, -1272.8152845821094, 17120.521878523366, -9492.750705580762, -14324.712712661285, 26634.675991569038, -19179.204674822395, 6927.129379045666, -1040.1443250333562], 5, 2.3750429973285676e-05, 3.213184980183782e-17

14, 18, 17, [-18.681535912741445, 162.7660398281515, -870.8267911013481, 3156.7283173261403, -8013.73811544106, 14018.031491311847, -15222.243917877433, 5545.561447555727, 10041.647736862054, -14172.943218251934, -1272.8163336955574, 17120.51922301627, -9492.74772352708, -14324.710940822108, 26634.670074345624, -19179.199481075328, 6927.127231366775, -1040.1439658289198], 5, 2.2683369390344e-05, 3.115605254027052e-17

14, 18, 17, [-18.681535918274864, 162.76603999561493, -870.826793279475, 3156.7283334507392, -8013.738190508719, 14018.03171751041, -15222.244343498878, 5545.561854861842, 10041.647816731662, -14172.94385056316, -1272.8159897805624, 17120.51989391845, -9492.748588455883, -14324.711356169446, 26634.671719204773, -19179.20098209031, 6927.127866314885, -1040.1440736446557], 4, 3.4431339001725864e-05, 4.268621652503153e-17

14, 18, 17, [-18.681535871444314, 162.76603879708253, -870.8267796450718, 3156.7282430561145, -8013.737807222823, 14018.030653940146, -15222.242495002793, 5545.560264231621, 10041.647294532457, -14172.941278509394, -1272.8171293519508, 17120.51711544688, -9492.745412545839, -14324.709515277731, 26634.665456847753, -19179.195467274818, 6927.125584172755, -1040.1436922434768], 4, 3.501954669057878e-05, 4.3204353830529155e-17

14, 18, 17, [-18.681535874346753, 162.76603891625388, -870.8267814790321, 3156.728258185736, -8013.737883268311, 14018.03089694284, -15222.242975811958, 5545.560752494527, 10041.64735633078, -14172.942019747292, -1272.8166831013332, 17120.51789293345, -9492.746484937246, -14324.709974121139, 26634.6674600016, -19179.197335637586, 6927.1263864896955, -1040.1438302374595], 5, 3.436007620862893e-05, 4.2567086892464e-17

14, 18, 17, [-18.68153591996139, 162.76604004781572, -870.8267939781524, 3156.7283388069736, -8013.738216516705, 14018.031799999659, -15222.244509374821, 5545.562032570637, 10041.647821803304, -14172.944111463083, -1272.815799647764, 17120.52015703459, -9492.749023032076, -14324.711481519082, 26634.672510349996, -19179.201784238674, 6927.128233864168, -1040.1441407082682], 5, 3.0898233119697416e-05, 3.920679463400331e-17

14, 18, 17, [-18.68153583604174, 162.76603790495105, -870.8267696785749, 3156.728178298042, -8013.7375385822, 14018.02992609204, -15222.241264918513, 5545.559253594086, 10041.646896838654, -14172.939612509852, -1272.8177848558998, 17120.515298751958, -9492.743469712777, -14324.708268874856, 26634.661549229917, -19179.192109255266, 6927.124219235104, -1040.143467641206], 4, 3.4770701616927196e-05, 4.3102410796684585e-17

14, 18, 17, [-18.6815359481064, 162.76604073033283, -870.8268012923577, 3156.7283841950452, -8013.738395214174, 14018.032254946591, -15222.245217100142, 5545.562523813815, 10041.648150215104, -14172.944986871793, -1272.8156287675495, 17120.521149859233, -9492.749795206464, -14324.712259655947, 26634.67423129569, -19179.203058187446, 6927.128686878892, -1040.1442056118913], 4, 3.464032832530199e-05, 4.2793142175691155e-17

14, 18, 17, [-18.68153575040562, 162.7660357815642, -870.8267462389483, 3156.7280272758344, -8013.736915518911, 14018.028243051258, -15222.23842250277, 5545.556911573941, 10041.645992250458, -14172.935759017739, -1272.8193322196128, 17120.511105549376, -9492.738921869857, -14324.70541785455, 26634.652429277754, -19179.18420864058, 6927.120984187488, -1040.142931254006], 5, 2.0366526731455017e-05, 2.8786804152508626e-17

14, 18, 17, [-18.681535831209455, 162.76603781398046, -870.8267689791519, 3156.728175675098, -8013.737535272188, 14018.02993724648, -15222.241320145387, 5545.55934476036, 10041.646871303426, -14172.93973291024, -1272.8176685657725, 17120.51541790509, -9492.743698118733, -14324.708322645702, 26634.66193851346, -19179.19249317721, 6927.1243869615555, -1040.1434964541609], 4, 3.4931269134374924e-05, 4.317341130318067e-17

14, 18, 17, [-18.68153594522674, 162.76604056465973, -870.8267984677345, 3156.728359861725, -8013.73827044061, 14018.03185268789, -15222.244418857103, 5545.56171404994, 10041.648044727348, -14172.943757168747, -1272.8163628728357, 17120.51985922893, -9492.748026656194, -14324.711494597594, 26634.670923679925, -19179.199979453333, 6927.127366456075, -1040.1439787179143], 5, 2.983149796608964e-05, 3.8132258522840757e-17

14, 18, 17, [-18.681535871231368, 162.76603875229213, -870.8267787344929, 3156.7282345987896, -8013.7377617837265, 14018.030501911771, -15222.242182081996, 5545.559929971954, 10041.647274294244, -14172.940782072372, -1272.8174619280176, 17120.51660321711, -9492.744642740854, -14324.709235811983, 26634.66404309868, -19179.194104846112, 6927.124985282825, -1040.1435871772128], 5, 2.110475884109296e-05, 2.957259828024231e-17

14, 18, 17, [-18.681535853180733, 162.76603835619943, -870.8267749279667, 3156.7282137118723, -8013.737690743915, 14018.030352427426, -15222.24201072427, 5545.559897462417, 10041.647109610734, -14172.940654348686, -1272.817331226135, 17120.516427980863, -9492.744738044403, -14324.709028467776, 26634.66405497797, -19179.194286199858, 6927.125108167, -1040.1436140786795], 5, 3.06414432867147e-05, 3.89961277120273e-17

14, 18, 17, [-18.68153595771565, 162.76604089596188, -870.8268023981647, 3156.7283871599757, -8013.738392149413, 14018.032209376597, -15222.245079593607, 5545.562343766328, 10041.648161659694, -14172.944731878391, -1272.8158102094724, 17120.520884615646, -9492.749406735984, -14324.712102519543, 26634.67353618499, -19179.202427713728, 6927.128426467168, -1040.1441628916048], 5, 1.973294408239968e-05, 2.823516093901487e-17

14, 18, 17, [-18.681535872689697, 162.7660388487504, -870.826780426601, 3156.7282493193466, -8013.737837563295, 14018.030746659206, -15222.242668346224, 5545.560424145474, 10041.647337157281, -14172.941531650064, -1272.8170116702472, 17120.517388999207, -9492.745725534916, -14324.709699066296, 26634.66606641142, -19179.195993578767, 6927.125797275748, -1040.1437270279132], 4, 3.434862750499523e-05, 4.2730540364255125e-17

14, 18, 17, [-18.681535877675426, 162.76603903366873, -870.8267831549731, 3156.7282713974478, -8013.737947689017, 14018.03109843535, -15222.243368215688, 5545.561145447475, 10041.647410300095, -14172.942618093673, -1272.8163251291755, 17120.51851962855, -9492.747351463095, -14324.710340751044, 26634.669082247718, -19179.19885881631, 6927.127045162432, -1040.1439443831543], 5, 1.9795570834460737e-05, 2.8260080040781064e-17

14, 18, 17, [-18.681535962400783, 162.76604105038777, -870.8268044578332, 3156.728402310916, -8013.738460875453, 14018.032408095272, -15222.245431918867, 5545.562645425805, 10041.648271945238, -14172.945224032801, -1272.8156190745435, 17120.521424573097, -9492.749963482236, -14324.712485495555, 26634.67465418006, -19179.203351448745, 6927.128786748121, -1040.1442195015939], 4, 3.462264372546518e-05, 4.2933923958268645e-17

14, 18, 17, [-18.681535955986025, 162.7660409737746, -870.8268045216214, 3156.7284085761967, -8013.738511048868, 14018.032611665694, -15222.245905539743, 5545.563209426694, 10041.648246326093, -14172.946032723326, -1272.8150025434682, 17120.522245397806, -9492.751313489418, -14324.712899534708, 26634.677074502004, -19179.205730388545, 6927.129842891379, -1040.144405935563], 5, 2.7858674676573123e-05, 3.616164131675048e-17

14, 18, 17, [-18.681535858978027, 162.7660384645492, -870.8267757247695, 3156.7282162188662, -8013.737689944224, 14018.03031851247, -15222.24189188866, 5545.559716199272, 10041.647156735415, -14172.940412968223, -1272.8175688625563, 17120.516193152922, -9492.744262493314, -14324.70893681498, 26634.66323981321, -19179.19344821645, 6927.124727823199, -1040.1435460680655], 5, 3.522103093950149e-05, 4.3380059156097697e-17

14, 18, 17, [-18.681535936684092, 162.76604045877266, -870.8267984243367, 3156.7283665588807, -8013.738325971841, 14018.032077699141, -15222.244936062812, 5545.562315755646, 10041.648038351204, -14172.944629384581, -1272.8157368116886, 17120.520754739133, -9492.749418598138, -14324.711976718761, 26634.673440210743, -19179.20239763087, 6927.128422161177, -1040.1441623160779], 4, 3.5712121614869765e-05, 4.390642599002766e-17

14, 18, 17, [-18.681535971106893, 162.76604125528513, -870.8268066331021, 3156.72841597248, -8013.738516548509, 14018.032558605502, -15222.245690138108, 5545.562868507737, 10041.648339443285, -14172.945582524795, -1272.8154467320865, 17120.521807686753, -9492.750431584862, -14324.712726737274, 26634.67556703237, -19179.204185676772, 6927.129142963982, -1040.1442808421018], 5, 2.652102932733262e-05, 3.4962775328664584e-17

14, 18, 17, [-18.681535952334496, 162.7660407975113, -870.8268016700657, 3156.7283846107557, -8013.738389864413, 14018.032224389957, -15222.24514179496, 5545.562439428156, 10041.64814082612, -14172.944860551706, -1272.815695730237, 17120.52101347861, -9492.749636595854, -14324.71216528635, 26634.673933095764, -19179.202813603973, 6927.128594220204, -1040.1441917184222], 4, 3.5295611191426944e-05, 4.350370229642036e-17

