13, 18, 10, [-7.3463341524513535, 20.037692501614288, -20.485390880731558, -6.538198752322005, 22.74366342173496, 8.1003681388117, -29.12756242389587, -10.336079148102813, 48.789487241180346, -35.253251691767154, 8.415748604252212], 11, 1.234718595000667e-09, 1.7506759805990004e-21

13, 18, 10, [-7.3463378310556156, 20.037714019563616, -20.485430624051382, -6.538193402015308, 22.743714926778182, 8.100363490727315, -29.127641474884626, -10.336078473650042, 48.78962546470215, -35.2533761890586, 8.415782953433057], 12, 1.2461701010207e-09, 1.7567190729218134e-21

13, 18, 10, [-7.346328197674232, 20.03765734570088, -20.485325168721182, -6.5382085313951865, 22.743577928435204, 8.100377397151888, -29.127430113796244, -10.336082421991698, 48.78925476953604, -35.25303976688608, 8.415689613483737], 14, 1.6548703864423584e-09, 2.0966904965662654e-21

13, 18, 9, [-8.055268540703908, 25.4213388083858, -35.609627835283675, 8.394434798780011, 34.04813435194999, -23.351627420149054, -35.788447333844196, 62.100603843143325, -35.64430936972193, 7.4848532207110665], 14, 6.053980966532787e-10, 8.67299144471969e-22

13, 18, 10, [-7.346325015410555, 20.03763919628753, -20.48529276837954, -6.538211553082301, 22.743536422031145, 8.10037893067136, -29.127367978310126, -10.336079886427077, 48.78914772392461, -35.25294696047963, 8.415664742409131], 5, 2.614077890076512e-09, 3.5723828635040755e-21

13, 18, 15, [-6.45377390561223, 13.894125846202135, -6.654965471996281, -11.305444722450368, 2.7346669974306304, 14.224193923161621, 7.508595524555481, -11.452722141107659, -20.309036557913362, -3.224103178935224, 25.827357550715107, 25.86663409498353, -23.105037321683845, -51.06456452486414, 60.549950212315174, -18.036174595545507], 3, 1.6004200737907418e-10, 2.474902249567606e-22

13, 18, 9, [-8.055277983886043, 25.42140062450419, -35.60977021955146, 8.394525334448405, 34.04827191874501, -23.351808992668452, -35.78859723674527, 62.101009178790946, -35.64458799932295, 7.484919900950387], 13, 5.953648085505242e-10, 8.721724102188273e-22

13, 18, 10, [-7.346329416906554, 20.037664608043926, -20.48533889529168, -6.538206310191065, 22.743595851578114, 8.100375163685436, -29.12745805895554, -10.336081328795315, 48.78930407884205, -35.253085189490626, 8.41570235244352], 10, 1.360478974016431e-09, 1.8179190035573593e-21

13, 18, 10, [-7.346326338891325, 20.037646662265786, -20.485305897635158, -6.538210569689715, 22.743553152312927, 8.100378709297926, -29.127392742069922, -10.336081453274478, 48.7891901005828, -35.252983046289295, 8.415674276690547], 5, 2.618917657546736e-09, 3.577128557444039e-21

13, 18, 10, [-7.346333331123005, 20.03768728899361, -20.48538027173479, -6.538201350614939, 22.743649250953165, 8.10037134661885, -29.127539306208348, -10.336082016164573, 48.78944542662963, -35.253210887491655, 8.415736706863745], 9, 2.178851400954872e-09, 3.0268470469680235e-21

13, 18, 10, [-7.346339987184362, 20.037726495239795, -20.48545334625217, -6.538190713474351, 22.743744233586305, 8.100361440784344, -29.12768603160484, -10.33607889374281, 48.78970296934905, -35.25344509400988, 8.415801788880335], 9, 2.0794332854848132e-09, 2.9032003624981014e-21

13, 18, 10, [-7.346327304125421, 20.037652645781552, -20.485317761827254, -6.538208000791901, 22.743568876545847, 8.100375684353098, -29.127418014192685, -10.336079007775785, 48.78923545563464, -35.253026531658335, 8.415686812910597], 10, 1.2304077226137183e-09, 1.7286057172716953e-21

13, 18, 10, [-7.346331402695781, 20.037676245613287, -20.485360437709847, -6.538203358368637, 22.743623790746923, 8.100372564180738, -29.12750099671626, -10.336080864512118, 48.78937920235507, -35.253152951740226, 8.415721064955456], 10, 1.2405849564854707e-09, 1.7518701530224774e-21

13, 18, 10, [-7.346331431777226, 20.03767648468842, -20.485361057270854, -6.538203047299897, 22.743624668434574, 8.100372090114083, -29.127502622379684, -10.336080277351359, 48.789382359435415, -35.25315651056435, 8.415722200451658], 10, 1.295793036405235e-09, 1.8611008051366075e-21

13, 18, 10, [-7.346331296174544, 20.03767569113645, -20.485359601866964, -6.53820321665676, 22.74362278488448, 8.10037219785723, -29.127499774021235, -10.336080189967419, 48.78937745203605, -35.253152261558306, 8.415721070898696], 13, 2.141690859850761e-09, 2.606790190803567e-21

13, 18, 10, [-7.346327849964829, 20.037655374651987, -20.485321685410106, -6.538208805549842, 22.743573481212703, 8.100377468381172, -29.127423521747094, -10.336082009356026, 48.78924349471085, -35.25303018097764, 8.415687087928251], 10, 1.325443531593403e-09, 1.9063378411676025e-21

13, 18, 9, [-8.05527317495073, 25.42136950111586, -35.60969953027689, 8.394481775672793, 34.04820329663489, -23.351721701024328, -35.78852231087165, 62.10081386389193, -35.6444559514612, 7.484888756055682], 14, 6.419678726049665e-10, 9.85043457860921e-22

13, 18, 9, [-8.055264215082662, 25.42131059843395, -35.6095631486214, 8.394394063875824, 34.04807176600293, -23.351545737807882, -35.78837909810146, 62.10042136295447, -35.64418454098086, 7.484823471831175], 13, 6.164530767435767e-10, 8.730240254397306e-22

13, 18, 10, [-7.346326820604636, 20.037649372905996, -20.48531063827993, -6.5382102583729225, 22.743559182237398, 8.100378715783213, -29.1274016067443, -10.336082154890304, 48.789205186254506, -35.252995698196116, 8.415677573131063], 8, 2.1630218534254567e-09, 3.0068395608629755e-21

13, 18, 10, [-7.346326720738005, 20.037649205040083, -20.48531133675087, -6.538208952487376, 22.74356052048589, 8.100376585863259, -29.12740508518831, -10.336079328811525, 48.78921273532546, -35.253005808806364, 8.415681040449027], 9, 1.7222036370407924e-09, 2.4456000026774904e-21

13, 18, 10, [-7.346327025999293, 20.037650631358336, -20.485313107867384, -6.538209742244585, 22.743562443871685, 8.100378105262125, -29.127406835912637, -10.336081654111062, 48.7892145782098, -35.2530047226466, 8.41568018370173], 10, 1.2297024216282232e-09, 1.737711471675849e-21

13, 18, 10, [-7.346325523156912, 20.037641762762178, -20.48529653941678, -6.538212199497861, 22.74354089172981, 8.100380427527387, -29.127373490308955, -10.336082466551913, 48.78915599413121, -35.25295132552709, 8.415665320779405], 9, 1.6823085509451348e-09, 2.3923305566928503e-21

13, 18, 15, [-6.453774624174999, 13.894128547622206, -6.654967104260547, -11.305447744141608, 2.734667002404799, 14.224197592715011, 7.5085993345047495, -11.45272251298642, -20.309041959052625, -3.2241092334990973, 25.82735745675319, 25.866642089524362, -23.10502874416466, -51.06456789027745, 60.54993613114552, -18.036166610137645], 3, 1.5854754368022564e-10, 2.4489959653533623e-22

13, 18, 10, [-7.3463249421616625, 20.03763860070197, -20.48529127159246, -6.5382122216818175, 22.743534311144362, 8.100379884015997, -29.12736419713992, -10.336080965701226, 48.78914057225007, -35.252939300735335, 8.415662383681454], 10, 1.2385516298755511e-09, 1.7605534633301958e-21

13, 18, 10, [-7.346329723975804, 20.037666878354383, -20.48534424095242, -6.5382042013303785, 22.743603273923295, 8.100372185580328, -29.12747108748651, -10.336077998962695, 48.78932855204653, -35.253111051462916, 8.415710270803688], 10, 1.3475624743091166e-09, 1.938607639125145e-21

13, 18, 10, [-7.346331047237713, 20.037674070442534, -20.48535619891195, -6.538204181249964, 22.743618201059686, 8.100373469916462, -29.127492131931767, -10.336081476201842, 48.78936343411779, -35.25313814853782, 8.415716864291442], 10, 1.3583026914243115e-09, 1.8134144104587308e-21

13, 18, 10, [-7.346329320212327, 20.037664160892753, -20.48533835776486, -6.53820603477792, 22.743595278975114, 8.100374637674038, -29.127457589992385, -10.336080528154286, 48.7893036817278, -35.253085784344485, 8.415702711205737], 7, 2.5206541182631926e-09, 3.456778487498682e-21

13, 18, 16, [-6.093112386951324, 11.883443929891895, -3.570997254454411, -10.192989893611474, -1.2120687887106332, 10.412768782882347, 10.547283168495474, -2.6223557469876266, -16.42132191134889, -14.210490946822878, 7.411894288070018, 28.108793212236623, 16.024718708598655, -31.010405023463505, -42.92732826301692, 63.50799355066705, -20.636344589400686], 4, 2.3937374812838917e-10, 3.5676540784822813e-22

13, 18, 10, [-7.346326153636972, 20.037645843948695, -20.485305033459667, -6.538209902423529, 22.743552309464786, 8.100377478569717, -29.127392374165034, -10.336079626741196, 48.789190423170936, -35.252985520528654, 8.415675409848907], 9, 1.5277421035451427e-09, 2.18776468786793e-21

13, 18, 10, [-7.34632830759153, 20.03765840496285, -20.485328122961338, -6.538206947532119, 22.743582186479916, 8.100375061764582, -29.127438033126193, -10.336079658506094, 48.78927001883757, -35.25305666534291, 8.415694918038664], 12, 1.3099103837798454e-09, 1.771139341149083e-21

