15, 16, 17, [-6.366305058490923, 14.193979550799476, -9.519181189472508, -7.370058881247185, 6.040175623239067, 8.971072516732788, -0.1877476059563903, -8.775381981636725, -6.6662223496236, 3.551050589414601, 10.02295963539241, 4.373356873192073, -7.845379180571087, -10.405504733406946, 4.222599734239482, 14.419373203307913, -12.734390181174332, 3.0756327158291543], 3, 1.1485330411914184e-10, 1.8442015382451477e-22

15, 16, 17, [-6.366268345644864, 14.193797575448487, -9.518927084035678, -7.370003252207884, 6.039936469347487, 8.970905391484775, -0.18760134091969222, -8.775083740570635, -6.66612788504276, 3.550796814056614, 10.0226136239277, 4.37333819164915, -7.844977171593821, -10.40516373485772, 4.222293816685168, 14.418795939943005, -12.733757472908756, 3.075461485805591], 3, 1.3601588851013807e-10, 2.0126636186107709e-22

15, 16, 17, [-6.3663170981367685, 14.194035342188004, -9.519250914799432, -7.370083064636713, 6.04023604583755, 8.971126018628837, -0.1877734961357376, -8.775458599228863, -6.666260831131365, 3.5510990384577457, 10.02304632169397, 4.3733802007610265, -7.8454586218805344, -10.405591522496739, 4.22264646539181, 14.419498521796736, -12.734504766346449, 3.075660240602579], 3, 1.2177361846865633e-10, 1.9412371461904486e-22

15, 16, 17, [-6.366293014323926, 14.193920194620054, -9.519099026981898, -7.370040109957983, 6.040098752558817, 8.971017807499432, -0.18770156333578128, -8.77528600662079, -6.666190703049125, 3.5509703925134377, 10.022848479224297, 4.373349233656576, -7.84525190344923, -10.405395065464917, 4.2225040901662, 14.419189452525252, -12.734190795039801, 3.075579066026658], 3, 1.2104226188819892e-10, 1.8735732595879183e-22

15, 16, 17, [-6.366344124602707, 14.1941722645653, -9.519448507751497, -7.370119147250958, 6.040426112008707, 8.971249615487109, -0.18789882771705108, -8.775694496395747, -6.666323631958354, 3.551313850811362, 10.023321760400844, 4.373379057080934, -7.845796999802588, -10.405861712585594, 4.222916222317828, 14.419974966311361, -12.735047437586214, 3.075810317236535], 2, 1.3437798962548932e-10, 2.0625126024957238e-22

15, 16, 17, [-6.366287261329788, 14.193890373387372, -9.519054590223952, -7.370033486851218, 6.040055145371915, 8.970991305046581, -0.18767098749766656, -8.77523210143425, -6.666178721289513, 3.550918512731572, 10.022785182092566, 4.373352616349375, -7.845170577484414, -10.405333214973487, 4.222437042924099, 14.419076709073577, -12.734058611054424, 3.0755419457266284], 3, 1.212687303035143e-10, 1.8882188947457128e-22

15, 16, 17, [-6.366375445970409, 14.194332707094725, -9.519683600083779, -7.37015840570269, 6.040654419979857, 8.971393602454517, -0.18805375075554856, -8.775977381486522, -6.666393384040627, 3.5515779775283223, 10.02365294607315, 4.3733705693231935, -7.846211941233363, -10.406186086156332, 4.223251813175909, 14.420555076424925, -12.735716304623148, 3.0759964685733565], 3, 1.280287188073873e-10, 1.9429115104326848e-22

15, 16, 17, [-6.366360698076108, 14.194256978756052, -9.519572288164339, -7.370140148871912, 6.040546111265483, 8.971325673903797, -0.18797988867975626, -8.775843202351597, -6.666360723515421, 3.5514522018077646, 10.023495766309159, 4.373375066780317, -7.846014492260602, -10.406032145932224, 4.223091913765931, 14.4202793381068, -12.735398054116233, 3.0759078718464092], 3, 1.1612823586500169e-10, 1.9368977321548673e-22

15, 16, 17, [-6.366288698383357, 14.193900050416982, -9.519073672823769, -7.37003136100358, 6.040076682094519, 8.970998206425506, -0.1876921970241152, -8.775257933520018, -6.66617629224564, 3.550953047295603, 10.0228166862396, 4.373339944236398, -7.845223685339335, -10.405363101893942, 4.222488604996239, 14.419144549166877, -12.734151618872886, 3.0755700708036198], 2, 1.3315028964176943e-10, 2.018998301760865e-22

15, 16, 17, [-6.366293020251225, 14.193917427823113, -9.519089181420586, -7.370044591584393, 6.040085666191657, 8.971017143799292, -0.18768521815118164, -8.77527069648203, -6.666196714546382, 3.5509445440740044, 10.022829091469942, 4.37336266615325, -7.84521280554359, -10.40537707479984, 4.222463387216187, 14.419141916076583, -12.734120437249784, 3.075557177789217], 2, 1.3707095922100556e-10, 2.0883804802294793e-22

15, 16, 17, [-6.366309247064838, 14.19399863127138, -9.519204210451539, -7.370067972058408, 6.040194972443063, 8.97109124018794, -0.18775431843102575, -8.775406748201021, -6.666236904510962, 3.551063735505937, 10.022987383315378, 4.373367385134468, -7.845401087519149, -10.405532793881452, 4.222609499723701, 14.419409982148666, -12.73441895430492, 3.075638687257697], 3, 1.1795599049370014e-10, 1.929541394491157e-22

15, 16, 17, [-6.366297853747341, 14.193943537802017, -9.519130293918577, -7.370048369361197, 6.040127339794616, 8.971039545965713, -0.18771732550183068, -8.775321836726874, -6.666204218798156, 3.550998335564302, 10.022889694368716, 4.373354230418392, -7.845296643528511, -10.405435866962625, 4.222536187635497, 14.419255407250342, -12.734259875569636, 3.0755972858827394], 2, 1.347333313735068e-10, 2.061499776198423e-22

15, 16, 17, [-6.366334064503613, 14.194123077107397, -9.519381193246137, -7.370102984274278, 6.0403636174349975, 8.971204190623164, -0.18786231256947836, -8.775616394119197, -6.666296781078298, 3.55124986638857, 10.023231503927807, 4.373371535941123, -7.8456951269916155, -10.405772598735355, 4.222840495790678, 14.41982701701993, -12.734888222392115, 3.0757676542452903], 2, 1.3459696516383465e-10, 2.0460606683550626e-22

15, 16, 17, [-6.366347199341353, 14.194188112096425, -9.519471939512066, -7.370122826985912, 6.0404489979601435, 8.971263752408575, -0.1879146513001066, -8.775722814387189, -6.666330218549384, 3.5513407608040866, 10.02335496974449, 4.373377666803385, -7.845839228996729, -10.405894194593989, 4.222950772237357, 14.420033716840685, -12.735115857187072, 3.0758294625286817], 2, 1.2984281693587412e-10, 1.9982110771919469e-22

15, 16, 17, [-6.36627696521038, 14.193841086018159, -9.518989527089362, -7.370015045569829, 6.039996315853246, 8.970944810401948, -0.1876403071820185, -8.775158084317818, -6.666148346548061, 3.5508637181246745, 10.022700334788642, 4.373338747561447, -7.845082640498561, -10.405248869088753, 4.222377209437555, 14.418944941817692, -12.73392601293347, 3.075507915001857], 3, 1.1406232712914321e-10, 1.8661649888130988e-22

15, 16, 17, [-6.366318378237331, 14.194044632045815, -9.519270245744694, -7.370080172529423, 6.040258311268509, 8.971132422031538, -0.18779613191431066, -8.775485245174266, -6.66625744788661, 3.551135684324509, 10.02307897608564, 4.3733660763549995, -7.845514775787249, -10.405622451431395, 4.2227013643126154, 14.419569781254335, -12.734603187305686, 3.0756900689019004], 3, 1.2247343042018352e-10, 1.9001733437061337e-22

15, 16, 17, [-6.366385768986451, 14.194378316441657, -9.51973555644583, -7.370182607383353, 6.040695857857828, 8.971438808811586, -0.18806314717875755, -8.776030904611117, -6.666430875622474, 3.551599316465995, 10.023711883312714, 4.373400782432567, -7.846249559920224, -10.406246166897684, 4.223260432927882, 14.420625350039264, -12.735760087040566, 3.0760032063688354], 2, 1.4223225867330797e-10, 2.169035519569401e-22

15, 16, 17, [-6.366347021638232, 14.194188135554796, -9.519473856996242, -7.3701212127033395, 6.0404519960279295, 8.971263290829343, -0.18791898824079828, -8.775726272134833, -6.666328118148332, 3.5513474620723278, 10.023359480552713, 4.37337374759011, -7.845849209859767, -10.405898338725567, 4.222961399851042, 14.420045520974295, -12.735133827774467, 3.075835093340193], 2, 1.341476850613376e-10, 2.0392418090156002e-22

15, 16, 17, [-6.366342542883495, 14.194166762496685, -9.519445888973731, -7.370112878976439, 6.040426890750915, 8.971242822230622, -0.18790653296052798, -8.775694552110217, -6.666314136623368, 3.551325143583262, 10.023323204101743, 4.373366290858315, -7.84581341312808, -10.405862097787656, 4.222938637006782, 14.419990986268393, -12.735081606690922, 3.075822193411408], 2, 1.4017080501221121e-10, 2.123672846871786e-22

15, 16, 17, [-6.366331181085808, 14.194109272443946, -9.519363027655892, -7.370097695701923, 6.040347242676956, 8.97119101110057, -0.18785402036737345, -8.775595730472633, -6.666287898922936, 3.551235060037409, 10.02320784461424, 4.37336699514132, -7.845671408675184, -10.405748994841494, 4.22282509778952, 14.41979109877474, -12.73485331969288, 3.075758935407717], 2, 1.3890206246212414e-10, 2.0836460551676048e-22

15, 16, 17, [-6.36628064921477, 14.19386021622792, -9.519018156214523, -7.370019123102024, 6.040024495253054, 8.970961656217652, -0.1876603534880592, -8.775192860162859, -6.6661556275775125, 3.5508977314251413, 10.022741214440785, 4.3733358648363385, -7.8451359891841665, -10.405288739813212, 4.222421791026367, 14.41901858354502, -12.734013400452268, 3.075532626805392], 3, 1.1884895695455622e-10, 1.8980639314716181e-22

15, 16, 17, [-6.366356659666508, 14.194235350726998, -9.519538636235556, -7.370136619552153, 6.04051223596322, 8.971306913567506, -0.18795433862071803, -8.775801550705314, -6.666353839340707, 3.5514093116148286, 10.023446508863973, 4.3733808462738235, -7.8459475988517555, -10.405984263218937, 4.223034587574173, 14.420188283760323, -12.735287533467716, 3.075876281886314], 2, 1.3653026406685893e-10, 2.0763889750666323e-22

15, 16, 17, [-6.3663314343108315, 14.194108263966939, -9.519356786390755, -7.3701016775598305, 6.040338282458066, 8.971191571786218, -0.18784183158681558, -8.775585356418015, -6.666293323374379, 3.551215952195253, 10.02319449056859, 4.373377844436798, -7.845642657587919, -10.405736708775455, 4.222794529590879, 14.419756711791557, -12.734801170330266, 3.0757425801087233], 3, 1.1424777997447741e-10, 1.8993817995730297e-22

15, 16, 17, [-6.366299752700014, 14.193951618339765, -9.519138742382554, -7.370053347642736, 6.040133483756482, 8.971047825276687, -0.18771716614462586, -8.775329966171928, -6.666211875017472, 3.550999258282606, 10.022898358922827, 4.373361443606125, -7.845298996734571, -10.405444919351078, 4.222532912231355, 14.419262811201135, -12.73425955353901, 3.0755958886331136], 2, 1.3384452498742046e-10, 2.018919305079525e-22

15, 16, 17, [-6.366373468268484, 14.194319061927596, -9.519656498860165, -7.370161200046883, 6.040623806525166, 8.971383209032286, -0.18802424582669386, -8.775940420965073, -6.66639547603215, 3.551530282240368, 10.023607908930568, 4.373386159006059, -7.8461390762767325, -10.406142997502293, 4.223183203289986, 14.420461359147511, -12.735591766733911, 3.075959440987017], 3, 1.1890069763623008e-10, 1.9080316570803364e-22

15, 16, 17, [-6.366325487541352, 14.19407988090701, -9.519319425853443, -7.370091056352492, 6.040304560266653, 8.97116494657007, -0.18782420272877828, -8.775542978510167, -6.66627610013382, 3.5511843621786516, 10.023145934611469, 4.373370313948158, -7.845591826572113, -10.405688520580858, 4.222759360043584, 14.419680719293249, -12.734723675451104, 3.075722476473804], 3, 1.227203176884622e-10, 1.9167118834399043e-22

15, 16, 17, [-6.3663192418839385, 14.19405215020349, -9.51928764267393, -7.3700763578709525, 6.040279084789934, 8.971137220564318, -0.18781838947366902, -8.775510007972665, -6.666252889290888, 3.5511713886467904, 10.023109574472999, 4.373351250143645, -7.84556917354524, -10.40565134985623, 4.222755152677952, 14.419638069453903, -12.734698676875272, 3.0757191190618327], 3, 1.1510751331946238e-10, 1.8679636132004954e-22

15, 16, 17, [-6.366279430153967, 14.193853824447627, -9.519008393785244, -7.370018020007625, 6.0400147559462845, 8.970956251777736, -0.18765299918721648, -8.775180930045408, -6.6661537944222715, 3.5508852600933523, 10.022727129874472, 4.373337894579877, -7.84511638547684, -10.405275122244726, 4.222404519244806, 14.418991986071067, -12.733980262599031, 3.0755229964540933], 3, 1.1362645124698088e-10, 1.8550931366180463e-22

15, 16, 17, [-6.36629913751315, 14.193949810572551, -9.519138907092842, -7.370050362850807, 6.0401353627840795, 8.971045250253994, -0.18772214691955205, -8.77533183180102, -6.666207435927191, 3.551006792371251, 10.022901262925403, 4.3733548316536535, -7.845310134023806, -10.40544724740288, 4.222546580553329, 14.419274815347553, -12.734281381708659, 3.075603159345331], 3, 1.1626877699858402e-10, 1.869212757626165e-22

15, 16, 17, [-6.366329080416947, 14.194097723728397, -9.519344370376798, -7.3700965353903864, 6.040328047653747, 8.971181421681285, -0.18783849745867573, -8.775572299392639, -6.666285538492085, 3.551209121710252, 10.02317995185189, 4.373372446123798, -7.845630988626772, -10.405722090380634, 4.222788821611988, 14.41973707888288, -12.734784852987787, 3.0757389208465935], 3, 1.1858288907257303e-10, 1.9009526462293066e-22

