20, 15, 18, [-4.8396722265201335, 6.851476350544798, 0.16126503150063654, -4.435059986456003, -2.7726388666067683, 1.6163298228054646, 4.1097749890072315, 2.7211481377518405, -1.1372680285974084, -4.164797431082975, -3.7019657506267434, 0.19943371813592425, 4.4326280764675285, 4.803293263183753, -0.25268505592968377, -6.327167347159495, -4.116929126946859, 8.829394082849218, -2.9765325811039824], 2, 1.5140783579392704e-10, 2.230367470109591e-22

20, 15, 18, [-4.839681464721852, 6.851508147760881, 0.16124834058116794, -4.435090743443998, -2.772641643931761, 1.6163594275014725, 4.109808731963646, 2.721153776491871, -1.1372996283168821, -4.164843900657305, -3.701988299144632, 0.19946039517533182, 4.432689980610274, 4.80333708138017, -0.25271333094285847, -6.3272566358261635, -4.116964588614079, 8.829524555473277, -2.976583130150572], 2, 1.5403108171516473e-10, 2.2735505959695126e-22

20, 15, 15, [-5.691766261686766, 10.775648605590844, -4.4231282447348015, -6.9766201068181015, 1.2852259726526547, 6.849324360177678, 3.445430309553937, -4.196859318828016, -7.029442843687281, -1.2715033082044873, 6.909665055100976, 6.522523460654733, -4.782298035520209, -10.108397079537374, 10.433672374117812, -2.7414476340123954], 3, 7.123197531479669e-11, 1.1587184483272067e-22

20, 15, 18, [-4.839671145040935, 6.851472731202675, 0.16126677751439938, -4.4350565203746735, -2.772638358380295, 1.6163267118684213, 4.109771212951352, 2.721147237721523, -1.1372648805113734, -4.16479244624598, -3.7019630323126433, 0.1994313106634866, 4.432621736789037, 4.803288413550085, -0.2526826418113822, -6.327158391419182, -4.116925133575282, 8.82938129498044, -2.9765278063565086], 3, 1.2050883114930376e-10, 1.8279188160020356e-22

20, 15, 15, [-5.691783876125218, 10.775723553517295, -4.423204968819867, -6.9766726272177, 1.2852849445011423, 6.849414529950276, 3.4454341917574802, -4.196958181721386, -7.029538140900677, -1.271474175804372, 6.909808834126498, 6.5226078363459505, -4.782429548566836, -10.108574955312024, 10.433906732015972, -2.74151684292768], 2, 7.086276975554824e-11, 1.1581714611202037e-22

20, 15, 18, [-4.839677553436945, 6.8514944245949305, 0.16125593095776072, -4.435077379431436, -2.772640925293593, 1.6163459997918825, 4.109794000769014, 2.721151983138294, -1.137284868143335, -4.164823075526777, -3.701978933275862, 0.1994473207787339, 4.43266149740336, 4.803317808289047, -0.2526991447747799, -6.327215097972387, -4.1169491544743915, 8.829463142622192, -2.9765589048037624], 2, 1.521195572783863e-10, 2.258679664733657e-22

20, 15, 15, [-5.691772981367005, 10.775677056047448, -4.423157110206376, -6.97664014993773, 1.2852479340680654, 6.849358412808057, 3.4454321998824042, -4.1968961688534385, -7.029478837735361, -1.2714929794033965, 6.909718577707487, 6.522555430342347, -4.782346456169666, -10.108463489956845, 10.433758893304438, -2.7414730257081144], 4, 7.072610465238098e-11, 9.272829992950093e-23

20, 15, 18, [-4.839689023263224, 6.851534275099401, 0.16123444819706234, -4.435116047810553, -2.772643691787716, 1.6163840535931273, 4.1098365127873135, 2.7211580763983054, -1.1373261380685529, -4.164882425670148, -3.702006594797545, 0.1994831210712262, 4.4327417072040305, 4.803373198372398, -0.25273763396159205, -6.327331528052743, -4.1169937111143895, 8.829634448785729, -2.9766259758309435], 3, 1.1177223732682931e-10, 1.648843189022986e-22

20, 15, 18, [-4.839675998681995, 6.851489228969878, 0.16125842976189736, -4.43507240869406, -2.7726401907427025, 1.61634154645755, 4.109788591032719, 2.7211506914576815, -1.1372803616714788, -4.164815939129583, -3.7019750453908835, 0.19944386618537108, 4.432652415485219, 4.8033108722637134, -0.2526956650706668, -6.3272022526582745, -4.116943450422884, 8.829444771316703, -2.976552029258144], 3, 1.1812199237768993e-10, 1.7947489427567945e-22

20, 15, 15, [-5.691741965929948, 10.775543049210468, -4.423016124802168, -6.976547851546029, 1.2851362239344932, 6.849194660564822, 3.4454315134168145, -4.196709346224041, -7.029305880376287, -1.2715560527437513, 6.909445779871997, 6.522403837677312, -4.782088762884633, -10.10812892070687, 10.433303175194942, -2.7413360298077], 3, 6.471650038562429e-11, 1.0694304699593321e-22

20, 15, 18, [-4.839673904628429, 6.85148210309764, 0.16126204155665183, -4.435065540046955, -2.772639400285065, 1.6163351292396044, 4.109781071258187, 2.7211491908278744, -1.1372736711377036, -4.164805773701636, -3.7019698311365996, 0.19943846132987983, 4.4326391602030855, 4.803301139388757, -0.2526900858441002, -6.3271833307995, -4.116935499753922, 8.829417439458924, -2.9765416278190973], 2, 1.5336336009408947e-10, 2.26737342231848e-22

20, 15, 15, [-5.691778042792671, 10.775698279554708, -4.423178276860416, -6.976655236011415, 1.2852637269026115, 6.8493835427234195, 3.4454341501288717, -4.196922722196542, -7.029505381868258, -1.2714861975151877, 6.909757075669987, 6.5225790996092154, -4.78238067555629, -10.108511509669638, 10.433820387624872, -2.741490914923529], 3, 7.011414038139534e-11, 1.1471930549784024e-22

20, 15, 18, [-4.8396677241713935, 6.851460644262033, 0.1612735900292048, -4.435044723453281, -2.7726378878619022, 1.61631467072702, 4.109758190422427, 2.7211458818705325, -1.1372515013880597, -4.164773854952094, -3.701954924737072, 0.1994192522562118, 4.432596052200126, 4.803271337119236, -0.2526694423518193, -6.327120770366618, -4.11691152161634, 8.82932541355071, -2.9765056102985397], 2, 1.5260971489090227e-10, 2.2513010182677695e-22

20, 15, 18, [-4.839667764441212, 6.851460870043409, 0.161273346488829, -4.435044974361929, -2.772637757411152, 1.6163150910587671, 4.109758493123459, 2.721145729636058, -1.1372520781316675, -4.164774439198049, -3.7019549918101675, 0.1994199125854502, 4.4325970452256716, 4.803271788121912, -0.2526702215149841, -6.327122319306616, -4.116911847592806, 8.82932785415203, -2.9765066654258434], 2, 1.5235918278531295e-10, 2.256972461776769e-22

20, 15, 18, [-4.83967106406086, 6.851472368266902, 0.16126709353584098, -4.435056140673305, -2.772638483118899, 1.6163261627777916, 4.109770774440102, 2.721147383150913, -1.137264154261682, -4.164791666923544, -3.701962897146019, 0.19943049495899068, 4.432620454655614, 4.803287799232668, -0.2526816668317428, -6.327156390362456, -4.116924691368736, 8.829378131054234, -2.9765264361081525], 2, 1.5302765604225242e-10, 2.257331145613216e-22

20, 15, 18, [-4.839664823312344, 6.851450863363726, 0.1612784331204386, -4.435035338694254, -2.772636684749189, 1.6163060529809838, 4.109747958537341, 2.7211437014796918, -1.137242599574325, -4.1647601518739945, -3.701947773379887, 0.19941213943572378, 4.432578295345919, 4.803258182910664, -0.25266208876723406, -6.327095429894178, -4.1169007839315865, 8.829288800005257, -2.976491681753544], 3, 1.1208180423896839e-10, 1.6764349880339226e-22

20, 15, 18, [-4.839676348527376, 6.851490651097932, 0.16125735114427495, -4.435073854761006, -2.7726398931995546, 1.6163434303189659, 4.109790228957981, 2.721150366530007, -1.1372827590464727, -4.164818670258068, -3.701975695453159, 0.19944646133867358, 4.432656735576779, 4.80331310591367, -0.2526987421730849, -6.3272089253347525, -4.116945096526767, 8.829455223863912, -2.976556498267491], 3, 1.3798251975941243e-10, 2.073305916963861e-22

20, 15, 15, [-5.6917651625319845, 10.775643396666828, -4.423121914700658, -6.97661688313811, 1.2852202259658836, 6.849317435610135, 3.4454316943688323, -4.196849801138179, -7.029435557848523, -1.271508242525968, 6.909650917738002, 6.522517423601017, -4.782282926271258, -10.108380362661878, 10.433646369561078, -2.7414393078690398], 2, 7.278940904486578e-11, 1.188754125678389e-22

20, 15, 15, [-5.691784109363167, 10.775725040029116, -4.423207458172761, -6.976673213706233, 1.2852877415822332, 6.849416899382973, 3.4454325388586255, -4.196962777604443, -7.029540559128966, -1.2714705088147988, 6.909815880099499, 6.522609469103685, -4.782438477997456, -10.108582854425944, 10.433921752233722, -2.74152205727494], 4, 5.0714163719215136e-11, 7.778220319300239e-23

20, 15, 18, [-4.839670642166394, 6.851470446891477, 0.16126880097195612, -4.435054122289538, -2.7726391858135955, 1.6163231980394166, 4.109768437384404, 2.7211482089386028, -1.1372602104807925, -4.164787472450065, -3.701962212407648, 0.19942604016741236, 4.432613511345982, 4.803284513562026, -0.2526763330132017, -6.327145533676613, -4.116922337170592, 8.829360935984038, -2.976518972571246], 2, 1.5445160294350824e-10, 2.274988610049218e-22

20, 15, 18, [-4.839675849908557, 6.85148878980628, 0.16125854571446852, -4.435072005456214, -2.772640002961305, 1.6163413309152865, 4.109788162628086, 2.7211504029756353, -1.1372802729670084, -4.164815518407179, -3.7019745908289146, 0.19944400770886922, 4.432652109686293, 4.80331034427965, -0.2526959481324455, -6.327201987069663, -4.116942957199636, 8.829444666159054, -2.976552155739712], 3, 1.399826731195921e-10, 1.864806579742385e-22

20, 15, 18, [-4.839683881448974, 6.851516756992545, 0.16124338848844358, -4.435099170563617, -2.772641857283783, 1.6163681716115423, 4.109818054059711, 2.7211545826836043, -1.1373094430197326, -4.164857342590446, -3.701993988418162, 0.1994693741504693, 4.432708723244932, 4.80334934467536, -0.2527232223065331, -6.327284186026098, -4.1169743268483865, 8.829565627927469, -2.976599534163571], 2, 1.5095717341555404e-10, 2.2324841289343177e-22

20, 15, 18, [-4.839670577281337, 6.851470644438198, 0.1612680764886702, -4.435054460018463, -2.7726384365272296, 1.6163244258260017, 4.109768922985315, 2.7211472270869086, -1.1372621996231502, -4.164788998847095, -3.701961782248716, 0.19942868738656308, 4.432616716728469, 4.80328537958619, -0.25267965011301385, -6.3271508676471955, -4.116922783173534, 8.82936984783531, -2.9765231016554514], 3, 1.1392819413727744e-10, 1.7234429624325872e-22

20, 15, 18, [-4.839670486831148, 6.851470176996526, 0.16126855296180226, -4.435053953828516, -2.7726386819023983, 1.6163236018298843, 4.1097683253930155, 2.721147524991754, -1.1372610658163407, -4.16478785526645, -3.701961666314892, 0.1994273665422983, 4.432614753450178, 4.803284516584856, -0.2526780569542235, -6.327147767861527, -4.116922180839024, 8.829364896780392, -2.9765209286821337], 3, 1.1417544146941559e-10, 1.676946295866377e-22

20, 15, 18, [-4.839676315493952, 6.851490582968913, 0.16125732425214295, -4.435073807088527, -2.7726398148914204, 1.6163434716562592, 4.109790192586291, 2.7211502660009597, -1.1372828615794341, -4.164818699589042, -3.7019756124043304, 0.1994466227438742, 4.432656869467176, 4.803313090646999, -0.2526989422347363, -6.327209163969637, -4.116945069221181, 8.82945564084097, -2.9765567034968954], 3, 1.1296894779849357e-10, 1.667368232803333e-22

20, 15, 18, [-4.839676237460308, 6.8514899814877355, 0.16125813925413243, -4.435073113718593, -2.7726403880854105, 1.6163420712433565, 4.109789347644377, 2.721151003661942, -1.1372808023554528, -4.164816833381154, -3.701975688008794, 0.19944406243571436, 4.432653396662582, 4.80331182114164, -0.2526957730973918, -6.327203532630954, -4.116944268403744, 8.829446425508225, -2.976552540682653], 2, 1.5148353643364835e-10, 2.231777590909301e-22

20, 15, 18, [-4.839675003860704, 6.851485849206615, 0.16126012807931123, -4.435069149200263, -2.7726397901719944, 1.616338528064175, 4.1097850181893465, 2.7211499337952407, -1.1372772466271088, -4.164811139472066, -3.7019725220353985, 0.19944141129214427, 4.432646222052149, 4.8033062376543105, -0.25269318454903283, -6.327193473421407, -4.1169396393095266, 8.829432196609975, -2.97654730509284], 2, 1.537141973876653e-10, 2.2621817912842316e-22

20, 15, 18, [-4.839677758690882, 6.851495428882182, 0.16125495829741365, -4.435078451357263, -2.772640456027665, 1.6163476846528255, 4.109795253265138, 2.7211514118173867, -1.1372871674586034, -4.164825425592397, -3.7019792042278676, 0.19944998850736953, 4.432665501787028, 4.803319591689903, -0.25270237134711565, -6.327221420773814, -4.116950399411831, 8.829473247205543, -2.976563340022586], 3, 1.1104243995739354e-10, 1.64955668268325e-22

20, 15, 18, [-4.8396692253975395, 6.851465866192867, 0.1612707632724382, -4.435049791337669, -2.7726382330595594, 1.6163196774548023, 4.109763762121927, 2.7211466533798525, -1.1372569494157276, -4.164781654107202, -3.7019585271773483, 0.19942400728081225, 4.432606626680615, 4.803278598498708, -0.2526745733818096, -6.327136145145699, -4.116917353730921, 8.829348074059162, -2.976514504955139], 2, 1.5298726160057686e-10, 2.253855815158197e-22

20, 15, 15, [-5.69177280829337, 10.775676004427735, -4.423155457050113, -6.976639645236942, 1.2852461641183177, 6.849356748090381, 3.4454330588177218, -4.196893275622914, -7.029477078795612, -1.271494978515688, 6.909714224915766, 6.522554075991578, -4.782341342345951, -10.108458528551184, 10.433750311892867, -2.741470169020178], 3, 6.668894294716496e-11, 1.0974260435377158e-22

