14, 18, 6, [-10.290662111277175, 39.48297581551049, -57.28072468211049, -34.514112341748884, 220.9636115946521, -267.5243351334078, 110.94810647263321], 50, 4.1336681051755004e-09, 4.6317593188921315e-21

14, 18, 6, [-10.29065017664592, 39.48287948442718, -57.28048134373901, -34.51411544212893, 220.96263226002054, -267.5227523806887, 110.94730847308229], 40, 4.224363246728939e-09, 4.733130602436285e-21

14, 18, 5, [-11.976429850360844, 59.81071658810731, -159.40633539100764, 239.1037030906655, -191.36363376857602, 63.83854806040811], 50, 1.2292683693558126e-08, 1.375353663446682e-20

14, 18, 5, [-11.976431859821165, 59.810736460765916, -159.40641398036635, 239.10385844062233, -191.36378726435316, 63.83860870719719], 50, 1.2305639835206697e-08, 1.37680921229705e-20

14, 18, 6, [-10.290656199287524, 39.482928154492726, -57.28060447285326, -34.514113578203094, 220.96312799929348, -267.52355483124, 110.94771357848063], 15, 4.239750819244695e-09, 4.750260485297891e-21

14, 18, 6, [-10.29065647048574, 39.482930193352, -57.28060915696426, -34.51411424029965, 220.96314637065547, -267.5235815187153, 110.94772582372092], 35, 4.2351784614435055e-09, 4.7452286762226195e-21

14, 18, 6, [-10.290648718299236, 39.48286779523896, -57.28045206813408, -34.51411542844312, 220.96251469529474, -267.52256397289045, 110.94721411705893], 50, 4.1369647750233604e-09, 4.63543394757019e-21

14, 18, 5, [-11.976427718369456, 59.81069463044373, -159.40624499056074, 239.1035171141243, -191.3634425818814, 63.838469488501026], 20, 1.2268906953278856e-08, 1.37272554516051e-20

14, 18, 5, [-11.976433619770111, 59.81075424284335, -159.40648582087888, 239.10400350870603, -191.36393368113613, 63.8386677976573], 30, 1.2317648526206042e-08, 1.3781534652265526e-20

14, 18, 5, [-11.976442246515745, 59.810841353697285, -159.40683764945302, 239.1047139580167, -191.364650943107, 63.838957435146064], 50, 1.2314221773205658e-08, 1.377720432720098e-20

14, 18, 6, [-10.290657625037346, 39.482939478048024, -57.28063250047825, -34.51411411882613, 220.9632402014952, -267.52373240909594, 110.9478015865886], 50, 4.149765139202853e-09, 4.649744014912694e-21

14, 18, 6, [-10.290651434823124, 39.48288956149068, -57.280506557044866, -34.51411549355165, 220.9627334850592, -267.5229144330429, 110.94738955922092], 40, 4.197309324275369e-09, 4.702903120598653e-21

14, 18, 6, [-10.29066031776437, 39.48296117900156, -57.28068721307015, -34.51411358650862, 220.9634602869604, -267.5240874085953, 110.9479802906732], 30, 4.240717739312914e-09, 4.751403822272527e-21

14, 18, 5, [-11.976435987422514, 59.81077788842941, -159.4065802760156, 239.10419215824177, -191.36412206417802, 63.838743042190124], 15, 1.2275181056239519e-08, 1.3732894091538385e-20

14, 18, 5, [-11.976438036194324, 59.81079853878765, -159.40666352079424, 239.1043599196451, -191.36429108218113, 63.83881114577868], 30, 1.230769212788355e-08, 1.377038188067767e-20

14, 18, 6, [-10.290663356898403, 39.48298560720857, -57.28074860602289, -34.51411328564989, 220.9637070475067, -267.52448422941194, 110.94817957244946], 40, 4.221146794402217e-09, 4.729534832328238e-21

14, 18, 6, [-10.290656613643588, 39.4829313356346, -57.28061199747681, -34.51411427939353, 220.9631577524508, -267.5235995766919, 110.9477347825026], 30, 4.238023606996146e-09, 4.748415874195923e-21

14, 18, 5, [-11.976418716409691, 59.81060430220208, -159.40588248723594, 239.10278981605035, -191.36271308246768, 63.83817684452486], 50, 1.2318571646580228e-08, 1.3782059895809614e-20

14, 18, 6, [-10.29065348740452, 39.48290619209637, -57.28054876311865, -34.51411465165932, 220.96290354904318, -267.52319055016056, 110.9475292853887], 50, 4.097482786597388e-09, 4.591354787004872e-21

14, 18, 6, [-10.290661581564176, 39.482971411353184, -57.280713161909034, -34.514113094204816, 220.96356482774158, -267.5242570550258, 110.94806611133806], 50, 4.1592734875768016e-09, 4.660343693668177e-21

14, 18, 6, [-10.290665278876697, 39.483000933004696, -57.28078673265396, -34.51411371640886, 220.96385988148614, -267.52472738795973, 110.94830060693208], 50, 4.179393606996431e-09, 4.682813701600719e-21

14, 18, 6, [-10.290657573084872, 39.48293919976828, -57.28063224051821, -34.51411342890999, 220.96323961640567, -267.52373437888014, 110.94780376781914], 40, 4.22760643594633e-09, 4.736722337732716e-21

14, 18, 6, [-10.290649410532396, 39.482873349878595, -57.28046599856039, -34.5141154062074, 220.96257065618016, -267.52265377199217, 110.94725913510932], 40, 4.2031266812865585e-09, 4.709434299938018e-21

14, 18, 5, [-11.976430192517707, 59.81072002325404, -159.40634918501198, 239.1037307835843, -191.36366156433425, 63.83855921895661], 35, 1.2293691066467264e-08, 1.375435969268388e-20

14, 18, 6, [-10.290663343510944, 39.48298549937113, -57.28074833160806, -34.51411329611177, 220.96370593843807, -267.5244823922856, 110.94817862152973], 35, 4.230590965747335e-09, 4.7400567032834155e-21

14, 18, 5, [-11.976443987851265, 59.81085862699225, -159.4069061701205, 239.10484983053846, -191.36478562380975, 63.839010821821276], 35, 1.2310359121838901e-08, 1.3773005594160858e-20

14, 18, 6, [-10.290650688677335, 39.48288387307775, -57.280493228575864, -34.514114047093436, 220.96268091887777, -267.5228362236916, 110.94735285395771], 50, 4.077772737719335e-09, 4.5692979456335725e-21

14, 18, 6, [-10.29065420734313, 39.48291191638021, -57.28056295122137, -34.5141148952769, 220.96296036784693, -267.52328059721935, 110.947573961864], 50, 4.13954414601168e-09, 4.638307823463271e-21

14, 18, 6, [-10.290657082288996, 39.48293519018314, -57.28062195790563, -34.51411380551824, 220.9631980697956, -267.5236661828259, 110.94776894900355], 40, 4.2209809618699805e-09, 4.7293628908257165e-21

14, 18, 6, [-10.2906538093084, 39.482908922257415, -57.28055606671001, -34.514113932226174, 220.96293335980442, -267.52324131877094, 110.94755591825775], 50, 4.084186644589868e-09, 4.576441712951992e-21

