14, 18, 9, [-7.306902168745229, 14.817414813492677, 5.133659213566843, -27.71045003904884, -37.65048540553296, 35.15511149268695, 154.73778980736236, 38.4451487447043, -560.8796109919261, 412.65455891631456], 20, 8.366257150068388e-07, 2.1926796930235175e-19

14, 18, 9, [-7.306886490403631, 14.817299357296905, 5.133871328274882, -27.710203206488913, -37.65116577697558, 35.15379878532078, 154.73983966352904, 38.45165514077796, -560.8941134942324, 412.662496200059], 4, 8.378636591776019e-07, 2.1973885450022575e-19

14, 18, 9, [-7.306905530396337, 14.81743963377188, 5.133613418587925, -27.710502978294222, -37.650338056959, 35.15539417774388, 154.7373440708415, 38.4437430255993, -560.8764633209477, 412.65283127056097], 3, 8.378315447973956e-07, 2.1965979203365343e-19

14, 18, 9, [-7.306899868295031, 14.817398152935041, 5.133688984149234, -27.710413897590904, -37.65057894512205, 35.15492417599308, 154.73806403032796, 38.44605765157777, -560.8815761998941, 412.6556138393743], 2, 8.367378721721956e-07, 2.1939369763353897e-19

14, 18, 9, [-7.306886997652128, 14.81730275364928, 5.133866085304542, -27.71021106591526, -37.65115123988702, 35.15383479325444, 154.7398045591087, 38.45149928611981, -560.8938353473623, 412.6623671950535], 4, 8.380082980727563e-07, 2.197406572885484e-19

14, 18, 9, [-7.306907992796688, 14.81745739015963, 5.133581898754307, -27.710541592379005, -37.650239461242684, 35.15559314240482, 154.737056498819, 38.44278164741619, -560.8743958516018, 412.65172487713653], 2, 8.367173150406064e-07, 2.19346156392312e-19

14, 18, 9, [-7.306903381853046, 14.817423912537977, 5.133641986040923, -27.710469151548313, -37.65042892105678, 35.15521614086276, 154.7376146807596, 38.44461761214845, -560.8783873320432, 412.6538753444192], 25, 8.360700921527415e-07, 2.188536871493584e-19

14, 18, 9, [-7.306900399766414, 14.817401824763634, 5.1336829510883195, -27.710422176869873, -37.65056122705553, 35.15496406271945, 154.73801688143465, 38.44587616357171, -560.8812212918104, 412.6554362315088], 2, 8.378541526078678e-07, 2.196948982278597e-19

14, 18, 9, [-7.306891199922111, 14.817333638582573, 5.133809535742994, -27.710277228073455, -37.650970323929386, 35.15418552331829, 154.73926143029385, 38.44976572519884, -560.889987000573, 412.6602665253384], 20, 8.361763673590966e-07, 2.1885547063005427e-19

14, 18, 9, [-7.3069092118146735, 14.817466658537013, 5.133564001023429, -27.710560865923828, -37.65018003099562, 35.15570071568493, 154.73686957604826, 38.442228240421734, -560.8730994118707, 412.6509939164421], 2, 8.360221035470481e-07, 2.1912363581467776e-19

14, 18, 9, [-7.306900462085975, 14.817401927706515, 5.13368379883952, -27.7104230052106, -37.65056629423795, 35.154962457971585, 154.7380409787155, 38.44590728298856, -560.881360790987, 412.6555358556388], 2, 8.36587313566115e-07, 2.1933912931410106e-19

14, 18, 9, [-7.306894775794165, 14.817360587065016, 5.133758194711103, -27.710333710378393, -37.65080140157118, 35.154496580848324, 154.73873606315385, 38.44818162754595, -560.8863248852095, 412.65821774097526], 2, 8.369321381219107e-07, 2.191287651493625e-19

14, 18, 9, [-7.306899977965866, 14.817398843142204, 5.133688066054918, -27.710415589402682, -37.650576811691074, 35.15493113212194, 154.73806074110993, 38.44603127048771, -560.8815424324555, 412.6556038252074], 25, 8.373775605131856e-07, 2.1961365265350643e-19

14, 18, 9, [-7.30690754242919, 14.817454518784373, 5.13358586466235, -27.7105346666485, -37.65024918538871, 35.155563916738465, 154.7370743614339, 38.44289676774188, -560.8745613563834, 412.6517848887325], 20, 8.361257785616931e-07, 2.189223706291956e-19

14, 18, 9, [-7.306909170008097, 14.817466327898476, 5.133564690704002, -27.710560230344097, -37.65018246851457, 35.15569683566515, 154.7368779613578, 38.44224989599003, -560.8731562524752, 412.65102825611496], 25, 8.361424151564746e-07, 2.1890927017560025e-19

14, 18, 9, [-7.306911442776971, 14.817483291173621, 5.133532846665552, -27.71059606885552, -37.65007874002402, 35.15589139833203, 154.73655923390857, 38.4412696465462, -560.8709216205908, 412.6497882562195], 4, 8.378150704938328e-07, 2.1972190098907374e-19

14, 18, 9, [-7.3069038622440905, 14.817427643209285, 5.133634577004096, -27.7104768118055, -37.65040391652173, 35.15526008599222, 154.73753476631165, 38.44438765574557, -560.8778385085315, 412.65356309294566], 20, 8.365779585705141e-07, 2.192763787406903e-19

14, 18, 9, [-7.306902302687069, 14.817415645983145, 5.133658126482887, -27.71045207038391, -37.650482906521354, 35.155119741309555, 154.73778593127219, 38.44511754155164, -560.8795703811061, 412.6545461825196], 3, 8.377183607724178e-07, 2.1966971385215473e-19

14, 18, 9, [-7.30690500181662, 14.817435978458553, 5.133619431526657, -27.710494734076864, -37.650355723697245, 35.15535442156165, 154.7373910539489, 38.44392393594872, -560.8768167156909, 412.65300782966375], 2, 8.362883652701517e-07, 2.1896924620763853e-19

14, 18, 9, [-7.306906194298958, 14.817444726552054, 5.133603438649304, -27.71051345649926, -37.650304559576874, 35.155453560384004, 154.7372371875893, 38.443433650583295, -560.8757258041059, 412.6524109681651], 20, 8.365659658978625e-07, 2.192935441649928e-19

14, 18, 9, [-7.306901741735408, 14.817411594263424, 5.133665341590911, -27.71044327724654, -37.650505536681926, 35.15507430102216, 154.73785221382568, 38.445337736064815, -560.8800461698826, 412.6548016697103], 4, 8.379878576733898e-07, 2.197933566500827e-19

14, 18, 9, [-7.306896919408831, 14.817375677787922, 5.133732535776273, -27.71036724495896, -37.650723878475425, 35.154662893803795, 154.7385209907222, 38.44740499301177, -560.884741510412, 412.6574012250828], 2, 8.358804927618595e-07, 2.1901324899229046e-19

14, 18, 9, [-7.306903299682488, 14.817423230480271, 5.133643484030247, -27.710467867174955, -37.65043433167435, 35.1552078602764, 154.73763351355007, 38.44466489369221, -560.8785132164451, 412.6539515467983], 3, 8.376327381772247e-07, 2.1953578873723507e-19

14, 18, 9, [-7.3068974300815555, 14.81738017639698, 5.133722073347523, -27.710375503029216, -37.650685224323546, 35.15471961890247, 154.73838477162923, 38.447072948101486, -560.8838435045626, 412.65685613921835], 2, 8.354139666064965e-07, 2.193728393841619e-19

14, 18, 9, [-7.306899362613003, 14.817394013612608, 5.133697825028263, -27.71040581077483, -37.650610165820694, 35.154873964566185, 154.7381691730476, 38.44633509437963, -560.8822830707479, 412.6560306819154], 4, 8.383024559308682e-07, 2.197330412563353e-19

14, 18, 9, [-7.306906277138687, 14.817445865689473, 5.1335997986821855, -27.71051497579906, -37.65028936610732, 35.1554706176789, 154.73717811258157, 38.44331432531199, -560.8753541161797, 412.65217233146024], 4, 8.377190214251917e-07, 2.1975342557352035e-19

14, 18, 9, [-7.306910662497439, 14.817478262847969, 5.133539962583598, -27.710584027944396, -37.6500966815277, 35.15583970780598, 154.73659453309617, 38.4414772659867, -560.8712348154144, 412.64990924356186], 2, 8.353747447414948e-07, 2.1916008611326165e-19

14, 18, 9, [-7.3069049288082315, 14.81743520494461, 5.133621532124009, -27.7104934682098, -37.650363981804865, 35.15534376206729, 154.7374215624339, 38.443991675686206, -560.8770122714454, 412.65312947300083], 2, 8.37740393104924e-07, 2.192648842856102e-19

14, 18, 9, [-7.306904124371745, 14.817428831316766, 5.1336345845129845, -27.71048067839103, -37.65040897073873, 35.15526791348754, 154.73756926740847, 38.444398854696054, -560.8780171201226, 412.6537125607469], 25, 8.369043306855919e-07, 2.194104273652556e-19

14, 18, 9, [-7.306912170845746, 14.817488944165643, 5.133521617744203, -27.710607667653246, -37.65004082659243, 35.15595796289177, 154.73643794274838, 38.44092108495715, -560.8700886878217, 412.6493139338073], 25, 8.361929344001233e-07, 2.189006406658594e-19

