14, 18, 7, [-15.482804462554181, 105.42094882542422, -411.9092624026276, 1009.3500693947914, -1587.272564108875, 1563.4387182781022, -881.4582850442038, 217.69783287605725], 50, 2.2114459932454926e-06, 4.615832032959236e-19

14, 18, 7, [-15.482804500828696, 105.42094925923831, -411.90926438369075, 1009.3500739005096, -1587.272568888264, 1563.4387189072809, -881.4582820515209, 217.69783104665348], 50, 2.2198467046638696e-06, 4.626449404153609e-19

14, 18, 7, [-15.48280365000287, 105.42093708601581, -411.90918985989794, 1009.3498208472294, -1587.272054157125, 1563.4380917137248, -881.4578581607383, 217.69770846184622], 50, 2.159083688425234e-06, 4.528544585472675e-19

14, 18, 7, [-15.482803630698772, 105.4209367712242, -411.90918765207203, 1009.3498122524913, -1587.272034160095, 1563.438063956705, -881.4578368996505, 217.69770153263167], 40, 2.2568177124772866e-06, 4.690892291267656e-19

14, 18, 7, [-15.482804454915422, 105.42094856879972, -411.9092599184016, 1009.3500578191281, -1587.272534093222, 1563.43867371865, -881.4582494613113, 217.69782098443991], 40, 2.225849312079287e-06, 4.638419482300978e-19

14, 18, 7, [-15.482805731925952, 105.42096665539412, -411.90936957591003, 1009.350426745897, -1587.2732779380908, 1563.4395725148822, -881.4588520891534, 217.69799394141924], 40, 2.2274685315679556e-06, 4.640668724331184e-19

14, 18, 7, [-15.482803279619809, 105.4209317779325, -411.90915726349294, 1009.3497096641753, -1587.2718266725167, 1563.4378125296382, -881.4576678739202, 217.69765289989175], 50, 2.2613102163884007e-06, 4.696656119556992e-19

14, 18, 7, [-15.482804726129743, 105.42095235207518, -411.9092825387331, 1009.3501329764684, -1587.2726839813113, 1563.4388531669456, -881.458368890712, 217.69785507374027], 50, 2.1747511092678254e-06, 4.552672657821904e-19

14, 18, 7, [-15.48280399998347, 105.4209420595881, -411.9092201115005, 1009.3499229415974, -1587.2722606314862, 1563.4383419527944, -881.458026450803, 217.6977569108737], 50, 2.125531580560806e-06, 4.472988364195231e-19

14, 18, 7, [-15.482803866408862, 105.42094040863988, -411.90921151595796, 1009.3498986169807, -1587.2722205088962, 1563.4383038306735, -881.4580075483684, 217.69775331340884], 40, 2.253203406779499e-06, 4.68306587582801e-19

14, 18, 7, [-15.482805398430452, 105.42096204443777, -411.9093422794712, 1009.3503370569551, -1587.273101289207, 1563.4393639614138, -881.4587154332143, 217.69795560315634], 50, 2.0968371956588276e-06, 4.426193142905948e-19

14, 18, 7, [-15.482804059999582, 105.42094301123988, -411.90922648113417, 1009.3499463258723, -1587.2723115764202, 1563.4384079055376, -881.4580734785585, 217.6977711711049], 50, 2.2110521143078093e-06, 4.615227973977044e-19

14, 18, 7, [-15.482804029400848, 105.42094249717, -411.90922286455185, 1009.3499324463825, -1587.2722800889285, 1563.438365575828, -881.4580421993567, 217.69776135664813], 50, 2.1443831800292147e-06, 4.50653691411513e-19

14, 18, 7, [-15.482804099867623, 105.42094363212784, -411.90923058636855, 1009.3499612879727, -1587.272344079812, 1563.4384500322042, -881.4581036626008, 217.69778039983518], 50, 2.18708968604061e-06, 4.574906823201263e-19

14, 18, 7, [-15.48280393494994, 105.42094115253732, -411.9092146664243, 1009.3499046964145, -1587.2722237664668, 1563.4382970309687, -881.457995885171, 217.69774795420182], 50, 2.1717848580940215e-06, 4.548305214599685e-19

14, 18, 7, [-15.482804209482175, 105.42094500611677, -411.9092378236708, 1009.3499819232743, -1587.2723781256934, 1563.4384819479856, -881.4581188191931, 217.69778294116014], 6, 2.2672311422011586e-06, 4.77812514978991e-19

14, 18, 7, [-15.482805095698811, 105.42095755273554, -411.90931384909334, 1009.3502375156569, -1587.2728930289024, 1563.4391035329193, -881.4585351685457, 217.69790231333633], 40, 2.229755637335572e-06, 4.646831115384954e-19

14, 18, 7, [-15.482803579277507, 105.42093632360212, -411.90918667758564, 1009.3498149447054, -1587.2720518498265, 1563.4381003978185, -881.4578715903946, 217.6977144744147], 40, 2.2313404791951917e-06, 4.646137020500397e-19

14, 18, 7, [-15.482805195735235, 105.42095906871666, -411.90932363718906, 1009.3502724369887, -1587.2729674121535, 1563.4391981573103, -881.4586017541358, 217.69792231257912], 40, 2.257494611522298e-06, 4.694583101452017e-19

14, 18, 7, [-15.482802678299187, 105.4209234817984, -411.90910832510997, 1009.3495496661798, -1587.2715135777373, 1563.4374458272491, -881.4574298704313, 217.69758686745453], 50, 2.1335757124516585e-06, 4.486974444002402e-19

14, 18, 7, [-15.482803235619574, 105.42093127594352, -411.90915499030467, 1009.3497047240777, -1587.2718223976979, 1563.4378144973623, -881.4576741448495, 217.69765616710663], 40, 2.2282914556430873e-06, 4.641411038601195e-19

14, 18, 7, [-15.482804512775969, 105.4209494726798, -411.90926595036615, 1009.3500801041496, -1587.272583309683, 1563.4387386850035, -881.4582969162492, 217.69783578093748], 30, 2.263808259892119e-06, 4.702898480947909e-19

14, 18, 7, [-15.482803007621413, 105.42092802063173, -411.9091350974577, 1009.3496372798974, -1587.2716853867541, 1563.4376477241929, -881.4575615207896, 217.69762361609023], 35, 2.2563264577034203e-06, 4.689477195335782e-19

14, 18, 7, [-15.482804610682786, 105.4209507044238, -411.9092724646144, 1009.3500987656345, -1587.2726142847387, 1563.4387679742547, -881.4583110328242, 217.69783823016905], 50, 2.2346864517138447e-06, 4.653329976950201e-19

14, 18, 7, [-15.482804155271022, 105.42094439023373, -411.9092349913213, 1009.3499753579107, -1587.272370714903, 1563.438479846434, -881.4581218757924, 217.69778506236366], 50, 2.2052387514838978e-06, 4.6051433649310825e-19

14, 18, 7, [-15.48280346066284, 105.42093432560334, -411.9091726302142, 1009.349761167318, -1587.2719302706498, 1563.4379376003662, -881.4577517876517, 217.69767703688558], 50, 2.256547849471248e-06, 4.691140503302119e-19

14, 18, 7, [-15.482804305000045, 105.42094655217485, -411.90924836483396, 1009.350021297303, -1587.272465351081, 1563.438596751197, -881.4582020543452, 217.69780861305168], 50, 2.118730602088693e-06, 4.4598467006766e-19

14, 18, 7, [-15.482804579633857, 105.42095048618879, -411.90927247335213, 1009.3501032336255, -1587.2726321492776, 1563.4388001407394, -881.4583396097335, 217.69784841889157], 50, 2.169465015724171e-06, 4.546452901721556e-19

14, 18, 7, [-15.482804198196218, 105.42094488514718, -411.9092373396052, 1009.3499811794345, -1587.27237850175, 1563.4384847798387, -881.4581223862309, 217.69778446506666], 50, 2.1738701830532072e-06, 4.553361860751449e-19

14, 18, 7, [-15.482805729571218, 105.42096675296102, -411.90937096109377, 1009.3504340758006, -1587.2732980991295, 1563.4396033797364, -881.4588771460901, 217.69800238591571], 40, 2.222576636999146e-06, 4.632443733236745e-19

