15, 17, 12, [17296.836365716183, -53710.854923955056, 9644.36119228461, 64941.482902328695, 41212.92276936619, -46841.5314916939, -115731.25879108503, -71072.01706322448, 98962.00505837209, 236889.0736569338, 52323.7426772441, -465418.6672849166, 231705.5403631054], 2, 0.0014179219434791136, 7.205844310596249e-12

15, 17, 11, [26776.96064791407, -93719.0507865113, 41194.60106293113, 116875.14352433747, 23165.608933646556, -144462.62698734333, -178727.4211327294, 45602.9105454521, 344673.07916672155, 185439.75580759358, -656182.7244935037, 289539.16757546406], 20, 0.0014148026095324538, 7.069522250345461e-12

15, 17, 12, [17296.836357249595, -53710.854897401456, 9644.36118718148, 64941.48286994873, 41212.92274927362, -46841.53146764239, -115731.25873302855, -71072.01702841374, 98962.00500738053, 236889.07353740203, 52323.742652418834, -465418.66704825254, 231705.54024424523], 4, 0.001419118607347587, 7.210368943994425e-12

15, 17, 12, [17296.836361228514, -53710.854909676826, 9644.36118927493, 64941.48288470665, 41212.9227588017, -46841.53147803714, -115731.25875920833, -71072.01704481612, 98962.00502923198, 236889.0735907052, 52323.74266485353, -465418.66715216, 231705.54029549455], 2, 0.0014181083791637485, 7.2098991712028655e-12

15, 17, 13, [11500.517690863433, -31872.619184446852, -1395.9902797824625, 35089.24512903125, 35475.911571667515, -6162.416928382309, -59380.73002916492, -73183.74942227795, -10509.776001315402, 105171.0899414677, 157960.19292209318, -11705.652828597487, -341507.0649072449, 190752.96170378415], 12, 0.0014876329879753576, 7.496389987830188e-12

15, 17, 11, [26776.960654550865, -93719.05081015677, 41194.601073925296, 116875.14355412907, 23165.608938657675, -144462.62702538227, -178727.42117838576, 45602.91055920902, 344673.0792577026, 185439.75585426175, -656182.7246685098, 289539.1676540319], 15, 0.001426770916857319, 7.094847317518016e-12

15, 17, 12, [17296.83636003526, -53710.85490598753, 9644.361188634795, 64941.48288026273, 41212.922755948515, -46841.53147488265, -115731.25875131326, -71072.01703990104, 98962.00502259083, 236889.07357460333, 52323.74266116037, -465418.6671206945, 231705.54027992964], 2, 0.0014188419860044425, 7.203236642607011e-12

15, 17, 12, [17296.836368582113, -53710.85493298821, 9644.36119408221, 64941.482913391046, 41212.92277614137, -46841.53150004816, -115731.25881098559, -71072.01707498031, 98962.0050761413, 236889.07369806082, 52323.74268542966, -465418.6673667842, 231705.5404044778], 11, 0.0014198245660249392, 7.2148489308882e-12

15, 17, 12, [17296.83636705309, -53710.85492825104, 9644.361193246152, 64941.48290767448, 41212.92277249233, -46841.53149595751, -115731.25880081391, -71072.01706869158, 98962.00506751283, 236889.07367727748, 52323.74268075407, -465418.66732605523, 231705.5403842622], 6, 0.0014195333725489678, 7.212909519571922e-12

15, 17, 12, [17296.836362607395, -53710.854913834184, 9644.36118985501, 64941.48288960284, 41212.9227621459, -46841.5314812052, -115731.25876775547, -71072.01705052493, 98962.00503579169, 236889.0736078063, 52323.742669538486, -465418.6671846626, 231705.54031103774], 6, 0.0014191067317759318, 7.211945342001083e-12

15, 17, 11, [26776.960649831693, -93719.05079353704, 41194.60106648162, 116875.14353332597, 23165.60893472708, -144462.62699940515, -178727.42114653898, 45602.91055066251, 344673.07919570344, 185439.75582133775, -656182.724550184, 289539.1676015958], 25, 0.0014065196647797286, 7.052549599413209e-12

15, 17, 12, [17296.836367117867, -53710.85492808843, 9644.361192737084, 64941.48290709712, 41212.92277280091, -46841.53149450729, -115731.25879927345, -71072.01706903808, 98962.00506410073, 236889.07367302728, 52323.7426823315, -465418.6673147012, 231705.5403768699], 9, 0.001419480503523383, 7.214802570026608e-12

15, 17, 12, [17296.83637045038, -53710.85493887898, 9644.361195256844, 64941.48292060724, 41212.922780558176, -46841.531505501975, -115731.25882396942, -71072.01708264576, 98962.0050877412, 236889.0737248967, 52323.742690764055, -465418.6674202104, 231705.54043148068], 3, 0.0014192218112984284, 7.212447179265243e-12

15, 17, 12, [17296.83635601773, -53710.85489330765, 9644.361186092874, 64941.48286471781, 41212.92274645012, -46841.531463109815, -115731.25872333028, -71072.01702340551, 98962.00499755284, 236889.0735167478, 52323.74264969733, -465418.66700547986, 231705.5402216818], 9, 0.0014199437382107734, 7.215856804442585e-12

15, 17, 12, [17296.836362047492, -53710.85491219186, 9644.361189690031, 64941.48288771842, 41212.92276076403, -46841.53148013139, -115731.25876453664, -71072.01704818524, 98962.00503363169, 236889.07360152976, 52323.74266743105, -465418.6671732065, 231705.5403058455], 4, 0.001419472219278845, 7.21190280692793e-12

15, 17, 13, [11500.517691952247, -31872.619187614706, -1395.9902797391294, 35089.245132706244, 35475.91157511897, -6162.416929446873, -59380.73003567977, -73183.74942977975, -10509.776001631022, 105171.08995358356, 157960.19293909124, -11705.652831256613, -341507.06494597154, 190752.96172640598], 12, 0.0014952577553030925, 7.511857883572888e-12

15, 17, 13, [11500.517709227088, -31872.619236131697, -1395.9902810993674, 35089.245186915665, 35475.911628832066, -6162.416940695086, -59380.73012863564, -73183.74954219178, -10509.77601469801, 105171.09012050806, 157960.19318498223, -11705.652855022492, -341507.06548534083, 190752.96203151785], 11, 0.0014914276794244863, 7.504033563429438e-12

15, 17, 12, [17296.836376153795, -53710.85495666158, 9644.36119853932, 64941.48294218332, 41212.92279413281, -46841.53152124374, -115731.25886251265, -71072.01710610608, 98962.00512102983, 236889.07380395857, 52323.74270785135, -465418.66757596016, 231705.54050925345], 2, 0.0014194218451225242, 7.20463001401035e-12

15, 17, 12, [17296.836366361124, -53710.85492591642, 9644.361192581318, 64941.48290465691, 41212.92277092301, -46841.531493251525, -115731.25879517452, -71072.01706589073, 98962.00506161676, 236889.07366517177, 52323.742679371026, -465418.66730072926, 231705.54037076002], 5, 0.0014194716945800693, 7.212320521642572e-12

15, 17, 13, [11500.51769408397, -31872.619193427185, -1395.9902801090766, 35089.24513898707, 35475.911581637105, -6162.416930282652, -59380.73004612004, -73183.74944298426, -10509.776004016156, 105171.0899717019, 157960.19296707446, -11705.65283242755, -341507.06500519207, 190752.96175884252], 15, 0.001473137288473727, 7.467600383741862e-12

15, 17, 13, [11500.517701959117, -31872.61921566459, -1395.9902805903093, 35089.24516398028, 35475.91160619878, -6162.416935790086, -59380.73008920411, -73183.74949468773, -10509.776009441133, 105171.09004950325, 157960.1930807907, -11705.652844474393, -341507.0652561205, 190752.9619015209], 6, 0.0015044436204422434, 7.52958622505876e-12

15, 17, 13, [11500.517712901505, -31872.619246520095, -1395.9902813094086, 35089.24519860686, 35475.91164030081, -6162.41694330386, -59380.73014881226, -73183.74956636531, -10509.776017176493, 105171.09015698475, 157960.19323821113, -11705.65286076262, -341507.0656029375, 190752.96209845104], 12, 0.0014817475768486945, 7.484649809235861e-12

15, 17, 13, [11500.517696520126, -31872.619200475485, -1395.9902800599507, 35089.245147115944, 35475.91158933817, -6162.416932530726, -59380.73006045515, -73183.74945962158, -10509.77600492091, 105171.08999821184, 157960.19300455615, -11705.652837921256, -341507.065090056, 190752.96180815765], 11, 0.0014918809270701948, 7.504819931562086e-12

15, 17, 12, [17296.836369177883, -53710.85493478199, 9644.361194331123, 64941.482915501416, 41212.922777582804, -46841.53150141406, -115731.25881466866, -71072.01707743613, 98962.00507897726, 236889.07370543608, 52323.742687432976, -465418.66738083086, 231705.54041121496], 8, 0.0014193703273767417, 7.213799623968349e-12

15, 17, 12, [17296.836364387767, -53710.8549199027, 9644.361191655438, 64941.48289750545, 41212.922766163516, -46841.53148843252, -115731.25878259532, -71072.01705773296, 98962.00505156697, 236889.07363979623, 52323.74267290405, -465418.6672519221, 231705.54034707413], 5, 0.0014197438356012076, 7.211487645448912e-12

15, 17, 12, [17296.83637416326, -53710.85495034959, 9644.361197232405, 64941.48293441396, 41212.92278944654, -46841.531515265546, -115731.25884848191, -71072.01709795816, 98962.00510827264, 236889.07377484156, 52323.7427023339, -465418.6675176611, 231705.5404795959], 7, 0.0014195339645235818, 7.214762693286328e-12

15, 17, 13, [11500.517697012896, -31872.619201699796, -1395.9902802857953, 35089.245148287344, 35475.91159077366, -6162.416932336952, -59380.73006215563, -73183.7494622221, -10509.77600602646, 105171.09000066466, 157960.19300939495, -11705.652836924455, -341507.0650985957, 190752.9618119602], 13, 0.0014751325244125686, 7.471468383474384e-12

15, 17, 12, [17296.836368718617, -53710.85493343755, 9644.361194197052, 64941.482913961125, 41212.92277645454, -46841.53150053391, -115731.25881203802, -71072.0170755323, 98962.00507719484, 236889.0737002958, 52323.74268573707, -465418.6673714006, 231705.54040690724], 3, 0.0014193981742480213, 7.2112537756931185e-12

15, 17, 13, [11500.517701045586, -31872.619213064947, -1395.99028055966, 35089.24516103297, 35475.91160334036, -6162.416935079462, -59380.73008408017, -73183.74948861652, -10509.776008922685, 105171.09004015844, 157960.19306731282, -11705.65284282185, -341507.0652260549, 190752.96188426117], 11, 0.0014951470946508777, 7.51152929792895e-12

15, 17, 12, [17296.83635595964, -53710.85489322736, 9644.361186208393, 64941.48286472499, 41212.92274627401, -46841.53146339122, -115731.25872348066, -71072.01702315635, 98962.00499823272, 236889.07351734312, 52323.742649172455, -465418.6670074248, 231705.54022309717], 3, 0.0014190559023577166, 7.208903391402089e-12

