14, 18, 17, [48.052090258556035, -481.1097737357326, 1759.1861396665518, -2837.8018415204197, 1009.0759807651096, 2489.819710404782, -1442.3099952278835, -2760.822214255585, 956.8851983549221, 3308.40035988395, 146.06964401580973, -3659.8708720187747, -1404.3514691611547, 3980.1617510288793, 1944.5458156629784, -5824.885151321719, 3456.9430551655278, -688.9874303416311], 4, 2.607262489741801e-07, 1.2647811942057417e-15

14, 18, 17, [48.05208916847345, -481.10976294175424, 1759.1860974483463, -2837.8017657337728, 1009.075942813707, 2489.819647068929, -1442.3099403603892, -2760.8221399676377, 956.885151405955, 3308.4002594253457, 146.06966056097062, -3659.8707467150157, -1404.3514427334192, 3980.1616032967654, 1944.5457663483198, -5824.884936253467, 3456.9429153978454, -688.9874006050374], 4, 2.608115212727782e-07, 1.265107609655497e-15

14, 18, 17, [48.052092153474035, -481.10979168860587, 1759.1862064491588, -2837.8019537446394, 1009.076026946282, 2489.8198075465434, -1442.3100613588995, -2760.822324679761, 956.885247269059, 3308.4004982563956, 146.0696404374502, -3659.871031518163, -1404.3515210545854, 3980.1619287739218, 1944.5458933311284, -5824.885409891337, 3456.9432126842275, -688.987462287487], 4, 2.614943502853896e-07, 1.2666715733649213e-15

14, 18, 17, [48.052089857026246, -481.10976990143246, 1759.1861251903651, -2837.8018165101107, 1009.0759692652746, 2489.8196893508325, -1442.309978537948, -2760.822190045233, 956.8851844754525, 3308.4003279989884, 146.06964828644124, -3659.870832882093, -1404.3514602219298, 3980.1617050552422, 1944.5457998402353, -5824.885084006452, 3456.9430114101147, -688.9874210006037], 4, 2.6025984571076837e-07, 1.2649896337589338e-15

14, 18, 17, [48.05208968984245, -481.10976834651655, 1759.186119518074, -2837.801807199527, 1009.0759656833642, 2489.8196812586352, -1442.3099733983915, -2760.8221809719607, 956.8851808045792, 3308.4003168503664, 146.06964832617345, -3659.8708201976806, -1404.3514559278015, 3980.1616909452737, 1944.5457935866739, -5824.885063338463, 3456.9429987492663, -688.9874184077436], 3, 2.6067832732119065e-07, 1.2656577548597415e-15

14, 18, 17, [48.052092625255035, -481.1097961711391, 1759.1862231381938, -2837.8019817208174, 1009.0760382132822, 2489.819831967033, -1442.310077398695, -2760.8223524491577, 956.8852586491323, 3308.400532653658, 146.06964068280251, -3659.8710703792685, -1404.3515350546245, 3980.16197115968, 1944.5459134794655, -5824.885471232053, 3456.9432488742373, -688.987469412818], 2, 2.6105251954956536e-07, 1.2668807775397048e-15

14, 18, 17, [48.05208742115391, -481.1097462810191, 1759.1860349443866, -2837.801659314737, 1009.0758968623711, 2489.819555865676, -1442.309874278212, -2760.8220357125588, 956.8851001013977, 3308.400126229811, 146.0696694479718, -3659.8705894519476, -1404.3513974699654, 3980.1614244624643, 1944.5456947760297, -5824.884675544291, 3456.942752411336, -688.9873668457009], 3, 2.6093910260927226e-07, 1.2657249589623482e-15

14, 18, 17, [48.0520908692597, -481.10977989574445, 1759.1861641316518, -2837.8018860317875, 1009.0760035301063, 2489.8197476544897, -1442.3100280154756, -2760.8222582360877, 956.8852263515598, 3308.4004195635575, 146.06963432675042, -3659.8709463150685, -1404.35148519258, 3980.1618382030115, 1944.545845313154, -5824.885277863089, 3456.943136840904, -688.9874476104468], 3, 2.60619191213585e-07, 1.2644141791133513e-15

14, 18, 17, [48.05208806525811, -481.10975286606373, 1759.1860615157404, -2837.801708710983, 1009.0759236930585, 2489.819596504744, -1442.3099131352535, -2760.8220841223, 956.8851348334554, 3308.4001938557867, 146.06965452909816, -3659.870676347786, -1404.3514121872245, 3980.1615289329775, 1944.54572598754, -5824.884827703931, 3456.9428534564995, -688.9873886764472], 3, 2.599769855815981e-07, 1.2651791170042835e-15

14, 18, 17, [48.052089319003976, -481.1097645012478, 1759.186103812539, -2837.8017776777833, 1009.0759493691675, 2489.8196569467996, -1442.3099498208833, -2760.822151821092, 956.8851597640529, 3308.400275971608, 146.06965720991764, -3659.8707677705515, -1404.3514467202851, 3980.161628262185, 1944.5457743536977, -5824.884972375601, 3456.942938886938, -688.9874055842963], 3, 2.612143210424173e-07, 1.2661345525626909e-15

14, 18, 16, [68.64361791124595, -707.3138363540745, 2776.9023999425044, -5114.709336274205, 3136.9861473850233, 3366.206732092397, -4382.608152767894, -3233.0405856766815, 4606.731625374512, 4182.382745704481, -4488.339061626355, -5406.692973686672, 5065.573157503715, 5861.406356592004, -9835.728505233637, 5018.267117359276, -915.6664501055099], 3, 2.0869479733868036e-07, 9.943510970842595e-16

14, 18, 17, [48.05209089785763, -481.1097798600386, 1759.186162715037, -2837.8018808100305, 1009.0759976310057, 2489.819744232974, -1442.3100193914074, -2760.8222529742684, 956.8852167731677, 3308.400409086495, 146.0696415537734, -3659.870929529603, -1404.3514866956561, 3980.1618157353237, 1944.545842724767, -5824.885245394843, 3456.9431131264796, -688.9874421968694], 2, 2.5994004047665686e-07, 1.261948273879159e-15

14, 18, 17, [48.05209003291171, -481.1097712459264, 1759.186128843489, -2837.8018196607363, 1009.0759666063088, 2489.8196932506676, -1442.309974538836, -2760.8221930457303, 956.8851781148699, 3308.4003276553594, 146.06965571296942, -3659.870827467218, -1404.351465926226, 3980.1616949592526, 1944.5458032230456, -5824.885069482797, 3456.942998256113, -688.9874176633521], 4, 2.6033853163681994e-07, 1.2645547236902905e-15

14, 18, 17, [48.052088330652154, -481.10975542476064, 1759.1860712770535, -2837.8017257874276, 1009.0759317914419, 2489.8196108387565, -1442.3099248825108, -2760.822100727472, 956.8851447176111, 3308.4002159540955, 146.06965132277244, -3659.870703640097, -1404.3514182719232, 3980.16156101005, 1944.5457369623336, -5824.884874527704, 3456.9428838114986, -688.9873951302073], 2, 2.6007181527684715e-07, 1.2650821743543606e-15

14, 18, 17, [48.052088980206996, -481.10976192524964, 1759.1860969132586, -2837.8017720990933, 1009.0759551299877, 2489.8196496607816, -1442.3099585130499, -2760.822146416848, 956.8851732693329, 3308.400277655366, 146.0696417293099, -3659.8707801787828, -1404.351435151393, 3980.1616506523474, 1944.5457677910279, -5824.885004707776, 3456.9429676743944, -688.9874128396519], 3, 2.6069690133967306e-07, 1.2656917933858255e-15

14, 18, 17, [48.05208524515091, -481.1097260091296, 1759.1859609010785, -2837.801537741467, 1009.0758503716318, 2489.8194497579593, -1442.3098077465756, -2760.8219164870784, 956.8850535661951, 3308.399980267733, 146.0696674456757, -3659.8704250691017, -1404.3513383888387, 3980.1612441174952, 1944.5456103238614, -5824.884412728472, 3456.942595177988, -688.9873353799369], 2, 2.6080260070176665e-07, 1.267859648483034e-15

14, 18, 17, [48.052093246845594, -481.1098020362673, 1759.1862448851937, -2837.80201818331, 1009.0760532195725, 2489.819863437352, -1442.31009894638, -2760.8223881562362, 956.885274777783, 3308.4005775032333, 146.06963905442012, -3659.871122407837, -1404.3515513651344, 3980.162029600041, 1944.545938227786, -5824.885556470261, 3456.943301427056, -688.9874801896943], 3, 2.6072342500564437e-07, 1.26581660897573e-15

14, 18, 17, [48.052090089102066, -481.10977235968994, 1759.1861354870657, -2837.8018365297025, 1009.0759813358609, 2489.8197053565614, -1442.3099961374505, -2760.822209500828, 956.8852011818602, 3308.4003565879284, 146.06963942756502, -3659.8708713727697, -1404.3514643191554, 3980.161752765981, 1944.5458116576763, -5824.8851536293805, 3456.9430591086057, -688.9874315250642], 3, 2.601728748480185e-07, 1.2640362820047953e-15

14, 18, 17, [48.052089529780226, -481.10976685869474, 1759.186114153497, -2837.801798687184, 1009.075963032553, 2489.819673483796, -1442.3099697441578, -2760.822172331593, 956.8851791551326, 3308.4003070858694, 146.0696461995363, -3659.8708105798214, -1404.3514501687578, 3980.16168186362, 1944.5457866455397, -5824.885050449178, 3456.9429928360114, -688.9874175417795], 3, 2.6077720110911213e-07, 1.266259067366174e-15

14, 18, 17, [48.05209011250156, -481.1097721562825, 1759.1861328912169, -2837.80182794751, 1009.0759720140356, 2489.819699801176, -1442.3099823963594, -2760.822201190103, 956.8851857076044, 3308.400339963003, 146.06965148793876, -3659.8708442998873, -1404.3514674128367, 3980.1617159348607, 1944.5458081642946, -5824.885100004405, 3456.94301926327, -688.9874223083476], 2, 2.6040512895996774e-07, 1.2650908670172034e-15

14, 18, 17, [48.05208961244194, -481.10976729890393, 1759.186114303163, -2837.801795513358, 1009.0759570076683, 2489.8196722810944, -1442.3099607872248, -2760.822169353306, 956.8851681654477, 3308.4002982754982, 146.0696560011774, -3659.870793912251, -1404.351454576591, 3980.1616577609975, 1944.545786554786, -5824.8850152945515, 3456.9429654281535, -688.9874110300763], 3, 2.587959071772472e-07, 1.2625288837403426e-15

14, 18, 17, [48.05208841752968, -481.10975624969007, 1759.1860743020554, -2837.8017306457446, 1009.0759333051585, 2489.8196153386393, -1442.3099269249324, -2760.8221057711653, 956.8851454961356, 3308.4002215881123, 146.06965284304158, -3659.8707089758745, -1404.3514218993396, 3980.161565734492, 1944.5457412044225, -5824.884881098376, 3456.9428863498015, -688.9873953900984], 4, 2.6037751965056356e-07, 1.2650328382526325e-15

14, 18, 17, [48.0520930106184, -481.10979972022045, 1759.186236003104, -2837.8020028066967, 1009.0760464881653, 2489.8198501015795, -1442.3100893913766, -2760.8223727567274, 956.8852676673243, 3308.4005579726677, 146.06963959921313, -3659.8710999016207, -1404.3515438920047, 3980.1620047766937, 1944.5459270455406, -5824.8855206602375, 3456.9432800246605, -688.9874759365168], 3, 2.604238168402774e-07, 1.2655119204535954e-15

14, 18, 17, [48.05209188776656, -481.10978963228524, 1759.1862007450986, -2837.801948509127, 1009.07603060981, 2489.819801238789, -1442.3100669196467, -2760.822319579411, 956.8852564934834, 3308.400497960507, 146.0696292752783, -3659.8710387445562, -1404.351512086129, 3980.1619430531937, 1944.5458876800083, -5824.885430539393, 3456.943231926813, -688.9874672360343], 2, 2.594433380343508e-07, 1.2660922431893822e-15

14, 18, 17, [48.05208935623112, -481.1097652249225, 1759.186108063616, -2837.8017882882114, 1009.0759583365472, 2489.819664762467, -1442.3099628924801, -2760.822162373999, 956.8851734018878, 3308.4002939845495, 146.06964810299863, -3659.8707943869863, -1404.3514466962292, 3980.161662642867, 1944.545780331082, -5824.885022173391, 3456.9429741888493, -688.9874135107068], 3, 2.595279290517199e-07, 1.2638383409319005e-15

14, 18, 17, [48.05208891772974, -481.10976066437945, 1759.1860893965693, -2837.8017531440946, 1009.0759388775112, 2489.8196358181235, -1442.3099347843308, -2760.822127653634, 956.8851483213382, 3308.4002452879336, 146.06965869812973, -3659.87073193313, -1404.351435744903, 3980.1615879650085, 1944.5457574440202, -5824.884913794599, 3456.942902836256, -688.9873982193799], 4, 2.6106722744647625e-07, 1.2665568676772888e-15

14, 18, 17, [48.05208833134606, -481.1097550960011, 1759.1860686240987, -2837.8017180851557, 1009.0759242037036, 2489.819605592662, -1442.309913735177, -2760.8220932497943, 956.8851324400855, 3308.400201877334, 146.06966054640597, -3659.87068140026, -1404.3514201335547, 3980.1615311202095, 1944.5457335717747, -5824.884830956679, 3456.94285170282, -688.9873877296498], 3, 2.5993447947269486e-07, 1.2626559883129178e-15

14, 18, 17, [48.052089473766834, -481.1097662114451, 1759.1861112232903, -2837.80179251966, 1009.0759587239133, 2489.819668770038, -1442.3099634209884, -2760.8221664013317, 956.8851727462097, 3308.4002976965958, 146.06965026447202, -3659.870797150145, -1404.3514497889637, 3980.1616645991508, 1944.5457834012989, -5824.88502519346, 3456.942974901975, -688.9874134905509], 4, 2.605744213414151e-07, 1.2647849049191267e-15

14, 18, 17, [48.05209024072746, -481.1097734557313, 1759.1861380296154, -2837.8018371286903, 1009.0759763194375, 2489.8197077576447, -1442.30998848191, -2760.8222105481987, 956.8851903183162, 3308.4003520495444, 146.06965103297279, -3659.8708583006064, -1404.351472087437, 3980.161731245234, 1944.5458152353103, -5824.885121853995, 3456.9430320272186, -688.9874247752866], 2, 2.6012618698559374e-07, 1.2653819585997895e-15

14, 18, 17, [48.052090918567885, -481.10977993600227, 1759.1861624762498, -2837.8018792044036, 1009.0759952981568, 2489.819743406957, -1442.3100159275275, -2760.8222514814142, 956.8852126309201, 3308.4004054050615, 146.06964513489055, -3659.8709229158153, -1404.3514881617605, 3980.161806301871, 1944.545842485184, -5824.885231575105, 3456.9431024256082, -688.9874396572701], 4, 2.6043093204602597e-07, 1.265007579335594e-15

