14, 18, 11, [2298.1879945945207, -13444.405753292716, 21632.295600282247, 9263.778737010378, -35455.841925564135, -31714.3443073623, 50041.52847054191, 93395.34694824931, -62273.23362938346, -225161.41264696122, 294065.99920309853, -102771.75693369034], 35, 0.004823365638107493, 4.732761240992496e-13

14, 18, 10, [3799.57833069604, -24933.74160313433, 51277.62847874807, -5869.290015286529, -86465.19755599013, 4357.802844942469, 171335.4689018388, 6973.8726798451835, -391500.4936131582, 392537.4610929079, -121611.86033218306], 25, 0.004498152766763885, 4.45011973279044e-13

14, 18, 11, [2298.1880065891874, -13444.405824937692, 21632.29571933839, 9263.778783068166, -35455.842124786774, -31714.34447519688, 50041.5287628138, 93395.34746558419, -62273.23400956394, -225161.41392300857, 294066.0009244609, -102771.75754774772], 15, 0.0048407373331488006, 4.733756029076993e-13

14, 18, 11, [2298.1880076388434, -13444.405831002843, 21632.295728928104, 9263.778787395691, -35455.84214032419, -31714.344489564206, 50041.52878423716, 93395.34750685445, -62273.234035449415, -225161.4140211674, 294066.00105006853, -102771.75759104417], 2, 0.004837486796639366, 4.731850994239633e-13

14, 18, 11, [2298.1880059606337, -13444.405820788927, 21632.295711490075, 9263.77878125112, -35455.84211065148, -31714.34446583103, 50041.528739333036, 93395.34743072525, -62273.23397498705, -225161.41382968408, 294066.0007846838, -102771.757494762], 15, 0.004838934899476047, 4.733218219258432e-13

14, 18, 11, [2298.1879963083375, -13444.405763805744, 21632.295618410044, 9263.778743196917, -35455.84195658144, -31714.344331790064, 50041.528517868064, 93395.34702756933, -62273.233693549824, -225161.41284741968, 294065.9994824447, -102771.75703530488], 20, 0.004782368384827631, 4.724644566560289e-13

14, 18, 10, [3799.5783156375082, -24933.74150334884, 51277.62827073951, -5869.289987697872, -86465.19720356213, 4357.802819203193, 171335.46819693063, 6973.872665473897, -391500.49199423863, 392537.4594483149, -121611.85981776414], 30, 0.004507730097493752, 4.443982562357391e-13

14, 18, 11, [2298.1880045518233, -13444.40581247131, 21632.2956978872, 9263.778775729967, -35455.84208810682, -31714.34444632812, 50041.52870678632, 93395.34737182605, -62273.23393332827, -225161.4136857262, 294066.0005927794, -102771.75742676298], 20, 0.004783008868436262, 4.727942426916655e-13

14, 18, 11, [2298.1880096467467, -13444.405843224766, 21632.29574978142, 9263.778794781121, -35455.84217578315, -31714.344518033216, 50041.528837758044, 93395.34759792523, -62273.23410720711, -225161.4142497552, 294066.0013657558, -102771.75770526462], 15, 0.004843432663062618, 4.734405228241257e-13

14, 18, 10, [3799.5783261177885, -24933.741573493648, 51277.62841884588, -5869.290009873138, -86465.19745559922, 4357.802842987472, 171335.4687054523, 6973.872666167462, -391500.49316775677, 392537.4606550255, -121611.86019856148], 3, 0.004530716726599763, 4.4748735914750007e-13

14, 18, 11, [2298.1880064501916, -13444.405823468705, 21632.295715345623, 9263.77878351401, -35455.842116470616, -31714.344472352437, 50041.52874611452, 93395.34744701671, -62273.23398119395, -225161.41386513886, 294066.0008235043, -102771.75750656653], 20, 0.004785275517675701, 4.729813799958513e-13

14, 18, 11, [2298.1880008911644, -13444.405790925723, 21632.29566287838, 9263.77876114477, -35455.84203037519, -31714.3443954829, 50041.52862450334, 93395.34722028757, -62273.23382996599, -225161.4133185144, 294066.000110094, -102771.75725749657], 20, 0.004782781400928144, 4.724425516391249e-13

14, 18, 11, [2298.1880013299983, -13444.40579355452, 21632.295667253093, 9263.778762844844, -35455.84203769324, -31714.344401686423, 50041.5286351807, 93395.34723933098, -62273.23384369149, -225161.41336525884, 294066.000172555, -102771.75727959815], 25, 0.004786204103038667, 4.729809301704561e-13

14, 18, 11, [2298.1880026506465, -13444.4058014026, 21632.295680210995, 9263.778767946922, -35455.8420592986, -31714.344420048674, 50041.52866672271, 93395.34729553825, -62273.2338845802, -225161.4135035646, 294066.0003586823, -102771.75734594688], 20, 0.004785393991697127, 4.723964131658926e-13

14, 18, 11, [2298.1880003319034, -13444.405787447358, 21632.29565676194, 9263.778759211267, -35455.84201978488, -31714.34438746713, 50041.528607985776, 93395.3471934454, -62273.2338070293, -225161.41324967207, 294066.00001223595, -102771.75722146276], 20, 0.004786055242093885, 4.723843260949422e-13

14, 18, 11, [2298.188004127612, -13444.405810028104, 21632.295694045933, 9263.778773964987, -35455.842081908384, -31714.344440525187, 50041.52869831932, 93395.34735530798, -62273.23392323456, -225161.41364665813, 294066.0005432447, -102771.75740980475], 20, 0.004794183370205586, 4.735272892186485e-13

14, 18, 11, [2298.188008277783, -13444.405834833145, 21632.295735321484, 9263.778789839413, -35455.8421510485, -31714.344498546503, 50041.5288000196, 93395.34753466981, -62273.23405601951, -225161.41408987864, 294066.00114288554, -102771.75762416459], 2, 0.004842714961452753, 4.730228016667367e-13

14, 18, 10, [3799.578311990161, -24933.741479181812, 51277.62822034903, -5869.289980971385, -86465.19711817987, 4357.802812834737, 171335.46802604597, 6973.872662298508, -391500.49160154647, 392537.45904879255, -121611.85969262816], 20, 0.0045275496640013405, 4.470437481037905e-13

14, 18, 11, [2298.188011674996, -13444.405854798739, 21632.295767703792, 9263.778803391433, -35455.84220439496, -31714.34454563636, 50041.528875955075, 93395.34767476471, -62273.23415133472, -225161.41442917066, 294066.0015886591, -102771.75778047973], 20, 0.004793675199218213, 4.724317107124473e-13

14, 18, 11, [2298.188006291687, -13444.405823213494, 21632.29571660591, 9263.778781835053, -35455.84212035749, -31714.34447108913, 50041.52875672889, 93395.34745380399, -62273.23400228772, -225161.41389508644, 294066.0008890074, -102771.757535617], 4, 0.004843862436315234, 4.73324886387413e-13

14, 18, 11, [2298.187994931712, -13444.405755631424, 21632.295604952782, 9263.778737817163, -35455.84193420251, -31714.344312557474, 50041.528485459654, 93395.34696917137, -62273.23365207474, -225161.4127045625, 294065.99929210404, -102771.75696797395], 14, 0.004841844890038609, 4.733949430421063e-13

14, 18, 11, [2298.1879961082773, -13444.405762209724, 21632.295614804167, 9263.778742998564, -35455.84194955788, -31714.34432833642, 50041.52850493001, 93395.34701110113, -62273.23367296142, -225161.41279985395, 294065.9994053991, -102771.75700499363], 7, 0.004843030535673483, 4.733976076528236e-13

14, 18, 11, [2298.1880085743337, -13444.405836643902, 21632.29573842723, 9263.77879091599, -35455.84215634815, -31714.344502749274, 50041.5288080785, 93395.34754824203, -62273.23406692196, -225161.41412411816, 294066.00119051425, -102771.75764147843], 20, 0.004837901520687673, 4.75738038289555e-13

14, 18, 11, [2298.187995330815, -13444.405757972103, 21632.295608742337, 9263.778739405721, -35455.84194044197, -31714.344318062227, 50041.52849435106, 93395.34698555151, -62273.23366327702, -225161.41274428417, 294065.99934444204, -102771.75698637564], 3, 0.004844453599984927, 4.734878564014309e-13

14, 18, 11, [2298.18799984688, -13444.40578437996, 21632.295651235567, 9263.77875764335, -35455.842010073815, -31714.344380505194, 50041.52859239995, 93395.34716912908, -62273.23378468478, -225161.41318601623, 294065.99991919636, -102771.75718660084], 20, 0.004782341052594123, 4.724508300773367e-13

14, 18, 11, [2298.1880129940314, -13444.40586258585, 21632.295780434062, 9263.778808569516, -35455.84222548519, -31714.344563910538, 50041.52890636531, 93395.34772988762, -62273.234190185394, -225161.41456378347, 294066.00176785106, -102771.75784390685], 20, 0.004783122396481096, 4.725950686290217e-13

14, 18, 10, [3799.5783214953353, -24933.741543353623, 51277.628357384856, -5869.290003616627, -86465.197352258, 4357.802839564255, 171335.46850213027, 6973.872654423338, -391500.4927053483, 392537.4601971073, -121611.86005812351], 30, 0.00451730984129794, 4.4644810233273853e-13

14, 18, 11, [2298.1880014936323, -13444.405794681861, 21632.2956695087, 9263.778763204402, -35455.84204188379, -31714.344404112533, 50041.52864254676, 93395.34724939396, -62273.233855177925, -225161.4133934452, 294066.00021717814, -102771.7572970666], 3, 0.004843375256731756, 4.735801442870305e-13

14, 18, 11, [2298.1879981063416, -13444.405774198105, 21632.29563485418, 9263.778750593969, -35455.84198324202, -31714.344356382135, 50041.52855470118, 93395.34709833408, -62273.23373820548, -225161.41301595303, 294065.99969863036, -102771.75710997124], 14, 0.004841774906097064, 4.73429852319013e-13

14, 18, 11, [2298.188004002939, -13444.405809472451, 21632.29569359249, 9263.778773173472, -35455.8420816527, -31714.344439003355, 50041.52869937096, 93395.3473536851, -62273.23392677013, -225161.4136465385, 294066.0005505682, -102771.75741413998], 15, 0.004844496067929445, 4.734278172368256e-13

