15, 17, 11, [14347.610963328165, -50342.77960252933, 22176.323740659736, 63089.99219750635, 12560.489554599795, -78341.48465474423, -97224.67668072271, 24776.197499623795, 188352.23580635214, 101734.30209746535, -360383.16643066576, 159355.82206559516], 25, 0.025147733808547453, 2.30581525762758e-12

15, 17, 12, [9217.372929511701, -28695.176659748504, 5161.191455497217, 34863.98245916116, 22194.19063017735, -25250.356027440113, -62596.33918500218, -38583.84646222061, 53733.52261272422, 129108.42247318829, 28702.226760557754, -254899.3970630655, 127159.75988923122], 15, 0.024670691391062784, 2.3373916521525236e-12

15, 17, 11, [14347.610952223817, -50342.77956304721, 22176.323722515313, 63089.99214764389, 12560.489545794953, -78341.48459129731, -97224.67660375322, 24776.197477352576, 188352.23565353264, 101734.30201780827, -360383.1661360045, 159355.82193359843], 15, 0.02532694618000403, 2.3125674323723937e-12

15, 17, 11, [14347.61097683864, -50342.779650364726, 22176.323762353957, 63089.99225777302, 12560.489565673313, -78341.48473084188, -97224.67677370695, 24776.197525499105, 188352.23598953016, 101734.30219404446, -360383.1667829882, 159355.82222277112], 15, 0.025257591947369006, 2.3098932570260558e-12

15, 17, 11, [14347.610953767118, -50342.779568800994, 22176.32372554091, 63089.992155102045, 12560.489546542598, -78341.48460156309, -97224.67661532595, 24776.19748206025, 188352.23567840725, 101734.30202932496, -360383.16618512385, 159355.82195646258], 13, 0.0254317180958421, 2.3164586628994968e-12

15, 17, 12, [9217.372928247645, -28695.176655956526, 5161.191455003975, 34863.98245470398, 22194.190627072738, -25250.356024622237, -62596.339177202855, -38583.84645689676, 53733.52260686888, 129108.42245754282, 28702.226756064414, -254899.39703339335, 127159.75987513631], 14, 0.02470310650210763, 2.3399610067141118e-12

15, 17, 12, [9217.372912397632, -28695.176605975194, 5161.19144517644, 34863.98239330128, 22194.19058915093, -25250.355978361935, -62596.33906605858, -38583.84639060083, 53733.52250788786, 129108.4222264352, 28702.226708947048, -254899.39657209962, 127159.7596421198], 12, 0.024677536981834756, 2.333149432633027e-12

15, 17, 13, [6094.945317909882, -16935.559772752753, -746.0259341315682, 18734.34245059257, 18996.25759458351, -3290.747857935083, -31933.556547623044, -39485.13819303268, -5729.4801266938775, 56967.804394339924, 85869.48334550085, -6278.606435877365, -186516.9913517008, 104385.72112361316], 11, 0.026077989923902273, 2.4186081979715105e-12

15, 17, 13, [6094.945318171242, -16935.559773533972, -746.0259340997486, 18734.342451525445, 18996.257595433446, -3290.7478582514036, -31933.556549321067, -39485.1381949403, -5729.4801266941, 56967.80439757772, 85869.48334994412, -6278.606436709893, -186516.9913620676, 104385.72112977237], 12, 0.025321512729532897, 2.3987451575259038e-12

15, 17, 12, [9217.372926436674, -28695.17664991051, 5161.191453378598, 34863.982446928436, 22194.190622880073, -25250.356017828588, -62596.33916266351, -38583.84644938887, 53733.52259202922, 129108.42242631769, 28702.226751961214, -254899.3969683635, 127159.75984073433], 3, 0.024707298606907138, 2.3333403718868723e-12

15, 17, 13, [6094.945319158054, -16935.559776308666, -746.0259341824781, 18734.34245463612, 18996.25759853087, -3290.7478588877, -31933.556554687006, -39485.13820146275, -5729.480127479712, 56967.80440727008, 85869.48336430022, -6278.606438051229, -186516.99139365932, 104385.7211476557], 13, 0.02533318649264797, 2.4011026377321553e-12

15, 17, 12, [9217.372913687317, -28695.17660988468, 5161.191445738883, 34863.98239794049, 22194.19059230537, -25250.35598141267, -62596.339074235795, -38583.846396033994, 53733.52251426621, 129108.42224296325, 28702.226713401706, -254899.39660378732, 127159.75965737732], 14, 0.024679442293486883, 2.3377090224691282e-12

15, 17, 11, [14347.610956052747, -50342.77957682502, 22176.3237290812, 63089.992165162024, 12560.489548539337, -78341.48461406368, -97224.6766308323, 24776.197486019428, 188352.23570845777, 101734.30204555269, -360383.1662426133, 159355.82198187892], 20, 0.02406059164233054, 2.2771031740489473e-12

15, 17, 11, [14347.610970554175, -50342.77962831713, 22176.323752642562, 63089.99223014334, 12560.48956017211, -78341.48469653349, -97224.67673112838, 24776.19751464898, 188352.23590704377, 101734.30214949176, -360383.1666251613, 159355.8221529809], 14, 0.02536296282748411, 2.313971813547557e-12

15, 17, 12, [9217.372911758484, -28695.176604015207, 5161.191444861985, 34863.98239095069, 22194.19058760166, -25250.355976740557, -62596.33906187885, -38583.84638792415, 53733.52250446187, 129108.42221789887, 28702.22670685612, -254899.3965554738, 127159.75963395706], 15, 0.024649049528774856, 2.334889689082387e-12

15, 17, 12, [9217.372917923569, -28695.176623053856, 5161.191448081189, 34863.98241392236, 22194.19060252103, -25250.35599292295, -62596.33910290108, -38583.84641379354, 53733.52253872026, 129108.42230200423, 28702.22672672545, -254899.39672009437, 127159.75971524345], 3, 0.02470893338768658, 2.333383864506144e-12

15, 17, 11, [14347.610979249477, -50342.77965911433, 22176.323766622623, 63089.99226895193, 12560.489567286211, -78341.48474555944, -97224.6767910098, 24776.197531345395, 188352.2360250551, 101734.30221168158, -360383.1668521571, 159355.8222542585], 20, 0.024765925778372954, 2.2917746754260545e-12

15, 17, 11, [14347.610979586072, -50342.779659842905, 22176.323766285586, 63089.992269535505, 12560.489568394196, -78341.48474493285, -97224.67679180621, 24776.197529172157, 188352.23602328025, 101734.30221332208, -360383.1668466806, 159355.8222502781], 15, 0.025226495795682917, 2.308770943054996e-12

15, 17, 12, [9217.372929137593, -28695.17665869405, 5161.1914554538735, 34863.98245799592, 22194.190629227804, -25250.356026915313, -62596.3391830679, -38583.84646062542, 53733.522611719636, 129108.4224695436, 28702.22675895266, -254899.3970568252, 127159.75988667447], 13, 0.024675972940479518, 2.33326016639621e-12

15, 17, 12, [9217.37290578541, -28695.176584957353, 5161.191440827412, 34863.982367307595, 22194.19057339858, -25250.35595831637, -62596.33901877751, -38583.84636297172, 53733.52246485114, 129108.4221276339, 28702.226689913226, -254899.39637356965, 127159.75954107741], 14, 0.024660108136256565, 2.3360197276448896e-12

15, 17, 12, [9217.372914722082, -28695.176613431373, 5161.191446805905, 34863.98240259209, 22194.19059466188, -25250.355985709855, -62596.33908304939, -38583.8464003042, 53733.52252371873, 129108.42226213159, 28702.22671539104, -254899.39664434156, 127159.7596791801], 15, 0.024683897868269276, 2.3383002826065792e-12

15, 17, 12, [9217.372912732983, -28695.176606916295, 5161.191445211183, 34863.98239433693, 22194.190589998994, -25250.355978822387, -62596.3390677735, -38583.84639201922, 53733.5225087745, 129108.42222966562, 28702.22671036786, -254899.39657764288, 127159.75964440209], 13, 0.02466335487364398, 2.333382892212622e-12

15, 17, 13, [6094.9453128259665, -16935.559758510106, -746.0259336471859, 18734.342434688137, 18996.257578663182, -3290.7478548136846, -31933.556520280767, -39485.13815963544, -5729.480122437402, 56967.80434512109, 85869.48327224192, -6278.606429446872, -186516.99119106645, 104385.72103296267], 3, 0.026332682299375684, 2.4276291214006445e-12

15, 17, 13, [6094.945333089373, -16935.55981541104, -746.0259354280234, 18734.34249838988, 18996.25764221034, -3290.747867660578, -31933.55663003797, -39485.13829327277, -5729.480138855185, 56967.80454314343, 85869.48356603939, -6278.606456329875, -186516.99183680041, 104385.72139811248], 12, 0.025971117548238193, 2.4149451632189895e-12

15, 17, 12, [9217.372912233132, -28695.176605416083, 5161.191445011258, 34863.98239257189, 22194.190588780446, -25250.355977689138, -62596.33906467853, -38583.84638993646, 53733.52250639762, 129108.42222342694, 28702.226708654343, -254899.39656569972, 127159.75963865669], 11, 0.024700734694543355, 2.333274214133753e-12

15, 17, 11, [14347.610967037737, -50342.77961573827, 22176.32374675426, 63089.99221420248, 12560.489557516232, -78341.48467603285, -97224.67670650296, 24776.197507148372, 188352.2358576275, 101734.30212413045, -360383.166529568, 159355.82210992734], 2, 0.025448001623627006, 2.3216961805551535e-12

15, 17, 12, [9217.372924862555, -28695.176645033473, 5161.191452530846, 34863.98244102654, 22194.190619081775, -25250.356013617213, -62596.33915209832, -38583.84644279764, 53733.52258308771, 129108.42240459328, 28702.226746977874, -254899.39692565554, 127159.75981953499], 11, 0.024707462622057093, 2.3335970656352593e-12

15, 17, 13, [6094.945316522454, -16935.55976896843, -746.0259338800954, 18734.34244649362, 18996.25759030355, -3290.747857411978, -31933.55654077534, -39485.138184316194, -5729.480125067542, 56967.80438239954, 85869.48332692948, -6278.606435190771, -186516.99131231374, 104385.72110204873], 11, 0.02608876037906344, 2.4189628574731342e-12

15, 17, 12, [9217.37291962668, -28695.176628563113, 5161.191449347234, 34863.982420835, 22194.190606532746, -25250.35599852659, -62596.33911560906, -38583.84642087688, 53733.52255084702, 129108.42232885478, 28702.22673122489, -254899.39677486278, 127159.75974358582], 13, 0.02469828722332818, 2.332995991631924e-12

15, 17, 13, [6094.945311726694, -16935.559755537404, -746.0259334172276, 18734.342431501373, 18996.257575286756, -3290.7478544852415, -31933.556515012388, -39485.138152827225, -5729.480121022387, 56967.80433604982, 85869.48325789026, -6278.606429194821, -186516.99116102656, 104385.7210167228], 14, 0.025318692169396233, 2.398189185632503e-12

