14, 18, 15, [16.34546668802573, -277.61781930555344, 1505.2275760871546, -3935.465766406334, 4539.923745953608, 820.0570264177333, -6772.100134457562, 1168.4886981954173, 9299.29468507537, -2609.3106732158567, -13240.57677377803, 6353.0597437054075, 18034.050931184873, -25725.651770323595, 13445.296054726621, -2622.0310107949413], 6, 1.1883420123585936e-05, 1.1905819165836505e-15

14, 18, 15, [16.345466071466195, -277.61781179217974, 1505.2275383683354, -3935.4656707000645, 4539.92363738006, 820.0570055264915, -6772.09997197638, 1168.4886713131655, 9299.294461858895, -2609.310611923033, -13240.576455981844, 6353.05959302904, 18034.050498231463, -25725.651155605607, 13445.29573450668, -2622.03094855398], 6, 1.1787550999160917e-05, 1.1884973343788755e-15

14, 18, 15, [16.34546573171148, -277.6178073086506, 1505.2275139264714, -3935.4656027251026, 4539.92354933359, 820.0570039796617, -6772.09984225063, 1168.4886251713624, 9299.294278595813, -2609.3105245776264, -13240.57618377474, 6353.05941287001, 18034.050121045693, -25725.650544786902, 13445.295392732616, -2622.030878210221], 6, 1.1792544726087498e-05, 1.1880558784917608e-15

14, 18, 15, [16.34546962477562, -277.61785631542057, 1505.2277688521633, -3935.46627725996, 4539.92436595571, 820.0570879960577, -6772.101054334481, 1168.4889438735395, 9299.295967491507, -2609.311167238289, -13240.578642633689, 6353.060828084817, 18034.053502047343, -25725.65571666203, 13445.298204939309, -2622.0314446720345], 8, 1.174394834739821e-05, 1.1871001853333443e-15

14, 18, 15, [16.345468333224886, -277.6178397528526, 1505.227680943681, -3935.4660391224184, 4539.9240672548585, 820.0570718433087, -6772.100613288347, 1168.4888032007327, 9299.295348382137, -2609.3108931785346, -13240.577729774668, 6353.060247903994, 18034.05223979839, -25725.653701350268, 13445.297082692028, -2622.0312141337286], 3, 1.191532459490617e-05, 1.19179407180709e-15

14, 18, 15, [16.345466567053496, -277.61781771018804, 1505.227567392784, -3935.465742226522, 4539.923714620691, 820.0570258962509, -6772.100088296515, 1168.4886817154377, 9299.294619847287, -2609.3106420296567, -13240.57667684951, 6353.059679437666, 18034.050796841344, -25725.65155266305, 13445.295932954754, -2622.0309857453562], 3, 1.1915285036236512e-05, 1.1901080873265203e-15

14, 18, 15, [16.345465018504875, -277.617798787238, 1505.2274720555608, -3935.4654991450902, 4539.92343647077, 820.0569759855737, -6772.0996725980995, 1168.4886068543601, 9299.294047608711, -2609.3104753264042, -13240.575859252573, 6353.059277958037, 18034.04968118905, -25725.649947274134, 13445.295089566713, -2622.0308205705273], 6, 1.1795880492033447e-05, 1.188096887174745e-15

14, 18, 15, [16.34546700197394, -277.61782315649674, 1505.2275955379478, -3935.4658160566405, 4539.923802707923, 820.0570368522784, -6772.100219352356, 1168.4887128833166, 9299.294801853499, -2609.310706073774, -13240.576940251942, 6353.05982355198, 18034.05115802307, -25725.652093576497, 13445.296223461326, -2622.0310436534646], 4, 1.1963986634993183e-05, 1.1923376474420451e-15

14, 18, 15, [16.345467712588615, -277.6178321104383, 1505.22764218915, -3935.4659397956784, 4539.923953175113, 820.0570513199793, -6772.100442521894, 1168.4887733617236, 9299.295113160608, -2609.3108273934668, -13240.577394385782, 6353.060088993645, 18034.051783056893, -25725.653055801584, 13445.296748483712, -2622.0311496930585], 7, 1.17248034247374e-05, 1.1868793156782569e-15

14, 18, 15, [16.34546521729446, -277.61780079138384, 1505.2274796812242, -3935.465510713903, 4539.923434731165, 820.0569973467643, -6772.09967320748, 1168.488571176138, 9299.29404157481, -2609.310418280177, -13240.575833985748, 6353.059186950591, 18034.049636738833, -25725.649763595757, 13445.294954390745, -2622.03078747894], 3, 1.1925401160854744e-05, 1.1895768775806558e-15

14, 18, 15, [16.345466085598577, -277.617811984601, 1505.2275394196135, -3935.465673547324, 4539.923640793108, 820.0570060864527, -6772.09997712216, 1168.4886721255255, 9299.29446897956, -2609.310613529465, -13240.576466027802, 6353.059596909945, 18034.050511754995, -25725.65117289217, 13445.295742660031, -2622.030949958711], 3, 1.1894416522518872e-05, 1.1893874320698466e-15

14, 18, 15, [16.345466437938374, -277.617816265395, 1505.2275608984396, -3935.465728194347, 4539.923703395828, 820.0570168941808, -6772.100070519863, 1168.4886900276056, 9299.294597650307, -2609.310653230553, -13240.576650528477, 6353.059691352525, 18034.050764124822, -25725.651542850526, 13445.295939560481, -2622.0309890006206], 6, 1.1783355015974977e-05, 1.1875472866173298e-15

14, 18, 15, [16.34546561441779, -277.61780619902777, 1505.2275101428265, -3935.46559859418, 4539.923554632006, 820.056990982418, -6772.0998483256535, 1168.488648603474, 9299.294291519229, -2609.310561739421, -13240.576212404672, 6353.059472831371, 18034.05016577931, -25725.650676682457, 13445.295482894817, -2622.030899301779], 5, 1.1928156451366446e-05, 1.1914155488840343e-15

14, 18, 15, [16.345466291485927, -277.61781430602116, 1505.2275500905305, -3935.4656978122443, 4539.923663557378, 820.057016729421, -6772.100011870005, 1168.4886683765806, 9299.294514600726, -2609.310612630908, -13240.576526837867, 6353.059608355649, 18034.050592593074, -25725.651263804146, 13445.295783253632, -2622.030956834772], 6, 1.184437187474166e-05, 1.188776815367876e-15

14, 18, 15, [16.34546755454021, -277.6178307528814, 1505.2276386233634, -3935.4659409338337, 4539.9239735457395, 820.0570278465029, -6772.100469129471, 1168.4888223753373, 9299.295158496494, -2609.3109080085515, -13240.577479533356, 6353.060225367346, 18034.051911099294, -25725.65338219199, 13445.296965146668, -2622.0311997547874], 6, 1.1859584767057335e-05, 1.189861869715557e-15

14, 18, 15, [16.34546660836047, -277.6178183326978, 1505.2275712181747, -3935.4657541893994, 4539.923732539369, 820.0570229550498, -6772.1001141475335, 1168.4886965820297, 9299.294657370125, -2609.310668817515, -13240.57673521811, 6353.05973077316, 18034.05087936596, -25725.65170617179, 13445.296024930043, -2622.031005713113], 6, 1.1807147586925903e-05, 1.1886299542940785e-15

14, 18, 15, [16.345465524776966, -277.61780456444734, 1505.2274988781498, -3935.465560562273, 4539.92349407064, 820.057003979543, -6772.099761036579, 1168.4885944668893, 9299.294163604927, -2609.310466699276, -13240.576012108131, 6353.05929454109, 18034.04988256374, -25725.650150688212, 13445.295169576393, -2622.0308317936156], 2, 1.187753851352385e-05, 1.187696565973515e-15

14, 18, 15, [16.345466146169013, -277.6178124617096, 1505.227540351689, -3935.4656714165953, 4539.923630129128, 820.0570156650932, -6772.0999627243455, 1168.4886510637314, 9299.294445412266, -2609.3105789478996, -13240.57642392108, 6353.059538003988, 18034.050449547853, -25725.651026969677, 13445.295648515632, -2622.030928641368], 6, 1.1839057224934936e-05, 1.1896586547427759e-15

14, 18, 15, [16.345465988455068, -277.61781070949473, 1505.227532524877, -3935.4656545936346, 4539.92361672144, 820.0570049541433, -6772.0999415235, 1168.4886607699839, 9299.294418912024, -2609.31059179811, -13240.576392299956, 6353.0595512340715, 18034.050410021224, -25725.651013111383, 13445.295654806514, -2622.030932143975], 5, 1.191926230708937e-05, 1.1905785477873455e-15

14, 18, 15, [16.345465186856057, -277.6178009313513, 1505.2274833116574, -3935.4655291216995, 4539.923472865789, 820.0569798972015, -6772.099726773865, 1168.4886204206468, 9299.294123130394, -2609.3105023689805, -13240.575968770994, 6353.059337685801, 18034.049831281558, -25725.650170435496, 13445.295208370191, -2622.0308439945047], 6, 1.1885576858521726e-05, 1.1899320616831239e-15

14, 18, 15, [16.345465339581725, -277.61780259193284, 1505.2274906184082, -3935.4655448050858, 4539.923486028283, 820.0569882128001, -6772.09974695443, 1168.4886154154622, 9299.294148800858, -2609.310498388764, -13240.576001823749, 6353.059340279137, 18034.04987492877, -25725.65021647944, 13445.29522873053, -2622.0308475574298], 5, 1.1932485390581627e-05, 1.191514987648422e-15

14, 18, 15, [16.345465498756774, -277.6178045396091, 1505.2275004124601, -3935.4655696052605, 4539.92351385155, 820.0569942955957, -6772.099788825449, 1168.4886207910658, 9299.294206188857, -2609.310511143892, -13240.57608271481, 6353.059373441225, 18034.04998442085, -25725.650362567623, 13445.295301157972, -2622.0308609084996], 4, 1.1937782841942052e-05, 1.1914734808669609e-15

14, 18, 15, [16.34546633964101, -277.61781498434783, 1505.2275539416748, -3935.465708733892, 4539.92367761831, 820.0570176180497, -6772.100032885132, 1168.4886740869163, 9299.294544195767, -2609.310622997401, -13240.576569769755, 6353.059630175017, 18034.050651102483, -25725.651346455856, 13445.295825105295, -2622.0309646040273], 4, 1.1961918623153163e-05, 1.1911004232798786e-15

14, 18, 15, [16.34546758391851, -277.61783096465103, 1505.2276388103912, -3935.4659385381588, 4539.923965219322, 820.0570345638627, -6772.100457940598, 1168.4888066499461, 9299.29514050372, -2609.3108813691233, -13240.577447389702, 6353.060178882015, 18034.051863299996, -25725.65326624528, 13445.296888839484, -2622.031182154281], 6, 1.1868420063559028e-05, 1.1899148475905152e-15

14, 18, 15, [16.34546686370929, -277.6178218121381, 1505.2275907640822, -3935.4658102193634, 4539.923807988865, 820.0570206284867, -6772.10022478399, 1168.488742029554, 9299.294814859066, -2609.3107530112616, -13240.57697191686, 6353.059899826361, 18034.051208943307, -25725.652258269223, 13445.296339044935, -2622.0310711839375], 4, 1.1932034222078024e-05, 1.1902268673661256e-15

14, 18, 15, [16.345465811779594, -277.61780858149905, 1505.2275219963637, -3935.4656284245493, 4539.923588221635, 820.0569975091314, -6772.09989845041, 1168.4886571874295, 9299.294360234462, -2609.3105817644728, -13240.576310463477, 6353.059522060602, 18034.050299769988, -25725.650872857506, 13445.295587762233, -2622.030920259307], 7, 1.1749500670400453e-05, 1.1873288613951637e-15

14, 18, 15, [16.345465106287566, -277.61779999909504, 1505.2274789954913, -3935.4655195725313, 4539.923465178296, 820.0569732655176, -6772.099714278417, 1168.4886275444806, 9299.294107443404, -2609.3105134233124, -13240.575950928103, 6353.059352789824, 18034.0498100964, -25725.650178875178, 13445.295226430533, -2622.0308500209258], 5, 1.1934522040643928e-05, 1.191145528599585e-15

14, 18, 15, [16.34546498554871, -277.61779815093803, 1505.2274675586793, -3935.4654837710796, 4539.923411826616, 820.0569813302598, -6772.0996370526655, 1168.4885848589126, 9299.293995491687, -2609.3104368811746, -13240.575777717475, 6353.059205999842, 18034.049566006914, -25725.649734641178, 13445.294963393904, -2622.0307934843418], 6, 1.1932365845629617e-05, 1.191089548223572e-15

14, 18, 15, [16.34546696586242, -277.6178230387656, 1505.227596787261, -3935.4658249632384, 4539.92382344369, 820.0570257803978, -6772.1002483864, 1168.4887419275285, 9299.294846710027, -2609.3107548373564, -13240.577015283923, 6353.059909443901, 18034.05126656426, -25725.652321694604, 13445.296365372187, -2622.0310750389585], 6, 1.1811666546132664e-05, 1.1882832044687922e-15

14, 18, 15, [16.345464450251903, -277.6177916611445, 1505.2274351795243, -3935.465402280474, 4539.9233207033585, 820.0569618094014, -6772.099500376161, 1168.4885655894632, 9299.293808356499, -2609.3103907575282, -13240.57551288813, 6353.05908802684, 18034.049206215586, -25725.649235441375, 13445.294707159625, -2622.0307443321053], 7, 1.1758881326457485e-05, 1.187702658804066e-15

