14, 18, 9, [-15.561113694935647, 104.53467565799492, -385.8864797900219, 799.1894493991283, -693.5414692498981, -739.2482992452203, 2855.626036443697, -3536.8074204842646, 2141.7715552295235, -532.1360056360293], 25, 9.206285683867552e-05, 1.0725421654707789e-14

14, 18, 9, [-15.561113679852292, 104.53467539034473, -385.8864776907057, 799.1894398375362, -693.5414413519202, -739.2483533817431, 2855.6261063958477, -3536.8074785922654, 2141.771583420077, -532.1360117280503], 3, 9.2059878278537e-05, 1.0725284641642054e-14

14, 18, 9, [-15.561113813623175, 104.53467793697355, -385.8864990894308, 799.1895440113927, -693.5417651808946, -739.2476867274587, 2855.625197387005, -3536.806686849693, 2141.7711836450876, -532.1359225552956], 3, 9.206379061969057e-05, 1.072501195176927e-14

14, 18, 9, [-15.561113663351144, 104.53467506071551, -385.88647478937145, 799.189425066267, -693.5413934049544, -739.2484562994961, 2855.626252501144, -3536.8076108889595, 2141.7716527616476, -532.1360277587155], 4, 9.20613343698228e-05, 1.072599960739323e-14

14, 18, 9, [-15.561113636851163, 104.53467453509569, -385.88647019073807, 799.1894017688517, -693.5413180718709, -739.2486175591017, 2855.6264810541425, -3536.8078177260422, 2141.771761229424, -532.136052874715], 25, 9.206277310122121e-05, 1.0725372331280524e-14

14, 18, 9, [-15.561113720689354, 104.53467617058672, -385.886484263419, 799.1894718778148, -693.5415409594668, -739.2481485710259, 2855.6258278358055, -3536.8072369060637, 2141.7714620191855, -532.1359848246383], 4, 9.206027400586876e-05, 1.0725105980584366e-14

14, 18, 9, [-15.561113714727716, 104.53467603715768, -385.88648298721466, 799.1894649727855, -693.5415175417768, -739.2482003877826, 2855.6259028463073, -3536.8073055501413, 2141.771498112461, -532.135993143661], 1, 9.201359073069207e-05, 1.0693967259390397e-14

14, 18, 9, [-15.561113758715308, 104.53467690098866, -385.8864904569356, 799.1895023099263, -693.5416364550208, -739.2479500838092, 2855.625554539917, -3536.8069964996757, 2141.7713394080097, -532.1359571970794], 0.9, 9.182973258372895e-05, 1.0739702356846672e-14

14, 18, 9, [-15.561113716907055, 104.53467608737645, -385.8864834858697, 799.1894677889273, -693.5415275475733, -739.2481771309542, 2855.625867411089, -3536.807271366821, 2141.771479142389, -532.135988524236], 4, 9.206119240535718e-05, 1.0726293197795833e-14

14, 18, 9, [-15.561113697801293, 104.53467570892892, -385.8864801723286, 799.1894509631198, -693.5414729557666, -739.2482944687049, 2855.6260344533994, -3536.8074232260933, 2141.7715591344677, -532.1360071247534], 3, 9.205943096487228e-05, 1.0725624407724642e-14

14, 18, 9, [-15.561113696433386, 104.53467568578615, -385.88647999954463, 799.1894502111397, -693.5414708386803, -739.2482984924931, 2855.6260396384305, -3536.807427599251, 2141.7715613203654, -532.1360076157865], 3, 9.205007673484064e-05, 1.07254391769499e-14

14, 18, 9, [-15.561113701500949, 104.53467577865686, -385.88648075579846, 799.1894538066842, -693.5414818462336, -739.2482759837295, 2855.6260089024804, -3536.8074005907265, 2141.77154747489, -532.1360044644802], 1, 9.204583307545727e-05, 1.0673531358855019e-14

14, 18, 9, [-15.561113772270486, 104.53467713495748, -385.88649223424216, 799.1895101154182, -693.541658319952, -739.2479095158506, 2855.625504605533, -3536.8069571074966, 2141.77132129772, -532.1359534917032], 1, 9.204925611243977e-05, 1.066611461715975e-14

14, 18, 9, [-15.561113774416985, 104.53467719098185, -385.8864928236872, 799.189513515751, -693.5416703840134, -739.2478819361024, 2855.6254637118222, -3536.8069190120814, 2141.771300997523, -532.1359487648431], 0.9, 9.195413797424697e-05, 1.0716947973187873e-14

14, 18, 9, [-15.561113660800192, 104.53467501808137, -385.88647449665655, 799.1894240333012, -693.5413916250766, -739.248456616219, 2855.6262478776594, -3536.807602084153, 2141.771645742394, -532.1360255895116], 0.9, 9.19142901302853e-05, 1.0571907328133232e-14

14, 18, 9, [-15.561113771830096, 104.53467710777706, -385.88649183585875, 799.1895072913601, -693.5416466219104, -739.2479399342707, 2855.625555128097, -3536.8070093057863, 2141.7713519276044, -532.1359613020818], 2, 9.206020467872935e-05, 1.0725028977910528e-14

14, 18, 9, [-15.561113685481418, 104.53467546763041, -385.88647810498156, 799.189440788396, -693.5414412408458, -739.248359416701, 2855.6261218551704, -3536.80749776475, 2141.7715956902857, -532.1360149789216], 2, 9.204980996606046e-05, 1.0724941153103096e-14

14, 18, 9, [-15.561113689381619, 104.53467554672015, -385.88647879037813, 799.1894441319723, -693.5414513730375, -739.2483396491352, 2855.626097093939, -3536.807478672237, 2141.771587557247, -532.1360135521638], 3, 9.206382928663553e-05, 1.0726209571684107e-14

14, 18, 9, [-15.561113686933735, 104.53467551750947, -385.88647869637754, 799.1894444329685, -693.5414547187177, -739.2483277238362, 2855.626073902837, -3536.8074524203785, 2141.771571256311, -532.1360092431287], 2, 9.205068909055926e-05, 1.0726182672593072e-14

14, 18, 9, [-15.561113608715663, 104.53467402672567, -385.8864661742006, 799.1893835792133, -693.5412661214805, -739.2487143835807, 2855.626598451966, -3536.807906606756, 2141.771799079167, -532.1360596973267], 2, 9.203207526990945e-05, 1.0728380657618601e-14

14, 18, 9, [-15.56111373597265, 104.53467646560436, -385.8864867839609, 799.1894843851034, -693.541580676228, -739.2480648855606, 2855.6257108509817, -3536.8071322985365, 2141.771407731045, -532.1359723675426], 7, 9.206334752823516e-05, 1.0725512142061703e-14

14, 18, 9, [-15.561113648830808, 104.5346748032867, -385.88647279705344, 799.1894162452032, -693.541368833621, -739.2485008198183, 2855.6263047316033, -3536.8076488709244, 2141.7716681056777, -532.1360303213564], 1, 9.18770170356105e-05, 1.074134610256054e-14

14, 18, 9, [-15.56111372142828, 104.53467616522673, -385.8864840595458, 799.1894701300465, -693.5415332252317, -739.2481691501383, 2855.625862151591, -3536.8072721691215, 2141.771482502254, -532.135989982646], 3, 9.205573212520628e-05, 1.0725508609009627e-14

14, 18, 9, [-15.561113636099002, 104.53467452946937, -385.88647023680437, 799.1894025483873, -693.5413225351335, -739.2486035361038, 2855.6264545066497, -3536.807787447607, 2141.7717420060567, -532.1360476439008], 4, 9.206062125678973e-05, 1.0725511660956692e-14

14, 18, 9, [-15.561113783857616, 104.53467736465544, -385.8864942300713, 799.1895200905581, -693.5416899206359, -739.247843717683, 2855.6254145645794, -3536.8068790257757, 2141.771282366094, -532.1359449893793], 6, 9.206393036769763e-05, 1.0725823083363556e-14

14, 18, 9, [-15.561113655474104, 104.53467492069169, -385.88647370458585, 799.1894202712344, -693.5413801266969, -739.2484800538634, 2855.6262797059107, -3536.8076298160922, 2141.771659790133, -532.1360287370856], 1, 9.186490258159276e-05, 1.0674244403523693e-14

14, 18, 9, [-15.561113602213542, 104.5346738709854, -385.88646457419173, 799.1893742705017, -693.5412321843131, -739.2487950289795, 2855.6267236536555, -3536.808029289958, 2141.7718680367266, -532.1360766593249], 2, 9.205946066686999e-05, 1.0725179566603667e-14

14, 18, 9, [-15.561113733578505, 104.534676406412, -385.8864861652805, 799.1894807583585, -693.5415674435519, -739.2480962015768, 2855.6257590930645, -3536.8071790742324, 2141.771433690297, -532.1359786612755], 3, 9.206234835579263e-05, 1.0725665481884074e-14

14, 18, 9, [-15.56111365096436, 104.53467483479565, -385.8864729791526, 799.1894167046239, -693.5413688768193, -739.2485036557471, 2855.6263126237727, -3536.807659228002, 2141.771675055645, -532.1360322412997], 2, 9.201103333286355e-05, 1.07239943543882e-14

14, 18, 9, [-15.561113790011975, 104.53467747455248, -385.88649509034707, 799.1895239694902, -693.5417010416948, -739.2478226415296, 2855.625388075765, -3536.8068576491737, 2141.771272266929, -532.1359428505085], 2, 9.205988275656832e-05, 1.0724829960394052e-14

