14, 18, 14, [120.27728747068882, -1292.734856994462, 5284.55553778326, -9618.870481324382, 3652.6395860683892, 12208.933176505803, -9366.151101267555, -18068.547891805352, 15018.651987629575, 29421.46261320102, -27125.26375383424, -43485.57321925313, 81623.48708220443, -49012.59954686056, 10638.963310122766], 8, 5.627194473251482e-05, 5.2652042704486564e-15

14, 18, 14, [120.27728510743744, -1292.7348316806826, 5284.555430913871, -9618.870276720309, 3652.639492914711, 12208.932920774876, -9366.150870264699, -18068.547507582363, 15018.65160783083, 29421.461967488412, -27125.263067577554, -43485.57224875823, 81623.48510709323, -49012.59831424718, 10638.963034345183], 10, 5.5571727720113275e-05, 5.248506191921219e-15

14, 18, 10, [104.77343784367238, -1280.2769242252527, 6374.974512416032, -16843.51303442383, 23311.831604562085, -7911.894083699768, -28195.32031735113, 53083.250339343445, -44116.647774035664, 18823.26669043303, -3351.50148280926], 20, 0.0001509464025879122, 1.5931371213634963e-14

14, 18, 14, [120.27728732213451, -1292.7348558559813, 5284.555535096148, -9618.870481422702, 3652.6395939033596, 12208.933174188038, -9366.151117704134, -18068.547890697897, 15018.65201999452, 29421.462621718856, -27125.263814589933, -43485.573240700614, 81623.48721654307, -49012.59965818178, 10638.963340037128], 7, 5.862794960566508e-05, 5.325352581052252e-15

14, 18, 14, [120.27728418544181, -1292.734823053568, 5284.555400180609, -9618.8702315609, 3652.6394921125498, 12208.932858563643, -9366.150860210846, -18068.547420586718, 15018.651603557462, 29421.46184715577, -27125.26306367535, -43485.57208894801, 81623.48499579806, -49012.59830820552, 10638.963044331147], 3, 5.956762818721898e-05, 5.346301277415742e-15

14, 18, 14, [120.27728753219583, -1292.7348579807601, 5284.555543437216, -9618.870495719188, 3652.639597743857, 12208.933193045326, -9366.151128097632, -18068.547918398493, 15018.65203478747, 29421.462664597526, -27125.263839769672, -43485.57330191088, 81623.48730378128, -49012.59970064556, 10638.963347245808], 8, 5.492943995276732e-05, 5.23065331952584e-15

14, 18, 10, [104.77343833612477, -1280.2769296632848, 6374.974537684163, -16843.513096485545, 23311.831682226606, -7911.8940995716885, -28195.3204176206, 53083.250500507995, -44116.647892707864, 18823.266735031015, -3351.5014896831603], 2, 0.00016099350669437814, 1.6192460286215338e-14

14, 18, 10, [104.77343750373777, -1280.2769201029637, 6374.974491140636, -16843.51297532034, 23311.831517010247, -7911.894046317448, -28195.320216093434, 53083.25012812066, -44116.647586884006, 18823.266605928467, -3351.501466931472], 20, 0.0001562928270004787, 1.6104497241897047e-14

14, 18, 10, [104.77343723566447, -1280.2769169632536, 6374.974475648698, -16843.51293473446, 23311.831461872338, -7911.894029573414, -28195.32014790954, 53083.25000624109, -44116.6474902516, 18823.266566937968, -3351.501460449782], 14, 0.0001609585743115955, 1.6246005932866567e-14

14, 18, 14, [120.27728398656492, -1292.7348200544016, 5284.555383480574, -9618.87018966302, 3652.639458367182, 12208.932810752172, -9366.150782227047, -18068.54734426038, 15018.651465405164, 29421.461699435295, -27125.262809869935, -43485.57185078039, 81623.48434126782, -49012.597848220554, 10638.962932015362], 8, 5.7513319531010825e-05, 5.297839149062338e-15

14, 18, 14, [120.27728432069632, -1292.734824119309, 5284.555402850379, -9618.870232034293, 3652.6394852398325, 12208.932861558487, -9366.150845720165, -18068.547423162523, 15018.651574313548, 29421.4618419396, -27125.263007779165, -43485.57207294706, 81623.48487278295, -49012.59820310559, 10638.963015501593], 9, 5.561426551930176e-05, 5.249384102555223e-15

14, 18, 14, [120.27728146460058, -1292.7347935348275, 5284.555273797766, -9618.869985224603, 3652.639373436799, 12208.93255273471, -9366.15056840461, -18068.546959129544, 15018.651119260761, 29421.46106294679, -27125.262186594067, -43485.57090303218, 81623.48250549675, -49012.59673069611, 10638.962687107425], 9, 5.563339575044756e-05, 5.25251436575157e-15

14, 18, 14, [120.27727915992162, -1292.7347692931696, 5284.555173411103, -9618.869797549647, 3652.639294221013, 12208.932316587516, -9366.150369166571, -18068.546606651827, 15018.650794810257, 29421.46047853063, -27125.26160035435, -43485.570030845156, 81623.48078814808, -49012.59567498965, 10638.962453604661], 10, 5.226141935221745e-05, 5.1605827631777355e-15

14, 18, 14, [120.27728296142689, -1292.7348094764936, 5284.555340643229, -9618.870111986684, 3652.639429198429, 12208.932711915895, -9366.15070730628, -18068.547197865173, 15018.651345890126, 29421.46146147827, -27125.262594815984, -43485.57149963341, 81623.48369127713, -49012.59746145797, 10638.9628488107], 12, 5.451642278424032e-05, 5.240211779697669e-15

14, 18, 14, [120.27728275213119, -1292.7348078066439, 5284.555336283774, -9618.87011033949, 3652.6394384875675, 12208.932706624513, -9366.150726559363, -18068.547192852267, 15018.651384695831, 29421.461466453427, -27125.26266837304, -43485.57151836782, 81623.48385033842, -49012.597597903004, 10638.96288620501], 8, 5.641559964062003e-05, 5.269524264559678e-15

14, 18, 10, [104.77343865100929, -1280.2769337797845, 6374.974560411239, -16843.51316370503, 23311.831788584623, -7911.894152806915, -28195.320536040166, 53083.2507685214, -44116.64814020965, 18823.26685034649, -3351.5015119207096], 15, 0.00016077493489889002, 1.6240964816847837e-14

14, 18, 14, [120.27727717628329, -1292.7347480140131, 5284.555083368574, -9618.86962451113, 3652.6392142838704, 12208.932100800293, -9366.15017122623, -18068.54628221325, 15018.65046818715, 29421.459931581925, -27125.261009294994, -43485.5692072137, 81623.47909391519, -49012.594611873355, 10638.962214647874], 9, 5.203743200780116e-05, 5.15556297088895e-15

14, 18, 14, [120.27728224595495, -1292.734801880535, 5284.555308950962, -9618.870052401513, 3652.6394039420297, 12208.932636646896, -9366.150644170262, -18068.547085102073, 15018.651244006534, 29421.461274637284, -27125.262412310538, -43485.57122127966, 81623.4831550361, -49012.59713683629, 10638.962778147867], 3, 5.9474163843997546e-05, 5.3452473327458516e-15

14, 18, 14, [120.27728935219163, -1292.7348773894098, 5284.555625011149, -9618.870651093057, 3652.639667454784, 12208.933387430641, -9366.151301499278, -18068.548209974284, 15018.652319592375, 29421.46315333824, -27125.26435477898, -43485.57403557232, 81623.48879060411, -49012.6006272532, 10638.963554432674], 10, 5.639890874740974e-05, 5.267351713131207e-15

14, 18, 14, [120.27728105475141, -1292.7347893238436, 5284.555256751589, -9618.869954132946, 3652.639361187937, 12208.932513566144, -9366.15053697454, -18068.5469011735, 15018.651068008881, 29421.460967783856, -27125.262093195608, -43485.570761524374, 81623.4822286123, -49012.59656026714, 10638.962649254527], 9, 5.155610407111722e-05, 5.144053054432647e-15

14, 18, 14, [120.27728428556657, -1292.7348239887021, 5284.5554034160505, -9618.870235813632, 3652.6394908959523, 12208.93286507477, -9366.15085817967, -18068.547429639388, 15018.651597420778, 29421.461857965314, -27125.263050674508, -43485.572101277874, 81623.48497607927, -49012.59828156556, 10638.963035643059], 10, 5.702439743665745e-05, 5.2831777002993566e-15

14, 18, 14, [120.27728170203758, -1292.7347957066734, 5284.555281129688, -9618.869994470548, 3652.639370169882, 12208.932566899648, -9366.150562876612, -18068.546978415572, 15018.651104233064, 29421.46108510786, -27125.26215602998, -43485.57092748126, 81623.48245813964, -49012.596670841085, 10638.962668065193], 7, 5.867573684299695e-05, 5.327705216372436e-15

14, 18, 10, [104.77343756977378, -1280.2769211564344, 6374.974497906709, -16843.51299800903, 23311.83155752791, -7911.894072108391, -28195.32025775014, 53083.25023887337, -44116.64769726517, 18823.266660442136, -3351.5014779776557], 20, 0.0001532984201504838, 1.6011319908542365e-14

14, 18, 14, [120.27728586318833, -1292.7348400730866, 5284.555467726522, -9618.870350587818, 3652.639531530444, 12208.93301158406, -9366.150964065582, -18068.547645595183, 15018.651765330966, 29421.462206040596, -27125.2633533823, -43485.5726127546, 81623.48590398813, -49012.598828351554, 10638.963152389022], 9, 5.744426554087393e-05, 5.296161289545526e-15

14, 18, 14, [120.27728499537608, -1292.734831046106, 5284.555430820996, -9618.870282777223, 3652.6395046873877, 12208.932925719208, -9366.150895785671, -18068.54751798625, 15018.65165536596, 29421.461996807, -27125.263155132907, -43485.57230245122, 81623.48531339093, -49012.59847160271, 10638.96307463644], 9, 5.14563102280089e-05, 5.141246304995545e-15

14, 18, 14, [120.27727881454734, -1292.7347656562415, 5284.5551583944725, -9618.869769750783, 3652.6392831493868, 12208.932281212929, -9366.150341247012, -18068.546553839908, 15018.65075039926, 29421.460392020872, -27125.261521200435, -43485.569902851326, 81623.4805512563, -49012.595534772474, 10638.962423693363], 8, 5.774176747118936e-05, 5.3064281074093674e-15

14, 18, 10, [104.77343658874622, -1280.2769092211054, 6374.9744362317515, -16843.512826812203, 23311.831304789583, -7911.893965901216, -28195.319964169496, 53083.24963244678, -44116.647163871836, 18823.266421383094, -3351.501433409338], 14, 0.00016114155913758967, 1.625154635295141e-14

14, 18, 14, [120.27728469309446, -1292.7348282493153, 5284.55542101233, -9618.870268784613, 3652.6395052096855, 12208.932906222666, -9366.150894252085, -18068.54749094415, 15018.651657106937, 29421.46196035164, -27125.26315963294, -43485.57225496453, 81623.48529152131, -49012.598480203545, 10638.963080557192], 6, 5.948524799324113e-05, 5.349429400031072e-15

14, 18, 10, [104.77343914850712, -1280.2769399730878, 6374.9745930996005, -16843.513256285816, 23311.83192824556, -7911.8942148421975, -28195.320696365594, 53083.251108389195, -44116.64844313778, 18823.266987457293, -3351.501537684146], 4, 0.00016128649396744533, 1.6246089615559903e-14

14, 18, 14, [120.2772873801167, -1292.7348570230374, 5284.5555425032235, -9618.870501557609, 3652.639611669946, 12208.933196826243, -9366.151158253635, -18068.547927485335, 15018.652092052727, 29421.4626947636, -27125.263946619925, -43485.57335962324, 81623.48755299223, -49012.599896420325, 10638.963398450269], 9, 5.4871627187754216e-05, 5.22933705497021e-15

