14, 18, 9, [182.06477122935198, -2201.103808826587, 10655.859161095643, -25568.320253489488, 24511.010318477474, 23806.09639895137, -96790.09510672711, 118118.83915058484, -69038.39689581832, 16336.777920794593], 35, 0.0007820075235275241, 8.152568340495485e-14

14, 18, 9, [182.0647715558988, -2201.1038126040003, 10655.859178977335, -25568.320295497513, 24511.010357293653, 23806.096439469442, -96790.09526216361, 118118.83933532366, -69038.3970011578, 16336.777945086222], 2, 0.0007888522104162392, 8.184595190243955e-14

14, 18, 9, [182.0647709547444, -2201.103805378135, 10655.85914329374, -25568.320207326437, 24511.01026816384, 23806.09636172446, -96790.09491673751, 118118.83889868847, -69038.39673833193, 16336.777881160257], 6, 0.0007891986393166577, 8.170991259349254e-14

14, 18, 9, [182.0647707443831, -2201.1038028450484, 10655.859130807716, -25568.320176673347, 24511.010237733186, 23806.096333968184, -96790.09479815002, 118118.83875169749, -69038.39665162367, 16336.77786053813], 35, 0.0007803286772025069, 8.148029252808455e-14

14, 18, 9, [182.0647723660396, -2201.1038222818547, 10655.85922643344, -25568.32041175393, 24511.010473050697, 23806.09654371748, -96790.0957131566, 118118.83989941783, -69038.39733766156, 16336.778026235144], 35, 0.0007819663792468741, 8.152195404752635e-14

14, 18, 9, [182.06477208257, -2201.103818803748, 10655.859208862936, -25568.320367150955, 24511.010425831722, 23806.096506556878, -96790.09553301599, 118118.83966406193, -69038.39719192356, 16336.777989809105], 25, 0.0007886328980067426, 8.171151160829444e-14

14, 18, 9, [182.06477091243735, -2201.1038046370472, 10655.859138471249, -25568.320192286883, 24511.010247978462, 23806.096352982357, -96790.09484546416, 118118.83879386637, -69038.39666826003, 16336.77786261426], 40, 0.0007803591790529572, 8.148843090664739e-14

14, 18, 9, [182.06476969734535, -2201.1037903338824, 10655.859069432923, -25568.320026220536, 24511.010087706556, 23806.096199319567, -96790.09421392363, 118118.8380199311, -69038.39621448313, 16336.777754959403], 35, 0.000780707578128419, 8.149133177517139e-14

14, 18, 9, [182.06477102454397, -2201.1038064440595, 10655.859149713413, -25568.320226352724, 24511.010292539664, 23806.096373753175, -96790.09500407983, 118118.8390247585, -69038.39682176668, 16336.777903106151], 35, 0.0007830269476678683, 8.155302261844153e-14

14, 18, 9, [182.0647718611177, -2201.103816297938, 10655.859197282756, -25568.32034072195, 24511.010402702945, 23806.096479889125, -96790.09543841938, 118118.83955573033, -69038.3971322594, 16336.777976542611], 40, 0.0007836310021821608, 8.159223898600678e-14

14, 18, 9, [182.0647724806032, -2201.103823549076, 10655.859232101442, -25568.320424053938, 24511.010482555674, 23806.09655741491, -96790.09575397432, 118118.8399412488, -69038.39735787237, 16336.778030004698], 35, 0.0007834213448376219, 8.156238681036445e-14

14, 18, 9, [182.06477239874184, -2201.1038226178903, 10655.859227783769, -25568.320414189933, 24511.010473956212, 23806.096547388872, -96790.09571877663, 118118.83990129143, -69038.3973361203, 16336.778025243522], 2, 0.0007885560552786305, 8.163383241332235e-14

14, 18, 9, [182.06477169378513, -2201.1038143166857, 10655.859187654232, -25568.320317360507, 24511.010379789168, 23806.096458643013, -96790.09534864638, 118118.83944438286, -69038.39706625433, 16336.777960709327], 30, 0.0007858353029221766, 8.163275464151915e-14

14, 18, 9, [182.06477277827238, -2201.1038271945954, 10655.859250434265, -25568.32047022025, 24511.010530579933, 23806.096596911615, -96790.09593818393, 118118.84017800685, -69038.39750221901, 16336.778065506986], 35, 0.0007809304532235413, 8.149288844818916e-14

14, 18, 9, [182.06476988032531, -2201.1037925000883, 10655.85908000081, -25568.32005209846, 24511.010113698427, 23806.09622208749, -96790.09431499366, 118118.83814834607, -69038.39629246491, 16336.777774158081], 35, 0.0007836688066229703, 8.157370490584721e-14

14, 18, 9, [182.06477107787015, -2201.1038069051683, 10655.85915110596, -25568.320227465, 24511.010290039474, 23806.096377930222, -96790.09499949377, 118118.83900877304, -69038.39680749834, 16336.777898676823], 30, 0.0007859559607271124, 8.164054637686194e-14

14, 18, 9, [182.06477363947485, -2201.1038378938592, 10655.859305031601, -25568.32060992297, 24511.01067956867, 23806.096712943163, -96790.09650481136, 118118.84091781706, -69038.39795888607, 16336.778179066912], 3, 0.0007877936841591688, 8.16805520048051e-14

14, 18, 9, [182.0647700871083, -2201.103795232009, 10655.859094665122, -25568.320091317633, 24511.01015782718, 23806.096252850213, -96790.0944796084, 118118.83836829654, -69038.39643007646, 16336.777808666604], 30, 0.0007875933874239501, 8.16864877973273e-14

14, 18, 9, [182.06477266340934, -2201.1038257855225, 10655.85924334616, -25568.320452392956, 24511.01051211779, 23806.096581540096, -96790.09586728009, 118118.84008737029, -69038.39744726977, 16336.778052075924], 2, 0.0007874561138860475, 8.190382247008425e-14

14, 18, 9, [182.0647717506285, -2201.1038151436137, 10655.85919253091, -25568.320331760093, 24511.0103984725, 23806.096467243362, -96790.09541548888, 118118.83954307329, -69038.3971330034, 16336.777978662834], 3, 0.0007890090379016953, 8.16936398842297e-14

14, 18, 9, [182.06477394642232, -2201.1038412597586, 10655.859319919356, -25568.320641712507, 24511.01070315375, 23806.096749263274, -96790.09660785033, 118118.8410197707, -69038.39800593205, 16336.778187222615], 30, 0.0007855476976046564, 8.162854474719514e-14

14, 18, 9, [182.06477140537828, -2201.1038107359104, 10655.859169430307, -25568.320270961154, 24511.010330837875, 23806.096419467627, -96790.09516186679, 118118.83920289765, -69038.39691853421, 16336.77792431013], 40, 0.000781226282128533, 8.150288985136962e-14

14, 18, 9, [182.06477308401307, -2201.1038311309744, 10655.85927121484, -25568.3205252751, 24511.010592331826, 23806.09663974943, -96790.09616908581, 118118.84048890411, -69038.39769868589, 16336.778115372514], 30, 0.0007877225505032588, 8.168890170953488e-14

14, 18, 9, [182.06476897165237, -2201.1037818755153, 10655.859029059966, -25568.31993043575, 24511.009997596848, 23806.09610841997, -96790.09385552189, 118118.83758871655, -69038.39596585094, 16336.777696968591], 40, 0.0007811275413028807, 8.149942708344388e-14

14, 18, 9, [182.06477352541285, -2201.10383623324, 10655.859295342123, -25568.320581862725, 24511.010644431204, 23806.096694529693, -96790.09637798282, 118118.84073643011, -69038.39783940553, 16336.778147718904], 35, 0.0007800033379409966, 8.147276927219612e-14

14, 18, 9, [182.0647694601271, -2201.1037874500807, 10655.859055064777, -25568.319990480853, 24511.010051379646, 23806.096167820157, -96790.09407350914, 118118.83784278811, -69038.39610830169, 16336.777729290121], 35, 0.0007829854111940163, 8.155462847401834e-14

14, 18, 9, [182.06476992730396, -2201.103793165704, 10655.85908375706, -25568.320062536208, 24511.010125913945, 23806.09622994917, -96790.09435991832, 118118.83820910481, -69038.3963306251, 16336.777783716987], 50, 0.0007800565937800603, 8.147730596870374e-14

14, 18, 9, [182.0647730377065, -2201.1038302967327, 10655.859265655528, -25568.320507515673, 24511.010567685265, 23806.096630428536, -96790.09608277246, 118118.84035848927, -69038.39760960324, 16336.77809131577], 25, 0.0007886009014783766, 8.171179888167991e-14

14, 18, 9, [182.0647728895827, -2201.1038287422834, 10655.85925915529, -25568.320494747473, 24511.010560259165, 23806.096613990645, -96790.09604646022, 118118.84032996387, -69038.39760101617, 16336.778091152735], 2, 0.0007864545224654093, 8.165520783540197e-14

14, 18, 9, [182.06477356043416, -2201.1038368549785, 10655.859299445827, -25568.32059485899, 24511.01066225234, 23806.09670163479, -96790.09644058204, 118118.84082998839, -69038.39790271047, 16336.778164651803], 35, 0.0007850224299261385, 8.16102498655634e-14

