14, 18, 8, [1155.4100115754711, -13866.742595316462, 64610.911304569476, -130233.42570090851, 10294.839691690268, 478747.54677660635, -964155.488275764, 822452.9342901226, -271964.2726905504], 9, 0.0040583168624231765, 4.032674955759208e-13

14, 18, 8, [1155.4100073245793, -13866.742544084347, 64610.91106383828, -130233.42521010904, 10294.839643563004, 478747.54497423343, -964155.4846053224, 822452.9311342638, -271964.27163984854], 6, 0.0040542025661560056, 4.0296995677657864e-13

14, 18, 8, [1155.4100032465892, -13866.742494808694, 64610.910831659334, -130233.42473508039, 10294.839594148938, 478747.54323040415, -964155.4810412353, 822452.9280615491, -271964.270614292], 10, 0.004056309253966587, 4.0332646124398797e-13

14, 18, 8, [1155.410009609243, -13866.742571585077, 64610.91119287745, -130233.42547269193, 10294.839668421182, 478747.5459387214, -964155.4865652474, 822452.9328165835, -271964.2721990587], 7, 0.0040574205024567316, 4.031663820121149e-13

14, 18, 8, [1155.410015376908, -13866.742641621402, 64610.91152470277, -130233.42615659809, 10294.839748456978, 478747.5484473269, -964155.4917345733, 822452.9373016908, -271964.27370508254], 3, 0.004049656275971283, 4.026193687388978e-13

14, 18, 8, [1155.4100086041758, -13866.74255955787, 64610.9111367569, -130233.42535917858, 10294.839658636427, 478747.54552160145, -964155.4857210286, 822452.9320933431, -271964.27195883286], 7, 0.004056874726530015, 4.0323392428841105e-13

14, 18, 8, [1155.4100085237194, -13866.742558867947, 64610.911135013645, -130233.42535977472, 10294.83966614694, 478747.5455220892, -964155.4857575891, 822452.9321490905, -271964.27198522486], 9, 0.004056405651845103, 4.0326312706256655e-13

14, 18, 6, [225.53645236056292, -2757.859517181166, 13765.19018681558, -36451.78508978725, 54174.65964677937, -42885.429796847944, 14132.646272991484], 4, 0.021200226400926513, 1.983364384876087e-12

14, 18, 8, [1155.4100101579613, -13866.742578645051, 64610.91122833778, -130233.42555103553, 10294.839686546267, 478747.54622409533, -964155.4871944833, 822452.933389126, -271964.2723994526], 7, 0.004056057940123756, 4.032004207664657e-13

14, 18, 8, [1155.4100147353151, -13866.74263368479, 64610.91148633671, -130233.42607546256, 10294.839735354419, 478747.54815053, -964155.491105986, 822452.9367450172, -271964.27351461584], 3, 0.004052008243587968, 4.0378612165707044e-13

14, 18, 8, [1155.4100207379236, -13866.742706923824, 64610.911835090956, -130233.42679880244, 10294.839827676366, 478747.5508020759, -964155.4966048618, 822452.9415384587, -271964.2751309804], 5, 0.004052324142551246, 4.030209541681868e-13

14, 18, 6, [225.5364519020402, -2757.859511675003, 13765.19015928905, -36451.785016457055, 54174.659536986794, -42885.42970924785, 14132.646243892686], 2, 0.02119662880863057, 1.983858500800395e-12

14, 18, 8, [1155.4100093192135, -13866.742568485462, 64610.91118035268, -130233.4254525865, 10294.839675874286, 478747.5458627841, -964155.4864541979, 822452.9327498185, -271964.27218576916], 6, 0.004057604404421536, 4.0305625586264063e-13

14, 18, 8, [1155.4100166411808, -13866.742657252129, 64610.911600181425, -130233.42631591126, 10294.839773538599, 478747.5490302495, -964155.4929656197, 822452.938389296, -271964.27407632745], 3, 0.004055225326898417, 4.029495133423829e-13

14, 18, 6, [225.53645275938325, -2757.859522007534, 13765.190211132744, -36451.785155079335, 54174.65974531256, -42885.42987608896, 14132.646299522117], 1, 0.021167829488788883, 1.970321091297155e-12

14, 18, 8, [1155.4100109418162, -13866.742588154533, 64610.91127337524, -130233.42564389062, 10294.83969758412, 478747.54656463803, -964155.4878975289, 822452.9340003798, -271964.2726052129], 9, 0.004056406316353372, 4.0318213144656503e-13

14, 18, 8, [1155.4100074046405, -13866.7425447915, 64610.911065909175, -130233.42521121, 10294.83963857362, 478747.544979371, -964155.4845936026, 822452.9311106802, -271964.27162811765], 9, 0.004056730010802254, 4.032374885640204e-13

14, 18, 8, [1155.4100152926892, -13866.742640333374, 64610.91151725298, -130233.42613772054, 10294.839740259324, 478747.5483794039, -964155.4915671699, 822452.9371388438, -271964.27364505595], 5, 0.004051954890484319, 4.0335368063934567e-13

14, 18, 8, [1155.4100061522938, -13866.742529818806, 64610.91099605562, -130233.42506978178, 10294.839625884839, 478747.54445982346, -964155.4835386444, 822452.9302037171, -271964.2713256035], 5, 0.0040572932685149785, 4.031984128341354e-13

14, 18, 8, [1155.4100055593058, -13866.742523124656, 64610.91096698941, -130233.42501704238, 10294.839632286266, 478747.54426352005, -964155.48319356, 822452.929943971, -271964.2712509155], 5, 0.004053243458069202, 4.030351299010191e-13

14, 18, 8, [1155.410006114266, -13866.74253008324, 64610.91100098271, -130233.42508953511, 10294.839644537891, 478747.5445286344, -964155.4837555686, 822452.9304404589, -271964.2714199711], 5, 0.004052668544133413, 4.0308933531010776e-13

14, 18, 8, [1155.4100174647424, -13866.742667043858, 64610.91164547869, -130233.4264063017, 10294.839778897496, 478747.54936299106, -964155.4936265692, 822452.9389462397, -271964.2742581124], 4, 0.0040491909623244825, 4.025350335197683e-13

14, 18, 8, [1155.4100107312945, -13866.742585005695, 64610.91125544538, -130233.42559903084, 10294.839678810207, 478747.5464031189, -964155.4875022226, 822452.9336167932, -271964.27246388973], 6, 0.004052369630167284, 4.0298630150903635e-13

14, 18, 8, [1155.4100146442202, -13866.74263262113, 64610.91148153182, -130233.42606622972, 10294.839735507412, 478747.54811637144, -964155.4910416913, 822452.9366935228, -271964.2734987496], 9, 0.004056636342875197, 4.031845728971759e-13

14, 18, 8, [1155.4100154633381, -13866.742642981479, 64610.9115327239, -130233.426177271, 10294.839757964086, 478747.54852156504, -964155.4919203212, 822452.9374841842, -271964.27377295156], 3, 0.0040505246043657656, 4.0294413623622687e-13

14, 18, 6, [225.5364520823652, -2757.8595138343285, 13765.190170054084, -36451.78504505693, 54174.65957969358, -42885.429743233806, 14132.646255153571], 2, 0.021202006255706552, 1.9819241742579876e-12

14, 18, 8, [1155.41000373432, -13866.742501111003, 64610.910863366, -130233.4248050405, 10294.839609853325, 478747.5434853965, -964155.481599752, 822452.9285662946, -271964.2707895906], 7, 0.004055980332334798, 4.033495897562979e-13

14, 18, 8, [1155.4100167358101, -13866.742658458897, 64610.911606173926, -130233.42632893163, 10294.839776125085, 478747.5490777852, -964155.4930681098, 822452.938480861, -271964.27410779265], 3, 0.004051927505428803, 4.0245921025309305e-13

14, 18, 8, [1155.4100099697225, -13866.742576233217, 64610.911216282184, -130233.42552457418, 10294.839680745888, 478747.54612762964, -964155.4869834724, 822452.9331983032, -271964.272333051], 6, 0.0040557924459779975, 4.031330622174869e-13

14, 18, 6, [225.53645243176135, -2757.8595180553352, 13765.190191290274, -36451.78510200894, 54174.65966556255, -42885.4298122472, 14132.646278252358], 0.8, 0.021101461367728908, 1.9707356552441446e-12

