13, 15, 15, [2304.464033323953, -9858.564134355025, 10255.003892541145, 6682.859814808826, -8004.661857132482, -11586.090278289732, 33.94671598854788, 12990.080852198174, 11722.013831403145, -4464.021363222717, -18209.27326373562, -9702.0708048285, 16911.795996668425, 21138.71709803857, -28814.633384136054, 8599.433784378287], 8, 0.0011217638049956728, 1.1695516704424155e-13

20, 15, 15, [2304.464027564096, -9858.564109338811, 10255.00386582548, 6682.859798118255, -8004.661835712228, -11586.090248411545, 33.946714869708806, 12990.080817533046, 11722.013801173562, -4464.021350168878, -18209.273215016492, -9702.070780019245, 16911.7959503657, 21138.71704188274, -28814.6333057173, 8599.43376070085], 6, 0.0011215863713068463, 1.1694395109911686e-13

15, 15, 15, [2304.464039946091, -9858.5641634454, 10255.003924239756, 6682.859833911623, -8004.661883093503, -11586.090313383598, 33.94671841527233, 12990.080894158064, 11722.013866831127, -4464.021380354456, -18209.27332292028, -9702.070833563175, 16911.796054316583, 21138.71716582525, -28814.633481390032, 8599.433814155627], 6, 0.0011277815785919116, 1.1715399508488734e-13

14, 15, 15, [2304.464004563711, -9858.564009488144, 10255.003759186573, 6682.859731581328, -8004.661750148821, -11586.090129255099, 33.94671016402819, 12990.0806790269, 11722.013680708726, -4464.0212975835, -18209.273020229943, -9702.070681337063, 16911.795764643302, 21138.716817471817, -28814.63299116309, 8599.433665508208], 3, 0.0011287421281506974, 1.1720041393965846e-13

15, 15, 14, [3490.2984257788007, -16220.208182720937, 20473.380050629792, 7108.514954114187, -18996.97662931614, -15931.76689949102, 11027.877018446032, 25875.66260093857, 6606.85587051905, -26159.945236730648, -26151.076298092124, 19705.244152303276, 41771.1231717552, -44782.83685532159, 12182.854731516827], 8, 0.001047309094245642, 1.0896690908176717e-13

13, 15, 14, [3490.29840627526, -16220.208090651122, 20473.379931524953, 7108.514915778661, -18996.976516804123, -15931.766809040757, 11027.876949491701, 25875.662448367097, 6606.855836300613, -26159.94507740323, -26151.076144751616, 19705.24402852174, 41771.122921254246, -44782.836580109644, 12182.854655575506], 8, 0.0010516016020265173, 1.0910386977249898e-13

12, 15, 15, [2304.464027644714, -9858.564109462559, 10255.003865507746, 6682.859798432087, -8004.661835059488, -11586.090248327708, 33.946714035154216, 12990.080816508718, 11722.013801160027, -4464.021348765828, -18209.273213403932, -9702.07078028048, 16911.795947739778, 21138.71704034908, -28814.633301538455, 8599.43375911008], 4, 0.0011285923472622273, 1.1721685232934528e-13

9, 15, 15, [2304.464036576518, -9858.56414849616, 10255.00390766299, 6682.859824241749, -8004.661869269048, -11586.090295201184, 33.946716633744465, 12990.080871834292, 11722.013848521745, -4464.021370615814, -18209.273291326488, -9702.070818887525, 16911.79602287116, 21138.717129838606, -28814.633428496112, 8599.433797760481], 6, 0.0011247601666501468, 1.170594922333349e-13

12, 15, 15, [2304.4640202747814, -9858.564077621797, 10255.003831810525, 6682.8597770542365, -8004.661808295708, -11586.09021048673, 33.94671311560912, 12990.080773163347, 11722.013762852266, -4464.021333014079, -18209.273152566508, -9702.07074870828, 16911.795890493704, 21138.716970034468, -28814.633204399037, 8599.43372994213], 3, 0.0011287653373281395, 1.172298773592929e-13

13, 15, 15, [2304.4640214269775, -9858.564082753124, 10255.003837534103, 6682.859780359676, -8004.6618130949055, -11586.090216749342, 33.94671377984074, 12990.080780909098, 11722.013769156629, -4464.021336446974, -18209.273163535523, -9702.070753747823, 16911.795901464826, 21138.71698251012, -28814.63322283673, 8599.433735672099], 5, 0.0011284923184578127, 1.1718045107650697e-13

14, 15, 15, [2304.46401361361, -9858.564048574355, 10255.003800533535, 6682.8597578276085, -8004.661782976437, -11586.09017569114, 33.946711274455886, 12990.080732197206, 11722.013727715723, -4464.021316890352, -18209.273094858254, -9702.070720080777, 16911.79583485523, 21138.716903732817, -28814.633110312036, 8599.433701282096], 2, 0.0011284410704902731, 1.1719312320870773e-13

15, 15, 14, [3490.298422546803, -16220.208167388113, 20473.380030635486, 7108.514947855492, -18996.97661031612, -15931.766884453391, 11027.877006574558, 25875.662575217306, 6606.855865064786, -26159.945209526642, -26151.076272304694, 19705.244130893265, 41771.12312922386, -44782.83680809257, 12182.85471839926], 7, 0.0010769673532390384, 1.0986183805697922e-13

9, 15, 15, [2304.464002994332, -9858.564003049314, 10255.00375301507, 6682.859726961849, -8004.661745796352, -11586.09012197793, 33.94671108012367, 12990.080671915493, 11722.013673279573, -4464.021296296209, -18209.27301044546, -9702.070674901453, 16911.79575677109, 21138.716805735854, -28814.63297740135, 8599.433661763629], 6, 0.0011279674213762125, 1.171715316400807e-13

15, 15, 15, [2304.464011511147, -9858.564039419374, 10255.003790712599, 6682.859751739409, -8004.661775064981, -11586.090164730353, 33.946710790803216, 12990.080719398009, 11722.013716629097, -4464.021311986362, -18209.273076857582, -9702.070711001115, 16911.795817663366, 21138.716883012174, -28814.633081224332, 8599.433692476427], 6, 0.0011254976688737435, 1.1707812167375294e-13

13, 15, 14, [3490.2984054091244, -16220.208086813893, 20473.37992707029, 7108.514913799126, -18996.976512948288, -15931.766805224086, 11027.876947808834, 25875.662443009056, 6606.855834176284, -26159.945072810006, -26151.076139187833, 19705.244025725802, 41771.12291331744, -44782.836572790045, 12182.854653787464], 8, 0.0010481858560088763, 1.0897969237116861e-13

11, 15, 14, [3490.2984152636554, -16220.208133690032, 20473.379988409688, 7108.514932817748, -18996.97657136706, -15931.766851255616, 11027.876984486662, 25875.662522064773, 6606.8558507485595, -26159.945156614864, -26151.07621843029, 19705.244091749613, 41771.123044164524, -44782.83671818772, 12182.854694169664], 8, 0.0010534045797488307, 1.091505318137794e-13

12, 15, 15, [2304.4640317456847, -9858.564127016085, 10255.003883812506, 6682.859810308528, -8004.661849389539, -11586.090268984528, 33.94671417573352, 12990.080839758659, 11722.013822055696, -4464.021356850598, -18209.273246008463, -9702.070797552919, 16911.795978118153, 21138.717078166548, -28814.63335326764, 8599.433774577215], 6, 0.001122512194439953, 1.1699304408090613e-13

15, 15, 15, [2304.4640297231635, -9858.564119586554, 10255.00387835835, 6682.859804260272, -8004.661847079777, -11586.090261627209, 33.9467179432734, 12990.080835761482, 11722.013814435726, -4464.0213599873105, -18209.27324105416, -9702.07079021908, 16911.795978073496, 21138.717070907966, -28814.63335166759, 8599.433775406902], 6, 0.0011270010288477023, 1.171339236982714e-13

14, 15, 14, [3490.298406945818, -16220.208093838199, 20473.379935685327, 7108.514917084206, -18996.976520757715, -15931.76681218017, 11027.87695194909, 25875.6624537226, 6606.855837462579, -26159.945083035913, -26151.076150129713, 19705.2440329166, 41771.122930075464, -44782.83658983095, 12182.854658260254], 6, 0.0010818011919581766, 1.1003439662379311e-13

13, 15, 15, [2304.4640327908114, -9858.564132011177, 10255.003889982056, 6682.859813273342, -8004.66185503126, -11586.090275460527, 33.94671578070531, 12990.080848801716, 11722.013828548175, -4464.021361820837, -18209.273258941677, -9702.070802516724, 16911.79599198296, 21138.71709255216, -28814.633376236055, 8599.43378195529], 5, 0.0011279793377842748, 1.1716932910989076e-13

10, 15, 15, [2304.4640432782694, -9858.564178316221, 10255.003940853834, 6682.859843507458, -8004.661897026556, -11586.090331588375, 33.94672030159673, 12990.080916631143, 11722.01388519379, -4464.021390206693, -18209.273354705663, -9702.070848305839, 16911.796085929516, 21138.717202000298, -28814.63353448138, 8599.433830583777], 6, 0.0011244264347682292, 1.170586352500532e-13

13, 15, 15, [2304.4640236878604, -9858.564092716617, 10255.003848428698, 6682.859786904609, -8004.661822035156, -11586.090228817178, 33.94671461867522, 12990.080795346807, 11722.013781360141, -4464.021342309455, -18209.27318387955, -9702.070763675167, 16911.795921205772, 21138.717005813618, -28814.63325611018, 8599.433745826087], 7, 0.0011227148596967154, 1.1698782078801136e-13

15, 15, 15, [2304.4640264322115, -9858.564104590765, 10255.003861047417, 6682.859794835425, -8004.661832114715, -11586.090242937218, 33.946715101306104, 12990.080811674263, 11722.01379562988, -4464.021348438615, -18209.273206839287, -9702.070775373057, 16911.79594304375, 21138.717032292872, -28814.63329313402, 8599.433757019473], 2, 0.0011284496872403227, 1.1722037469769751e-13

14, 15, 15, [2304.4640197073663, -9858.5640751293, 10255.003829088668, 6682.8597754254, -8004.661806057696, -11586.090207482706, 33.94671288276952, 12990.080769544027, 11722.013759825228, -4464.021331499763, -18209.27314745191, -9702.070746265781, 16911.795885466905, 21138.716964186122, -28814.633195923252, 8599.433727332857], 6, 0.0011227818444617575, 1.170008760175687e-13

12, 15, 15, [2304.464005340261, -9858.564012469116, 10255.003761647353, 6682.859733893614, -8004.661751516875, -11586.090132380881, 33.946709086938434, 12990.080681314097, 11722.013683929514, -4464.0212970629245, -18209.27302324241, -9702.070684308519, 16911.79576610505, 21138.716821402737, -28814.632994080326, 8599.433665990413], 2, 0.0011286784023506336, 1.171718696161539e-13

11, 15, 15, [2304.4640356925725, -9858.56414512341, 10255.003904941334, 6682.859821578118, -8004.661867837008, -11586.090291675711, 33.946718014079536, 12990.080869435831, 11722.01384485842, -4464.0213715020445, -18209.273288233417, -9702.070815432193, 16911.796021792623, 21138.71712568749, -28814.6334261415, 8599.433797593767], 7, 0.0011190013629692628, 1.1685400951712297e-13

20, 15, 15, [2304.4640193238624, -9858.564073125062, 10255.003826336471, 6682.859774351106, -8004.661803347278, -11586.09020470824, 33.94671179923527, 12990.080765225257, 11722.013757057599, -4464.021328756174, -18209.273141227295, -9702.070744252975, 16911.7958784333, 21138.71695738714, -28814.63318438069, 8599.433723532671], 6, 0.001123870945812845, 1.170288701110004e-13

13, 15, 15, [2304.4640181412256, -9858.564068145304, 10255.003821303235, 6682.859770903701, -8004.661799547557, -11586.090198933565, 33.94671204716205, 12990.08075904529, 11722.013751191498, -4464.021326965989, -18209.273132618888, -9702.0707393086, 16911.79587079968, 21138.716947285135, -28814.633171285186, 8599.433719737102], 8, 0.0011192588361714196, 1.168314444789988e-13

13, 15, 14, [3490.2984001621644, -16220.208062316191, 20473.379895907405, 7108.514903225336, -18996.976483867304, -15931.76678114846, 11027.876930638762, 25875.6624034519, 6606.855824443648, -26159.945032427662, -26151.07609927414, 19705.24399502873, 41771.12284914491, -44782.836503500344, 12182.85463486053], 7, 0.0010759638978991807, 1.0989389837359785e-13

12, 15, 15, [2304.46403232512, -9858.564130332059, 10255.003888817064, 6682.859811877259, -8004.66185461937, -11586.09027383998, 33.94671674218544, 12990.080848069187, 11722.013826864768, -4464.02136271726, -18209.273258079127, -9702.07080086308, 16911.795992339572, 21138.71709116667, -28814.633376453803, 8599.433782351805], 2, 0.0011287248172710115, 1.1725328343304427e-13

