14, 18, 8, [64.93065888471115, -1169.0689541734673, 8418.347597378206, -33917.10778388106, 84660.258707933, -134584.05788389055, 133275.06053314335, -75223.66474123979, 18535.25544706054], 5, 0.0006721411779769609, 7.007623551757157e-14

14, 18, 8, [64.93065835909067, -1169.0689454890507, 8418.347534829114, -33917.10752736907, 84660.25805279867, -134584.05681679756, 133275.05945061857, -75223.66411587314, 18535.255289544217], 5, 0.0006715784504098721, 7.009621862329393e-14

14, 18, 8, [64.9306576728817, -1169.0689342628632, 8418.34745466183, -33917.10720097273, 84660.25722408012, -134584.0554731172, 133275.05809190773, -75223.66333244646, 18535.255092327698], 4, 0.0006697766619554981, 7.001844220572316e-14

14, 18, 8, [64.93065828012736, -1169.0689439781852, 8418.347522466234, -33917.107470605486, 84660.25789233949, -134584.056530188, 133275.0591341825, -75223.66391817557, 18535.255235976554], 4, 0.0006709689081439265, 6.999967391461622e-14

14, 18, 8, [64.93065828729436, -1169.0689444333332, 8418.347528103968, -33917.107503161795, 84660.25799904611, -134584.05674158933, 133275.05938609873, -75223.66408500809, 18535.255283292772], 4, 0.0006718299380719732, 7.006844849068347e-14

14, 18, 8, [64.93065716294875, -1169.0689259714773, 8418.347395837725, -33917.10696312771, 84660.25662459915, -134584.0545085899, 133275.0571244604, -75223.6627793355, 18535.25495432041], 15, 0.0006718248635409287, 7.008435149445061e-14

14, 18, 8, [64.93065919627112, -1169.0689590416735, 8418.347630609922, -33917.10791335714, 84660.25902293339, -134584.0583740425, 133275.06100963996, -75223.66500589887, 18535.25551137782], 5, 0.0006704532144534854, 7.011310219513937e-14

14, 18, 8, [64.93065830141069, -1169.0689445244586, 8418.347527731028, -33917.107497375335, 84660.25797327295, -134584.056681457, 133275.05930638945, -75223.66402795991, 18535.255266097833], 11, 0.000671934448736325, 7.011796621187421e-14

14, 18, 8, [64.93065813249326, -1169.0689419433143, 8418.347510609206, -33917.107433015066, 84660.25782343549, -134584.05646042273, 133275.05910486824, -75223.6639243021, 18535.255243115756], 5, 0.0006715549038167427, 7.005655593759204e-14

14, 18, 8, [64.93065894889595, -1169.0689549249173, 8418.347600693294, -33917.107789373964, 84660.25870247412, -134584.05784511953, 133275.06046529644, -75223.66468656043, 18535.25542962532], 3, 0.0006709640894263614, 7.009983733911425e-14

14, 18, 8, [64.93065822725141, -1169.0689432589663, 8418.34751841865, -33917.10745873692, 84660.2578743324, -134584.05652126877, 133275.05914621416, -75223.66393751887, 18535.255244023992], 2, 0.0006689207253846868, 6.966057665390566e-14

14, 18, 8, [64.93065787769946, -1169.0689373476953, 8418.347474783217, -33917.107275106166, 84660.25739250271, -134584.05571410616, 133275.05830321548, -75223.66343569192, 18535.255113664774], 2, 0.0006700970927186213, 6.949156388247005e-14

14, 18, 8, [64.93065828044456, -1169.068943903867, 8418.347521409863, -33917.10746432456, 84660.25787174159, -134584.05648980822, 133275.05908680006, -75223.66388733959, 18535.25522738701], 10, 0.0006712522321935592, 7.0118229273272e-14

14, 18, 8, [64.93065808392532, -1169.0689410270684, 8418.347503210447, -33917.10739947579, 84660.25772981698, -134584.05629530404, 133275.05892487828, -75223.6638132985, 18535.2552134328], 2, 0.0006705662149028785, 6.995484010389526e-14

14, 18, 8, [64.93065838720014, -1169.0689459452612, 8418.347538061298, -33917.107540426194, 84660.2580856943, -134584.0568697225, 133275.0595037184, -75223.66414624621, 18535.25529712709], 2, 0.0006682741068203524, 6.969488091677133e-14

14, 18, 8, [64.93065748355124, -1169.0689312280556, 8418.347433435272, -33917.10711636492, 84660.25701389596, -134584.0551399182, 133275.05776277318, -75223.66314724708, 18535.25504688519], 5, 0.0006718612389185003, 7.012618605218587e-14

14, 18, 8, [64.9306592803827, -1169.0689604325737, 8418.347640564953, -33917.107953648534, 84660.25912380987, -134584.0585340291, 133275.06116658234, -75223.66509293893, 18535.25553226276], 5, 0.0006712852863587715, 7.008101820160708e-14

14, 18, 8, [64.93065749022458, -1169.0689311238798, 8418.347431177102, -33917.107101049194, 84660.25695959144, -134584.0550270984, 133275.05762390088, -75223.66305304434, 18535.255019659853], 11, 0.0006719458657870734, 7.011316892904014e-14

14, 18, 8, [64.93065781471132, -1169.0689364612583, 8418.3474694746, -33917.107257605865, 84660.25735835556, -134584.05567509454, 133275.0582799127, -75223.66343130344, 18535.255114763724], 4, 0.0006678681858075327, 6.997931158936668e-14

14, 18, 8, [64.93065829079411, -1169.0689443034905, 8418.347525835698, -33917.10748844474, 84660.25794770224, -134584.05663558046, 133275.0592557926, -75223.66399649586, 18535.25525763161], 4, 0.0006702026057899496, 7.004353029216904e-14

14, 18, 8, [64.93065827911745, -1169.068944049931, 8418.347523607214, -33917.1074777828, 84660.25791687009, -134584.05657991138, 133275.05919416322, -75223.66395810292, 18535.25524729925], 9, 0.0006717845840491021, 7.01164560856403e-14

14, 18, 8, [64.93065852669068, -1169.068948393762, 8418.34755673202, -33917.10762124489, 84660.25830298508, -134584.05724142725, 133275.05989891506, -75223.66438507379, 18535.25535995162], 3, 0.0006685959397656491, 7.006511600797996e-14

14, 18, 8, [64.93065861405178, -1169.0689497148282, 8418.347565371807, -33917.10765310899, 84660.25837530271, -134584.05734452236, 133275.0599886472, -75223.66442835645, 18535.25536870397], 3, 0.0006684377376291936, 7.000774804205218e-14

14, 18, 8, [64.93066019844588, -1169.068975452789, 8418.347747757954, -33917.10838948725, 84660.26022807708, -134584.0603193489, 133275.0629652815, -75223.66612544694, 18535.255790815732], 6, 0.000671629003106995, 7.006305243648877e-14

14, 18, 8, [64.93065807835023, -1169.0689411064734, 8418.347505035821, -33917.107412179634, 84660.25777579518, -134584.05639258196, 133275.05904663674, -75223.66389718237, 18535.255238028993], 3, 0.0006709138968015125, 6.99981638553734e-14

14, 18, 8, [64.93065804513724, -1169.0689404644036, 8418.347499747624, -33917.10738779661, 84660.25770667885, -134584.05626890057, 133275.05890991268, -75223.66381168515, 18535.25521484642], 6, 0.0006711632011256945, 7.006776240037244e-14

14, 18, 8, [64.9306577282118, -1169.0689351956864, 8418.347461523806, -33917.10722973176, 84660.25729917275, -134584.0555981855, 133275.0582216488, -75223.66340908452, 18535.25511206372], 5, 0.0006705104039678376, 7.003104364865551e-14

14, 18, 8, [64.93065726368951, -1169.0689278473114, 8418.347410812086, -33917.10703033252, 84660.2568105943, -134584.054834318, 133275.0574775173, -75223.66299614764, 18535.255012131493], 2, 0.0006691548572872528, 7.003633195687014e-14

14, 18, 8, [64.93065826400833, -1169.0689438521704, 8418.347522558613, -33917.10747505304, 84660.25791403266, -134584.056582295, 133275.05920402726, -75223.6639683324, 18535.255251082508], 6, 0.0006705471580238969, 7.004844522249043e-14

14, 18, 8, [64.93065886818674, -1169.0689536441168, 8418.34759177744, -33917.1077537985, 84660.25861344585, -134584.05770199475, 133275.060320926, -75223.66460301747, 18535.255408393903], 6, 0.0006714916183061708, 7.009670661092012e-14

