13, 18, 14, [1431.3715127372, -7521.130456946863, 10790.33343285123, 3965.816342635935, -12680.60673330697, -11437.31465547488, 9634.589889017807, 23797.282364160517, 5879.843420446933, -30780.457220114862, -32712.760384935595, 29697.04578863987, 66014.3124568492, -80974.58565604281, 24896.047967938845], 2, 0.0011035212160764676, 1.1502279040240566e-13

13, 18, 14, [1431.3715047975081, -7521.130414402332, 10790.333369843525, 3965.8163218049917, -12680.606657563816, -11437.314590914462, 9634.58982754703, 23797.282222864727, 5879.843392021615, -30780.45702959139, -32712.760192245933, 29697.045597677807, 66014.31205596165, -80974.58514832234, 24896.04780897026], 8, 0.0010983089394729542, 1.1484304876759337e-13

13, 18, 14, [1431.371524491335, -7521.130520065167, 10790.33352664923, 3965.8163732435783, -12680.606846342938, -11437.3147511464, 9634.589981481133, 23797.282574855257, 5879.843461535753, -30780.457505800703, -32712.76067190821, 29697.04607658171, 66014.31305656464, -80974.58641929994, 24896.048207627275], 8, 0.001098943978702342, 1.1485912597814257e-13

13, 18, 14, [1431.3715034642853, -7521.1304069512, 10790.33335810769, 3965.816318766464, -12680.606642860716, -11437.314579757573, 9634.589814153183, 23797.282195767362, 5879.843389107122, -30780.456989978797, -32712.76015595282, 29697.04555502711, 66014.31197541801, -80974.58503951013, 24896.047773646234], 8, 0.0010986269620822367, 1.1484790233072734e-13

13, 18, 14, [1431.371507293815, -7521.13042787804, 10790.333390027472, 3965.81632820547, -12680.60668201974, -11437.314611313519, 9634.589847868794, 23797.28226837771, 5879.843400351534, -30780.457091962657, -32712.760254095076, 29697.045661161308, 66014.31218628657, -80974.58531562188, 24896.047861769828], 10, 0.0011024167716089267, 1.149206149509513e-13

13, 18, 14, [1431.3715089743455, -7521.130436604093, 10790.333402325057, 3965.8163330093635, -12680.60669627694, -11437.314624660234, 9634.58985817713, 23797.282295257464, 5879.843407927049, -30780.45712558854, -32712.76029130429, 29697.04569240437, 66014.31225945901, -80974.58540262972, 24896.047887981782], 4, 0.001104371793323618, 1.150638321207863e-13

13, 18, 14, [1431.3715101150933, -7521.130443032852, 10790.333412529366, 3965.8163356078308, -12680.606709107087, -11437.31463437333, 9634.589869865793, 23797.282318914353, 5879.843410562247, -30780.457160031383, -32712.76032306468, 29697.045729165115, 66014.31232950665, -80974.58549643478, 24896.047918231092], 8, 0.0011000651266496772, 1.1490724652432794e-13

13, 18, 14, [1431.3715128541464, -7521.130457939159, 10790.333435158596, 3965.8163423894725, -12680.60673679384, -11437.31465679421, 9634.589893605329, 23797.282370267727, 5879.843418619822, -30780.457232055378, -32712.760392467542, 29697.045804167592, 66014.31247859752, -80974.58569180606, 24896.047980653544], 8, 0.0011003672019691889, 1.149115214186254e-13

13, 18, 14, [1431.3715124770456, -7521.1304552547645, 10790.333429664912, 3965.8163423988776, -12680.606728898589, -11437.314653050851, 9634.58988402352, 23797.282356255808, 5879.843421311949, -30780.457206480896, -32712.760374790847, 29697.04577213368, 66014.31243087961, -80974.58561660226, 24896.04795438673], 8, 0.001098550243539545, 1.1483816893619964e-13

13, 18, 14, [1431.3715094805054, -7521.130439156401, 10790.333405745432, 3965.8163345654143, -12680.606700085813, -11437.314628595635, 9634.58986053974, 23797.28230252623, 5879.843410641624, -30780.45713387643, -32712.760301536226, 29697.04569928773, 66014.31227829389, -80974.58542320646, 24896.047893827857], 9, 0.0010987941837317216, 1.148462096411901e-13

13, 18, 14, [1431.371524845694, -7521.1305215516695, 10790.33352792218, 3965.8163747648764, -12680.606847090445, -11437.314753568668, 9634.589980198702, 23797.28257667488, 5879.84346515501, -30780.457504321308, -32712.760675223497, 29697.04607138452, 66014.31305707409, -80974.58641138564, 24896.048203586248], 4, 0.0011032967024744314, 1.1496884849597944e-13

13, 18, 14, [1431.3715256040582, -7521.130525967265, 10790.33353528999, 3965.8163761769706, -12680.606856662553, -11437.314760026258, 9634.589989789507, 23797.282594113367, 5879.843465444791, -30780.457531755215, -32712.76069813812, 29697.04610275597, 66014.31311128454, -80974.58648902972, 24896.048229587832], 8, 0.0010998746784598285, 1.14879244015281e-13

13, 18, 14, [1431.371516524024, -7521.130476763647, 10790.333461150949, 3965.816353210318, -12680.606766452329, -11437.314685678895, 9634.589913864393, 23797.282426448466, 5879.84343646491, -30780.457299905123, -32712.760470746827, 29697.04586475447, 66014.3126286627, -80974.58586478907, 24896.048031712693], 8, 0.0011002299648822625, 1.149229006576531e-13

13, 18, 14, [1431.3715050798385, -7521.130416140118, 10790.333372931904, 3965.8163222059675, -12680.606661714048, -11437.314593436113, 9634.589831995369, 23797.28223036081, 5879.843391648294, -30780.45704198048, -32712.760201973848, 29697.045612297352, 66014.31207995233, -80974.58518380058, 24896.04782102365], 9, 0.001100373551541388, 1.1489843661822448e-13

13, 18, 14, [1431.3715161222117, -7521.130475120304, 10790.33345987503, 3965.816351404465, -12680.606765899136, -11437.314682950702, 9634.589915809674, 23797.28242487512, 5879.84343200189, -30780.457302804687, -32712.76046752581, 29697.045872453415, 66014.31263016669, -80974.58587775654, 24896.048037807926], 8, 0.0010987769455300255, 1.1485313180442154e-13

13, 18, 14, [1431.3715133833555, -7521.130459941607, 10790.333436271638, 3965.816344923504, -12680.606736581003, -11437.314660097061, 9634.589889760615, 23797.282370688452, 5879.843424965174, -30780.4572250741, -32712.760394608897, 29697.04579018141, 66014.31247092987, -80974.5856660489, 24896.047969702347], 8, 0.001100578824578901, 1.1489557486382849e-13

13, 18, 14, [1431.3715187744328, -7521.130489149326, 10790.333480256133, 3965.8163585911957, -12680.606790073269, -11437.314704262602, 9634.589934690963, 23797.282470129496, 5879.843442329902, -30780.457362360143, -32712.760529525196, 29697.045930867567, 66014.31275687841, -80974.58603533928, 24896.048086652885], 8, 0.0011029587374014507, 1.1496685623993915e-13

13, 18, 14, [1431.3715185649473, -7521.1304883139155, 10790.333479640558, 3965.816357682527, -12680.606789846446, -11437.31470295767, 9634.589935667207, 23797.282469456986, 5879.843440268719, -30780.457363759884, -32712.76052816005, 29697.045934284004, 66014.31275762324, -80974.5860408449, 24896.048089156146], 7, 0.0011041064417154438, 1.150067994477175e-13

13, 18, 14, [1431.3715022936155, -7521.130400957187, 10790.333349884195, 3965.8163152430757, -12680.606633537633, -11437.314570476325, 9634.589808014833, 23797.282178047408, 5879.843383023403, -30780.45696915105, -32712.76013110902, 29697.045537177513, 66014.31192883919, -80974.58498754131, 24896.04775869631], 7, 0.0011031828025403051, 1.1500438590611058e-13

13, 18, 14, [1431.3715238874397, -7521.130516852672, 10790.333521961462, 3965.816371591109, -12680.606840774595, -11437.31474621463, 9634.5899771688, 23797.282564418016, 5879.843459042997, -30780.4574922159, -32712.760657555165, 29697.046063505983, 66014.31302757528, -80974.58638385532, 24896.0481967837], 7, 0.0011022456711786799, 1.1497507675491783e-13

13, 18, 14, [1431.3715165534563, -7521.13047748359, 10790.333463477624, 3965.8163524924216, -12680.606770309201, -11437.314686560476, 9634.589919536986, 23797.282433072596, 5879.84343343233, -30780.45731410984, -32712.760478668886, 29697.04588394257, 66014.31265367981, -80974.58590787028, 24896.048047274024], 3, 0.0011039306666745519, 1.15015333112832e-13

13, 18, 14, [1431.3715134049999, -7521.130460622014, 10790.333438520252, 3965.816344232593, -12680.606740316483, -11437.314660990223, 9634.589895197623, 23797.282377124902, 5879.8434221925245, -30780.45723864544, -32712.7604023868, 29697.04580823897, 66014.31249489514, -80974.58570660026, 24896.047984210898], 9, 0.001101236126755804, 1.1492967584154779e-13

13, 18, 14, [1431.37151403919, -7521.130464341639, 10790.333444758655, 3965.816345424186, -12680.606748434071, -11437.314666491471, 9634.589903289394, 23797.282391930683, 5879.843422574582, -30780.457261752712, -32712.760421911684, 29697.04583437928, 66014.31254063318, -80974.58577139038, 24896.048005751494], 4, 0.0011042125194216607, 1.150506994746762e-13

13, 18, 14, [1431.3715141967175, -7521.1304651153305, 10790.333445759195, 3965.816345910197, -12680.606749520131, -11437.314667651588, 9634.589903931297, 23797.282394003974, 5879.843423364753, -30780.457264108943, -32712.760424809516, 29697.045836416295, 66014.31254603663, -80974.58577752922, 24896.04800757464], 3, 0.0011037401125953685, 1.1508377595526177e-13

13, 18, 14, [1431.3715069709285, -7521.130426196144, 10790.333387633787, 3965.8163273133314, -12680.606679218996, -11437.314608777335, 9634.589845746026, 23797.28226312384, 5879.84339906737, -30780.45708514306, -32712.76024689093, 29697.045654505313, 66014.31217165901, -80974.58529747876, 24896.047856136785], 8, 0.0010987430530075542, 1.148338622127949e-13

13, 18, 14, [1431.3715139062144, -7521.130463411131, 10790.333442904295, 3965.816345356676, -12680.606745809568, -11437.314665119777, 9634.589900253162, 23797.28238723048, 5879.843423144002, -30780.45725359637, -32712.76041585988, 29697.045824592675, 66014.31252519216, -80974.5857481748, 24896.047997850008], 8, 0.001100891503759404, 1.1490833721320755e-13

13, 18, 14, [1431.3715157246365, -7521.1304732237895, 10790.333457585528, 3965.8163500412884, -12680.606763581116, -11437.314680000462, 9634.589914954924, 23797.282420322223, 5879.843429336913, -30780.457298773796, -32712.76046087909, 29697.045870363272, 66014.31261972214, -80974.58586900638, 24896.048035873544], 8, 0.0010989297651852617, 1.1483709653193829e-13

13, 18, 14, [1431.371512332077, -7521.130454450752, 10790.333428452459, 3965.816341977887, -12680.606727441422, -11437.314651732233, 9634.589882946131, 23797.28235350659, 5879.8434204926525, -30780.45720312723, -32712.760370930446, 29697.04576928731, 66014.3124236016, -80974.58560862907, 24896.047952168876], 8, 0.001102769034358935, 1.1498060787848722e-13

13, 18, 14, [1431.3715105243132, -7521.13044529585, 10790.333416076961, 3965.8163365024834, -12680.606713554487, -11437.314637667736, 9634.589874024168, 23797.28232707595, 5879.843411165598, -30780.457172323604, -32712.76033387641, 29697.045742905884, 66014.31235429234, -80974.58553117805, 24896.047929783388], 4, 0.0011051952621630933, 1.1512716139523843e-13

13, 18, 14, [1431.3715149330035, -7521.130468596825, 10790.333449857946, 3965.816348533589, -12680.60675355025, -11437.314673159139, 9634.58990500097, 23797.282402021046, 5879.843428798985, -30780.457270288753, -32712.760436739296, 29697.04583816949, 66014.31256326882, -80974.58578909432, 24896.048009301943], 10, 0.001099122890847249, 1.1485205611541946e-13

