13, 18, 12, [3544.557696222867, -16257.01499301249, 17502.5463390717, 15190.813374963322, -17451.2671060936, -31390.99107769022, 1794.2589435907578, 49000.044933476274, 35890.10231254233, -57376.09166645446, -88345.47938300672, 133526.27294871528, -45634.19861658605], 13, 0.004900600855319346, 4.835125762443718e-13

13, 18, 12, [3544.5576777337155, -16257.014906586903, 17502.546242835517, 15190.813295234488, -17451.26700675272, -31390.99090713554, 1794.2589258866765, 49000.04465762715, 35890.10212067523, -57376.09133320238, -88345.47889094752, 133526.2721791608, -45634.19834874665], 14, 0.004923255002076058, 4.833904274931594e-13

13, 18, 12, [3544.5576819626713, -16257.014926270835, 17502.546264591594, 15190.813313450983, -17451.267029038896, -31390.99094580222, 1794.2589294779618, 49000.044719655365, 35890.1021643533, -57376.0914075837, -88345.47900186367, 133526.2723511907, -45634.19840835007], 13, 0.00490267827593823, 4.837863058572295e-13

13, 18, 12, [3544.557677058531, -16257.014903500176, 17502.546239524723, 15190.813292349738, -17451.267003461027, -31390.99090119428, 1794.2589255623295, 49000.044648371935, 35890.102113883615, -57376.091322368746, -88345.47887425043, 133526.2721539198, -45634.198340112926], 13, 0.004909164938654843, 4.843427304063522e-13

13, 18, 12, [3544.5576846672557, -16257.01493919302, 17502.54627951274, 15190.813325192114, -17451.267044995126, -31390.990971902214, 1794.258933526352, 49000.04476348677, 35890.10219316743, -57376.09146224637, -88345.47907919328, 133526.2724765204, -45634.198452779085], 12, 0.004910431085626221, 4.844046940803728e-13

13, 18, 12, [3544.5576826253573, -16257.01492975795, 17502.546269219216, 15190.81331641185, -17451.26703459512, -31390.990953515255, 1794.2589321738599, 49000.04473441957, 35890.10217224512, -57376.09142786343, -88345.47902698744, 133526.27239677444, -45634.19842538296], 13, 0.0049006426770796885, 4.834652929662749e-13

13, 18, 12, [3544.557678463174, -16257.014909947264, 17502.54624647309, 15190.813298379933, -17451.26701038882, -31390.990913664555, 1794.2589262542351, 49000.04466781347, 35890.10212816859, -57376.091345063905, -88345.47890931516, 133526.2722067081, -45634.198358099566], 12, 0.0049151891959582274, 4.847217627632686e-13

13, 18, 12, [3544.557679502192, -16257.014914740306, 17502.54625169479, 15190.81330283509, -17451.267015664536, -31390.99092298566, 1794.258926956612, 49000.0446825682, 35890.10213875222, -57376.09136257455, -88345.47893580538, 133526.27224734708, -45634.198372106446], 12, 0.004904109356115673, 4.83933886226288e-13

13, 18, 12, [3544.557683322634, -16257.014932892174, 17502.546272462878, 15190.813319394996, -17451.267037678495, -31390.99095943576, 1794.2589321282921, 49000.04474319878, 35890.10217919404, -57376.09143758493, -88345.47904306946, 133526.2724196215, -45634.19843289471], 13, 0.004912819216429275, 4.832476951214259e-13

13, 18, 12, [3544.557672646025, -16257.014883266707, 17502.54621774691, 15190.813273423435, -17451.26698177023, -31390.990862102863, 1794.2589234280765, 49000.04458747066, 35890.10206910832, -57376.09125127985, -88345.4787643853, 133526.27198849877, -45634.19828372826], 13, 0.004913908782508118, 4.832698852764581e-13

13, 18, 12, [3544.557690058798, -16257.014963956128, 17502.546306248838, 15190.813348322781, -17451.26707171849, -31390.99101983182, 1794.2589363774778, 49000.04483844012, 35890.102247961324, -57376.09155006918, -88345.47921425357, 133526.27268073228, -45634.19852255622], 10, 0.004926229337376935, 4.853626251962057e-13

13, 18, 12, [3544.5576800018794, -16257.014917194609, 17502.546254649424, 15190.813305027796, -17451.26701894163, -31390.99092808355, 1794.2589280277177, 49000.04469146853, 35890.10214427245, -57376.0913740036, -88345.4789513344, 133526.27227335953, -45634.19838147249], 2, 0.0049246740782595624, 4.859523142908291e-13

13, 18, 12, [3544.557688531717, -16257.014957251715, 17502.546299609425, 15190.81334185704, -17451.267065726057, -31390.99100752805, 1794.2589371878255, 49000.04482106235, 35890.10223326175, -57376.09153175175, -88345.47918191897, 133526.2726370452, -45634.19850862366], 11, 0.00493114434293104, 4.856006046487804e-13

13, 18, 12, [3544.557683486508, -16257.014933783898, 17502.546273686927, 15190.813320147357, -17451.267039174596, -31390.990961466963, 1794.2589328843792, 49000.04474714376, 35890.10218127246, -57376.09144301075, -88345.47904975667, 133526.2724317466, -45634.19843740872], 15, 0.004909618661087634, 4.843531644677126e-13

13, 18, 12, [3544.5576850081106, -16257.014940519373, 17502.54628047724, 15190.813326593718, -17451.267045452558, -31390.990973949996, 1794.2589324264068, 49000.04476521337, 35890.102196017906, -57376.091462632976, -88345.47908311232, 133526.27247826935, -45634.1984525726], 15, 0.004927737617499133, 4.854025854723932e-13

13, 18, 12, [3544.5576939067596, -16257.014982278208, 17502.54632729323, 15190.813365002798, -17451.267094115698, -31390.991056704566, 1794.2589418467383, 49000.044900059955, 35890.10228875926, -57376.09162663386, -88345.47932312102, 133526.27285646298, -45634.19858473487], 14, 0.004901837314155063, 4.837465259788688e-13

13, 18, 12, [3544.557691174022, -16257.014969121576, 17502.5463119022, 15190.81335312893, -17451.26707744382, -31390.991029925364, 1794.2589371420188, 49000.04485442339, 35890.10225944653, -57376.091568983305, -88345.47924294388, 133526.2727245654, -45634.19853761006], 13, 0.004912034652047735, 4.84509540165646e-13

13, 18, 12, [3544.5576872957854, -16257.014950892615, 17502.54629142211, 15190.81333636494, -17451.267056122986, -31390.990993734442, 1794.2589329690154, 49000.04479538565, 35890.10221888578, -57376.09149716847, -88345.47913790056, 133526.27255904916, -45634.198479789375], 13, 0.004900530042826223, 4.834307208971529e-13

13, 18, 12, [3544.557692484748, -16257.014975010376, 17502.54631801669, 15190.813358701786, -17451.26708330446, -31390.991041035355, 1794.2589372233379, 49000.04487109644, 35890.10227236588, -57376.0915877964, -88345.47927337344, 133526.272768768, -45634.19855238337], 11, 0.004925592693415067, 4.853128394476329e-13

13, 18, 12, [3544.5576761879774, -16257.01489974212, 17502.54623594375, 15190.813288667086, -17451.267000404732, -31390.990894440434, 1794.2589264357227, 49000.04463934969, 35890.102105617625, -57376.091313535035, -88345.47885715078, 133526.27213252263, -45634.19833367027], 13, 0.004900433716332858, 4.834530879007645e-13

13, 18, 12, [3544.557687364216, -16257.014951459469, 17502.54629252412, 15190.81333672752, -17451.267057751767, -31390.990995381213, 1794.2589343308598, 49000.044799488016, 35890.10222024894, -57376.09150365135, -88345.47914445671, 133526.27257322668, -45634.19848544856], 10, 0.004928920564502018, 4.854940001533784e-13

13, 18, 12, [3544.557687053597, -16257.014949862409, 17502.546290476846, 15190.813335338322, -17451.267055365526, -31390.990991917213, 1794.2589333257488, 49000.04479310471, 35890.102216602325, -57376.09149514595, -88345.47913348424, 133526.27255405116, -45634.19847841429], 12, 0.004903350791740706, 4.838755296807429e-13

13, 18, 12, [3544.557675439881, -16257.014896450433, 17502.54623264891, 15190.813285524502, -17451.266997369512, -31390.990888389082, 1794.2589266507825, 49000.04463058344, 35890.10209850449, -57376.09130393339, -88345.47884097096, 133526.2721096921, -45634.198326148835], 13, 0.004909673165092131, 4.843714325894913e-13

13, 18, 12, [3544.557684996687, -16257.014940631305, 17502.54628091225, 15190.813326595646, -17451.267046220804, -31390.99097452486, 1794.2589332512591, 49000.04476706778, 35890.102196357475, -57376.09146583689, -88345.47908592927, 133526.27248514182, -45634.19845541513], 12, 0.00491897201091242, 4.84944415402562e-13

13, 18, 12, [3544.5576928885257, -16257.014977027826, 17502.546320507492, 15190.8133604829, -17451.267086127133, -31390.99104529492, 1794.258938269007, 49000.04487871492, 35890.10227691489, -57376.09159776158, -88345.479286576, 133526.2727913663, -45634.19856060537], 13, 0.00490055795454963, 4.834474641341904e-13

13, 18, 12, [3544.5576777256933, -16257.014906733884, 17502.54624335695, 15190.813295242266, -17451.267007670347, -31390.990907818334, 1794.2589268902802, 49000.044659857784, 35890.10212104785, -57376.0913371205, -88345.4788943308, 133526.2721876164, -45634.19835228378], 13, 0.004900735095728462, 4.834739071816025e-13

13, 18, 12, [3544.557672494268, -16257.014882185076, 17502.546215821127, 15190.813272682992, -17451.266979017873, -31390.990859176265, 1794.2589212449132, 49000.04458046806, 35890.10206661323, -57376.09124035504, -88345.47875309493, 133526.27196446282, -45634.19827416421], 12, 0.0049062953951899985, 4.841449351106962e-13

13, 18, 12, [3544.5576869522656, -16257.014949582826, 17502.54629053362, 15190.813334956765, -17451.26705580636, -31390.990991780698, 1794.258934234785, 49000.04479399946, 35890.102216072366, -57376.09149740355, -88345.47913448926, 133526.27255864273, -45634.19848056794], 12, 0.004915841046044035, 4.8476841579017e-13

13, 18, 12, [3544.557678811185, -16257.014911614991, 17502.546248417857, 15190.81329987903, -17451.267012497487, -31390.990917040224, 1794.2589268710392, 49000.04467359379, 35890.10213183647, -57376.09135243343, -88345.47891945671, 133526.27222359678, -45634.19836418377], 10, 0.004927527422548109, 4.854295626754861e-13

13, 18, 12, [3544.557683410897, -16257.014932634722, 17502.54627090174, 15190.813319588959, -17451.26703474, -31390.990957494632, 1794.258928714911, 49000.04473617832, 35890.102178325855, -57376.09142499608, -88345.47903260171, 133526.27239269976, -45634.19842157896], 2, 0.004926578826544828, 4.857140416456277e-13

