14, 18, 9, [-0.6494787558151817, -107.92521630238988, 953.5067187472891, -4087.6896201204763, 10638.381095126764, -17981.90211266739, 19966.439632467653, -14115.388043479787, 5780.228894142561, -1046.1381116328064], 2, 2.745114589597312e-06, 1.3522806733799757e-14

14, 18, 9, [-0.6494789642688393, -107.92521304161967, 953.5066961852409, -4087.689529495311, 10638.38086226195, -17981.901715729164, 19966.439183618593, -14115.38771880769, 5780.228757819122, -1046.138086316719], 6, 2.7517485402206306e-06, 1.3542285427835259e-14

14, 18, 11, [10.586438848329022, -282.2315237368508, 2108.6330642768453, -8220.10005291458, 18462.29353186805, -21380.947067622914, -492.5310160704536, 42622.55936575965, -69248.10899788645, 56294.99678872548, -24353.189564264816, 4477.411281172021], 7, 5.847748964232586e-07, 2.6500858693152186e-15

14, 18, 9, [-0.6494789266830359, -107.9252136986633, 953.5067012019412, -4087.689551502023, 10638.38092348782, -17981.901827912265, 19966.439319136698, -14115.38782297569, 5780.228804085397, -1046.1380953691655], 6, 2.751054908060571e-06, 1.3540561785611953e-14

14, 18, 11, [10.586439410496363, -282.2315324320329, 2108.6331225555573, -8220.100270966564, 18462.294010834165, -21380.94761019258, -492.53104584637384, 42622.56046277497, -69248.1107380106, 56294.99817337426, -24353.190149078502, 4477.411385731323], 13, 5.834165173295886e-07, 2.6472265755591107e-15

14, 18, 9, [-0.6494787738909233, -107.92521600232433, 953.50671655806, -4087.689610902897, 10638.38107043075, -17981.902068978416, 19966.439581403367, -14115.38800543135, 5780.228877732944, -1046.1381085098665], 2, 2.7433145155946483e-06, 1.3524511188451673e-14

14, 18, 11, [10.586438693027455, -282.2315207686279, 2108.63304020603, -8220.099945182414, 18462.293248280464, -21380.946664085546, -492.5311185123473, 42622.5586427329, -69248.10755627562, 56294.995450584094, -24353.18891732136, 4477.411149772344], 14, 5.747708389521437e-07, 2.634766018330539e-15

14, 18, 9, [-0.6494790778327658, -107.92521124477587, 953.5066836410153, -4087.689478777514, 10638.380731377094, -17981.901492131004, 19966.438930717926, -14115.387536164892, 5780.228681383079, -1046.1380721908845], 5, 2.751536930202471e-06, 1.354002564806028e-14

14, 18, 9, [-0.6494790633755647, -107.92521142085529, 953.5066845146489, -4087.6894809039095, 10638.380733279771, -17981.901489269763, 19966.438920520617, -14115.387523697687, 5780.228673983232, -1046.1380704088917], 25, 2.751981087030197e-06, 1.3534858837775028e-14

14, 18, 9, [-0.6494790608574678, -107.9252115293296, 953.50668572583, -4087.6894875464436, 10638.38075472447, -17981.901532954504, 19966.43897760747, -14115.38757028371, 5780.228695654104, -1046.1380748047127], 11, 2.753645784194923e-06, 1.3540056631079256e-14

14, 18, 9, [-0.6494789592128005, -107.92521307679895, 953.5066961520108, -4087.6895283600115, 10638.380857047901, -17981.90170338618, 19966.43916625353, -14115.387704123643, 5780.2287508963445, -1046.138084913507], 35, 2.7527844494518747e-06, 1.3535242748498641e-14

14, 18, 9, [-0.6494793985703456, -107.92520616702237, 953.5066480883139, -4087.6893342740113, 10638.380355615669, -17981.90084380528, 19966.43818847522, -14115.386992413956, 5780.228450079827, -1046.1380286581648], 4, 2.7488112032008005e-06, 1.353825096542577e-14

14, 18, 9, [-0.6494790167821539, -107.925212172145, 953.5066898551195, -4087.689502875493, 10638.380790952726, -17981.901589459903, 19966.439035742344, -14115.387608306544, 5780.228709989375, -1046.138077176223], 25, 2.7523506173475304e-06, 1.3534986631689136e-14

14, 18, 9, [-0.6494786146907436, -107.92521851075895, 953.5067340283344, -4087.6896814973456, 10638.381252843667, -17981.90238158362, 19966.43993674225, -14115.388263808176, 5780.228986797893, -1046.1381288752918], 2, 2.744147340474151e-06, 1.3527262958389382e-14

14, 18, 9, [-0.6494791600436448, -107.92520995119771, 953.5066746058059, -4087.689442012449, 10638.380635345447, -17981.90132518672, 19966.43873761596, -14115.387392902521, 5780.228619542727, -1046.1380603612606], 2, 2.743714313825636e-06, 1.3528750012623603e-14

14, 18, 9, [-0.6494789706773451, -107.92521291578082, 953.5066951552907, -4087.689524790151, 10638.38084889225, -17981.901691055406, 19966.43915390853, -14115.387696226815, 5780.228747965499, -1046.1380844322805], 12, 2.7522646373497046e-06, 1.353763305629078e-14

14, 18, 9, [-0.6494789533878216, -107.92521318030659, 953.506696941422, -4087.689531773634, 10638.380866310043, -17981.901719784157, 19966.43918523267, -14115.387717989204, 5780.228756703219, -1046.138085976182], 5, 2.7525399721254943e-06, 1.3543816725929482e-14

14, 18, 9, [-0.6494792189713469, -107.92520913615847, 953.5066697200857, -4087.6894254586787, 10638.380600769093, -17981.90127986651, 19966.438701758034, -14115.387378045969, 5780.228617920389, -1046.1380609077642], 6, 2.7496770338356045e-06, 1.3540911851170292e-14

14, 18, 9, [-0.6494788664075405, -107.92521458143189, 953.5067069089159, -4087.689572878049, 10638.380974609412, -17981.901908860964, 19966.43940399525, -14115.387879754566, 5780.22882608244, -1046.1380991271642], 14, 2.7527567124790312e-06, 1.3536415492253103e-14

14, 18, 9, [-0.6494786043809, -107.92521863002624, 953.5067345746485, -4087.689682620795, 10638.381253108555, -17981.902377788247, 19966.43992789663, -14115.388254291165, 5780.2289815636495, -1046.1381276859827], 2, 2.735857269111596e-06, 1.3508983912446009e-14

14, 18, 9, [-0.6494787938959863, -107.92521566593629, 953.5067140825187, -4087.689600431628, 10638.381042361185, -17981.902019508852, 19966.439524066707, -14115.387963279813, 5780.228859895431, -1046.1381051992926], 2, 2.747779471920714e-06, 1.3524035575155288e-14

14, 18, 9, [-0.6494786894218438, -107.92521739356485, 953.5067266643402, -4087.6896534093526, 10638.381184529022, -17981.902271720486, 19966.43981992756, -14115.388184628706, 5780.228955756024, -1046.1381235131298], 9, 2.751203213898259e-06, 1.3538464228781707e-14

14, 18, 11, [10.586437958757482, -282.2315093223754, 2108.6329626748548, -8220.099651012823, 18462.29258960307, -21380.94589319257, -492.53111666277636, 42622.55711421525, -69248.10502881977, 56294.99336715695, -24353.188004295444, 4477.410979802369], 15, 5.713478935893253e-07, 2.63051283514272e-15

14, 18, 9, [-0.649478583601195, -107.92521900563511, 953.5067375255301, -4087.689695893044, 10638.381290868569, -17981.902448394707, 19966.440014797703, -14115.388322256791, 5780.229012243419, -1046.1381337807284], 5, 2.748122275720965e-06, 1.353413870566141e-14

14, 18, 9, [-0.6494788650896367, -107.9252145704038, 953.5067066157673, -4087.6895708394527, 10638.380967188255, -17981.90189254929, 19966.439381487657, -14115.387860599727, 5780.228816863647, -1046.138097203158], 3, 2.747902846951411e-06, 1.3539464077643557e-14

14, 18, 9, [-0.649479442398914, -107.9252056452722, 953.5066455941254, -4087.689328661124, 10638.3803523072, -17981.900856751647, 19966.43822372342, -14115.387032524934, 5780.228472937087, -1046.1380339980885], 25, 2.752742465637367e-06, 1.3535607675678221e-14

14, 18, 9, [-0.6494786980288068, -107.92521729437875, 953.5067262034621, -4087.6896523892615, 10638.38118386842, -17981.902273667532, 19966.439825335005, -14115.388190689402, 5780.228959142197, -1046.1381242886685], 8, 2.7533811377750206e-06, 1.3540036491855623e-14

14, 18, 9, [-0.6494791929531377, -107.92520947424887, 953.5066715751207, -4087.689430945255, 10638.380609795347, -17981.90128660645, 19966.438699640832, -14115.387369522283, 5780.228611436116, -1046.1380591710488], 25, 2.7526983190162464e-06, 1.3535362767625612e-14

14, 18, 9, [-0.6494790986192799, -107.92521103202391, 953.5066829150503, -4087.6894787222077, 10638.380738221229, -17981.90151507427, 19966.438968699655, -14115.387571838306, 5780.228699597093, -1046.138076137121], 11, 2.7523234031115786e-06, 1.3537731024723519e-14

14, 18, 9, [-0.6494790104055725, -107.92521230994717, 953.5066910718278, -4087.689508815537, 10638.380808901707, -17981.901624590137, 19966.439080538225, -14115.387644334898, 5780.228726621502, -1046.1380805412223], 4, 2.7499832593936788e-06, 1.3543646112419665e-14

