14, 18, 18, [-18.762641254297957, 165.43011127454977, -905.8569075997121, 3423.6995521615277, -9342.020013214338, 18540.840348505568, -25821.496026890163, 21887.69583448156, -3599.589105249864, -15563.277035687406, 15251.679876168557, 4467.7780854088705, -17760.10826876315, 6744.726507154557, 14066.605794551368, -21291.439143740332, 13567.637852118994, -4417.560289188218, 603.0164755806961], 3, 8.64071806475239e-08, 1.3636733843261852e-16

14, 18, 18, [-18.762641272952294, 165.43011177439922, -905.8569135586301, 3423.699593802201, -9342.020201837076, 18540.84092359753, -25821.4971982482, 21887.697303274785, -3599.589845124313, -15563.277801485956, 15251.681252966839, 4467.777998281077, -17760.109702685186, 6744.727436540864, 14066.606809093644, -21291.441160543607, 13567.639283850394, -4417.560790705247, 603.0165480982134], 4, 8.181037996908922e-08, 1.3025277355402685e-16

14, 18, 18, [-18.762641316148297, 165.4301130305383, -905.8569298907756, 3423.6997188296245, -9342.02082498071, 18540.843024924256, -25821.50197332544, 21887.704137440855, -3599.594348625543, -15563.280526467423, 15251.6885971283, 4467.776135437665, -17760.11708033165, 6744.733833656182, 14066.611595220407, -21291.453314667408, 13567.648709415122, -4417.564300021765, 603.0170803626814], 3, 8.368080820257187e-08, 1.3253905115618736e-16

14, 18, 18, [-18.76264131136688, 165.43011286970705, -905.8569275338209, 3423.699698897052, -9342.020716947434, 18540.842633481112, -25821.501025138656, 21887.702692479936, -3599.5933014166603, -15563.280025050437, 15251.686960880706, 4467.776659006652, -17760.115458177253, 6744.732296655657, 14066.61057838056, -21291.45049843983, 13567.646469313777, -4417.563452360778, 603.0169502298459], 3, 8.388456781049401e-08, 1.3334424348825372e-16

14, 18, 18, [-18.762641284586643, 165.43011213962023, -905.8569186511986, 3423.699635344661, -9342.020421154559, 18540.84170298206, -25821.499058283513, 21887.700102213366, -3599.591839931357, -15563.278798915484, 15251.684394062771, 4467.77702926042, -17760.112824961794, 6744.730349364517, 14066.608779865477, -21291.446529625817, 13567.643532785565, -4417.5623926719145, 603.0167932805513], 3, 8.377970123295284e-08, 1.3273587454949198e-16

14, 18, 18, [-18.762641282551524, 165.43011206942597, -905.8569176216572, 3423.699626786131, -9342.020376258772, 18540.841547959393, -25821.498707184557, 21887.69961840814, -3599.5915634788853, -15563.278554623843, 15251.683908800691, 4467.777062150678, -17760.11231850625, 6744.730047309314, 14066.608406987007, -21291.445873853132, 13567.643115587522, -4417.562265336555, 603.0167779066786], 4, 8.045482058239922e-08, 1.2847219315376864e-16

14, 18, 18, [-18.762641296001892, 165.43011245450478, -905.8569225408683, 3423.6996637049374, -9342.020556213445, 18540.84213969425, -25821.500012884047, 21887.701417339296, -3599.592659168138, -15563.279353496908, 15251.685764146976, 4467.776719400497, -17760.114207754126, 6744.731515404639, 14066.609682330465, -21291.448782982305, 13567.645281216823, -4417.563046755317, 603.0168932175403], 3, 8.438713743219808e-08, 1.3394350162544886e-16

14, 18, 18, [-18.76264129020583, 165.43011226940297, -905.8569199069896, 3423.699641735842, -9342.020437457622, 18540.84170700964, -25821.49895194782, 21887.699768468552, -3599.5914142315264, -15563.278834220877, 15251.683854802515, 4467.777416101919, -17760.112332653058, 6744.729612779281, 14066.608546651923, -21291.445368134537, 13567.642488991685, -4417.561967519211, 603.0167243698597], 4, 7.65776864608527e-08, 1.2424412095684035e-16

14, 18, 18, [-18.76264126376853, 165.43011153852405, -905.8569109049724, 3423.6995766499153, -9342.020131929095, 18540.840739783263, -25821.49689991217, 21887.69706608117, -3599.5899057704255, -15563.277528477898, 15251.681188682629, 4467.777748885345, -17760.109585752853, 6744.72766519859, 14066.60664125511, -21291.44134233209, 13567.639578325618, -4417.560939745126, 603.0165755070053], 4, 7.44787345056808e-08, 1.217521431333288e-16

14, 18, 18, [-18.762641292108995, 165.43011233373346, -905.856920872494, 3423.699650170632, -9342.020484862187, 18540.84188547407, -25821.499402182963, 21887.700487695016, -3599.5919790650005, -15563.279041530788, 15251.684706463466, 4467.777077773445, -17760.113163466984, 6744.730492801001, 14066.609039093386, -21291.44692495896, 13567.643779272797, -4417.562470639876, 603.0168036125963], 4, 7.547712649403743e-08, 1.2288802659594477e-16

14, 18, 18, [-18.762641255640027, 165.4301113184267, -905.8569082495898, 3423.6995578522915, -9342.020045622534, 18540.84047305067, -25821.496349394998, 21887.696366691467, -3599.5895465820518, -15563.27716554993, 15251.680526527774, 4467.777791374002, -17760.108896170903, 6744.727223210845, 14066.606150913045, -21291.440383276647, 13567.638905885982, -4417.560707247877, 603.016542344429], 4, 8.230753733788463e-08, 1.3107150311155912e-16

14, 18, 18, [-18.762641276046317, 165.43011191066856, -905.8569159157787, 3423.6996161834836, -9342.020334311279, 18540.841439311538, -25821.498528472202, 21887.699460434418, -3599.5915601972415, -15563.278415761804, 15251.6838276119, 4467.776975422271, -17760.112215392524, 6744.730082239394, 14066.608306972654, -21291.445836610692, 13567.643135833967, -4417.562284150281, 603.0167819863377], 4, 8.375674540725017e-08, 1.3284775378011764e-16

14, 18, 18, [-18.762641283173625, 165.4301120464392, -905.8569168203148, 3423.6996170195416, -9342.020310343874, 18540.84126936663, -25821.49794518226, 21887.698320678617, -3599.590465873657, -15563.27824301074, 15251.682303491776, 4467.777781311409, -17760.11076881219, 6744.728304496771, 14066.607516342669, -21291.44285768553, 13567.640577121492, -4417.561266681126, 603.0166196362943], 2, 8.345285888253616e-08, 1.3489250146112694e-16

14, 18, 18, [-18.76264125267107, 165.43011120550557, -905.8569064588796, 3423.6995418600723, -9342.019955428217, 18540.84013610757, -25821.495512582416, 21887.695061735692, -3599.588569416659, -15563.27673879337, 15251.679021760092, 4467.778310192564, -17760.10741228526, 6744.725768840878, 14066.605235106521, -21291.437751013967, 13567.636787985986, -4417.55989912436, 603.0164173796813], 3, 8.313982773424104e-08, 1.3272678623388172e-16

14, 18, 18, [-18.762641282617185, 165.43011208408728, -905.856917939454, 3423.6996298913386, -9342.020393612693, 18540.841607947175, -25821.498835452152, 21887.699769624287, -3599.591602363606, -15563.278683130457, 15251.684020363204, 4467.777150447343, -17760.11245448826, 6744.729993457385, 14066.608549271185, -21291.445878188926, 13567.643010241949, -4417.5621935869885, 603.0167625359658], 3, 8.484043086842304e-08, 1.344419421545301e-16

14, 18, 18, [-18.762641292489608, 165.43011235443345, -905.8569212625176, 3423.6996540426317, -9342.020508364363, 18540.8419782153, -25821.49964264137, 21887.700876688985, -3599.5922835002857, -15563.279159695787, 15251.685167215686, 4467.776908083609, -17760.113616107505, 6744.730946875189, 14066.609316480724, -21291.4477368428, 13567.644433377163, -4417.562719848443, 603.0168420406146], 4, 7.871973280026202e-08, 1.267203754949645e-16

14, 18, 18, [-18.762641316830454, 165.43011305140908, -905.8569301702624, 3423.699720994578, -9342.020835731795, 18540.843060510262, -25821.50205133336, 21887.70424210796, -3599.594406347984, -15563.280580310913, 15251.688700419394, 4467.776129692133, -17760.117188617296, 6744.733897305796, 14066.611675351445, -21291.453454323662, 13567.648797721993, -4417.56432671029, 603.0170835261966], 4, 8.28085428523712e-08, 1.3132608351693762e-16

14, 18, 18, [-18.76264134605894, 165.43011387357407, -905.856940517642, 3423.6997977379065, -9342.021206641719, 18540.844274186777, -25821.504726822608, 21887.707943678015, -3599.5967027907222, -15563.282171945892, 15251.69255290284, 4467.775323430723, -17760.12109240584, 6744.737072147114, 14066.614265855767, -21291.45964927561, 13567.653506983503, -4417.566056264021, 603.0173430326901], 4, 7.991838343030476e-08, 1.2797917539826176e-16

14, 18, 18, [-18.762641292347716, 165.4301123433661, -905.8569210520104, 3423.6996520788502, -9342.020497492475, 18540.84193980725, -25821.499555140024, 21887.700756581802, -3599.5922157715145, -15563.279098991023, 15251.685048346175, 4467.7769164304145, -17760.113492805205, 6744.730871065413, 14066.609227401255, -21291.447572793793, 13567.644323877958, -4417.562684010889, 603.0168372355756], 5, 6.37779835804732e-08, 1.0566458239332837e-16

14, 18, 18, [-18.762641290798072, 165.43011232257726, -905.856921061663, 3423.6996540473237, -9342.02051566479, 18540.842026345534, -25821.499804986164, 21887.701192421468, -3599.59258685116, -15563.279206528998, 15251.685589662327, 4467.776682577543, -17760.1140167317, 6744.731442993754, 14066.609534241148, -21291.44856709306, 13567.645148781814, -4417.563004999379, 603.0168876329973], 4, 8.468871394419122e-08, 1.3343036888234178e-16

14, 18, 18, [-18.762641270565513, 165.43011173198153, -905.8569133776687, 3423.699595359416, -9342.02022466148, 18540.841052828917, -25821.497617318317, 21887.698111889185, -3599.590628541645, -15563.27790852835, 15251.682340699455, 4467.7773940082, -17760.110730106604, 6744.728749175124, 14066.607354806789, -21291.44334437999, 13567.641188585478, -4417.5615565169455, 603.0166714357987], 4, 7.629918665921231e-08, 1.2400628865055318e-16

14, 18, 18, [-18.762641281974823, 165.43011205609824, -905.8569174847721, 3423.699625946732, -9342.020372745139, 18540.841537120898, -25821.498682000645, 21887.699576800685, -3599.5915244750686, -15563.27855106152, 15251.683853913386, 4467.777098254444, -17760.11226740027, 6744.729971191825, 14066.608383152165, -21291.44574961181, 13567.643001078048, -4417.562217675884, 603.0167700416033], 6, 5.104408903136703e-08, 9.260157561065156e-17

14, 18, 18, [-18.76264129821958, 165.4301125276242, -905.8569235842727, 3423.699672260698, -9342.020601047441, 18540.842296381863, -25821.500377795568, 21887.70194797561, -3599.593012313812, -15563.279566298712, 15251.686337586267, 4467.7765790638405, -17760.11478473735, 6744.732003889655, 14066.610061039453, -21291.449715015275, 13567.645992820826, -4417.563307880122, 603.0169322437125], 3, 8.300575460726768e-08, 1.320481761268352e-16

14, 18, 18, [-18.76264128976929, 165.4301122701571, -905.8569201105438, 3423.6996448873588, -9342.020461541479, 18540.841817929933, -25821.499276696017, 21887.700356686008, -3599.5919529355797, -15563.278936398128, 15251.68461819654, 4467.777018626893, -17760.11305853659, 6744.730508066648, 14066.608940125372, -21291.44687724025, 13567.643797482044, -4417.562492643914, 603.0168089401126], 3, 8.623225623670376e-08, 1.360103458609153e-16

14, 18, 18, [-18.762641304153544, 165.43011268288285, -905.8569254202708, 3423.6996852159377, -9342.020661487299, 18540.842490375755, -25821.500804794243, 21887.70255111174, -3599.59341667504, -15563.279789488874, 15251.686990739496, 4467.776378148396, -17760.115433734536, 6744.732626795361, 14066.61046180691, -21291.450867626718, 13567.646931734449, -4417.563671743623, 603.0169894826051], 4, 8.234495296511973e-08, 1.3086280385733499e-16

14, 18, 18, [-18.762641315936698, 165.43011300920892, -905.8569294516869, 3423.699714468943, -9342.020799297945, 18540.842927963688, -25821.501735050704, 21887.70377687501, -3599.5940987006975, -15563.280385619108, 15251.688198083933, 4467.776235059957, -17760.116678848037, 6744.733498023909, 14066.611328789917, -21291.45267717244, 13567.648232431302, -4417.564128842055, 603.0170554115139], 4, 7.749777303671094e-08, 1.2493775377909987e-16

14, 18, 18, [-18.76264127707809, 165.43011191112407, -905.8569155627938, 3423.6996109129072, -9342.020296001527, 18540.84127131913, -25821.49805919007, 21887.698650406423, -3599.590867256632, -15563.278225589625, 15251.682818210618, 4467.7774308473345, -17760.11124112621, 6744.7289862619255, 14066.60774580131, -21291.44394350392, 13567.641547387273, -4417.561661414243, 603.0166836828316], 5, 2.1872339017047026e-08, 6.101514953062992e-17

14, 18, 18, [-18.76264129501752, 165.43011241337695, -905.8569218465884, 3423.6996571984955, -9342.020518002812, 18540.841991716865, -25821.49963265317, 21887.700802632302, -3599.592171963319, -15563.279177827797, 15251.68503224714, 4467.777010100814, -17760.113493913446, 6744.730762090681, 14066.60925812094, -21291.447451094777, 13567.644180537705, -4417.562618536224, 603.0168258936037], 5, 3.1235802421708825e-08, 7.182599804227792e-17

14, 18, 18, [-18.762641250458802, 165.43011115223933, -905.8569059057704, 3423.6995386549347, -9342.019944401429, 18540.84011521224, -25821.495502566257, 21887.695107879146, -3599.58867111544, -15563.276695996623, 15251.679132911899, 4467.778188633706, -17760.10750468759, 6744.725970013849, 14066.605259474292, -21291.43804515378, 13567.637079270493, -4417.560025096157, 603.0164387894646], 5, 2.754146180329759e-08, 6.576695537265919e-17

14, 18, 18, [-18.762641286342866, 165.43011216846767, -905.8569187596771, 3423.6996342927746, -9342.02040723802, 18540.84162870973, -25821.498829500033, 21887.699683002556, -3599.591461982422, -15563.27871374777, 15251.68385449211, 4467.777286892452, -17760.112306996758, 6744.729752012141, 14066.608484939186, -21291.445509901238, 13567.642674712013, -4417.562056198331, 603.0167402079314], 4, 7.771231174971362e-08, 1.2553092212034175e-16

