30, 13, 15, [-2.613570854705605, 0.7435017808801797, 1.430998566071048, 0.7790137768284303, -0.21130657208713063, -0.8990850884116147, -1.001411981365664, -0.5522292425430066, 0.17981314644050747, 0.8117710261362552, 0.9952352731088369, 0.5734770916451216, -0.28687672919923524, -1.0419608855540547, -0.8707812465207598, 0.9635194996239087], 2, 1.4462992781593328e-09, 6.774851650310755e-22

30, 13, 15, [-2.6135741841311053, 0.7435084679774456, 1.4310010071662411, 0.7790095735215372, -0.21131338439370426, -0.8990889317667594, -1.0014094632847146, -0.552221147785303, 0.1798220033323983, 0.8117741479947449, 0.9952285133680232, 0.5734629722083898, -0.28688710985198884, -1.0419528697438905, -0.8707555631390649, 0.9635035278753384], 2, 1.4485048408540307e-09, 6.784477808569664e-22

30, 13, 16, [-2.630838301301908, 0.7857145772111936, 1.43641889374456, 0.742179840835403, -0.2528426224840329, -0.9055269252714971, -0.9588502863831062, -0.48335878164824564, 0.22502313632700197, 0.784211233571812, 0.885994789298484, 0.44730639901798125, -0.2948187021944857, -0.8158843982733852, -0.5662557687987907, 0.39537709883619426, 0.20625819242449975], 3, 1.4490969179621907e-09, 6.824644434401899e-22

30, 13, 16, [-2.630826601371821, 0.7856933155967237, 1.4364081429817572, 0.7421901329954225, -0.25282049799942313, -0.9055093418456515, -0.9588503006251979, -0.48337923473541594, 0.22499168408381032, 0.7841870429847748, 0.8859962839190351, 0.44734027416262057, -0.2947681791768416, -0.8158569515375377, -0.5662947146160204, 0.3952866441194086, 0.20632068133995482], 3, 1.44768334778926e-09, 6.820769871928623e-22

30, 13, 15, [-2.613566106408704, 0.7434921257491681, 1.4309951502634253, 0.7790199787684561, -0.21129669525209285, -0.8990796580370995, -1.0014158685946597, -0.5522411908480848, 0.17980026156922096, 0.8117667193646582, 0.9952455174126469, 0.5734980024903263, -0.2868616225953785, -1.0419731339698737, -0.8708194370422487, 0.9635435193052687], 2, 1.449358498907147e-09, 6.788274720971884e-22

30, 13, 15, [-2.613567839212889, 0.7434957564060718, 1.430996336613593, 0.7790175268549329, -0.21130044546280513, -0.8990815916488015, -1.0014141788507944, -0.5522364625045478, 0.17980519250550397, 0.811768154224188, 0.9952412239318075, 0.5734896635388329, -0.28686740734672583, -1.0419679096162338, -0.870804066309667, 0.9635336079668614], 2, 1.4493591850517811e-09, 6.791616996564961e-22

30, 13, 15, [-2.613571476585229, 0.7435030053051611, 1.4309990355173348, 0.7790130347223867, -0.21130781084135808, -0.8990858164626981, -1.0014115720427357, -0.5522278141946411, 0.1798147478566351, 0.8117716385710041, 0.9952341346162195, 0.5734746142093826, -0.2868786049836315, -1.041959555537709, -0.870776770765252, 0.9635167708552019], 3, 1.4459627746925075e-09, 6.781885391646046e-22

30, 13, 15, [-2.6135633730494177, 0.7434866293254061, 1.4309931499844477, 0.7790234411425732, -0.2112910937670062, -0.8990765060329601, -1.0014179528440728, -0.5522478591113006, 0.1797929765893829, 0.8117641656020074, 0.9952511020496096, 0.5735096382297642, -0.28685308422420763, -1.0419797631175827, -0.8708406126757129, 0.9635567049302882], 3, 1.4474498283496856e-09, 6.783087552119275e-22

30, 13, 15, [-2.6135683819379514, 0.7434967479546916, 1.4309967899610516, 0.7790170151270464, -0.21130142199011495, -0.8990822626902786, -1.001414018038904, -0.5522354814902095, 0.1798064261594993, 0.8117687897034287, 0.9952406333642974, 0.5734880134907773, -0.2868688500584192, -1.0419672988573765, -0.8708012003828893, 0.9635320610095671], 3, 1.4483819424067123e-09, 6.788724147910612e-22

30, 13, 15, [-2.6135734324636815, 0.743506942857726, 1.431000465280421, 0.7790105501301902, -0.21131182579310576, -0.8990880725350635, -1.001410072965149, -0.5522230297311861, 0.17981997156566612, 0.8117734666362765, 0.9952301251945243, 0.5734662664083144, -0.28688472861576014, -1.0419547988464921, -0.8707615815401528, 0.9635073140874114], 2, 1.4493577434355755e-09, 6.79041707384795e-22

30, 13, 15, [-2.613571673312524, 0.7435034211753488, 1.4309991679113248, 0.7790127496739542, -0.21130824146400357, -0.8990860337095906, -1.0014113700187144, -0.5522272641599614, 0.17981531520113514, 0.8117717952120883, 0.9952336257138605, 0.5734736412903824, -0.28687927039507594, -1.0419589319650515, -0.8707749708218423, 0.9635155997524688], 3, 1.4454745374118846e-09, 6.777956533359738e-22

30, 13, 15, [-2.613570150146398, 0.7435003815577792, 1.4309980398902702, 0.7790146378606325, -0.2113051515112937, -0.8990842660054108, -1.001412471457637, -0.5522308993716479, 0.17981130494558598, 0.8117703404556325, 0.9952366141906064, 0.5734799691687879, -0.28687457064083527, -1.0419624565594172, -0.8707864524820341, 0.9635226905549732], 2, 1.4497455635309703e-09, 6.790288583792448e-22

30, 13, 15, [-2.6135629746514955, 0.7434859280196708, 1.4309928015132025, 0.7790237693273876, -0.21129041262070955, -0.8990759994720352, -1.0014180007600835, -0.5522484859885841, 0.17979212682102025, 0.8117636602511541, 0.9952513901988572, 0.5735106677119624, -0.2868520907578813, -1.0419800101459067, -0.8708423428735179, 0.9635575361395408], 2, 1.4477333862969113e-09, 6.784139895612352e-22

30, 13, 15, [-2.6135668261547425, 0.7434936708084673, 1.4309956226349216, 0.7790188955544155, -0.2112983035487382, -0.8990804456229252, -1.0014150745802475, -0.5522391008004486, 0.17980238921532418, 0.811767270676825, 0.9952435464144065, 0.5734942975364673, -0.2868641202656749, -1.041970710876401, -0.8708125668972214, 0.9635390175121126], 2, 1.449435537371667e-09, 6.788653506167075e-22

30, 13, 15, [-2.613569824118998, 0.7434996721977389, 1.430997831718872, 0.7790151456626623, -0.21130441037257147, -0.8990839147867405, -1.0014128569456362, -0.5522318799377501, 0.17981032151968293, 0.8117701059761483, 0.9952375610378014, 0.5734817140021756, -0.28687341642011277, -1.0419636300553012, -0.8707897029045292, 0.9635248442031485], 2, 1.4493320787507265e-09, 6.791347775925242e-22

30, 13, 15, [-2.6135696333717644, 0.7434992330738242, 1.4309977236879245, 0.7790154853809221, -0.21130394411686926, -0.8990837207522172, -1.0014131443415457, -0.5522325369752352, 0.17980969503468003, 0.8117700011486874, 0.9952382422460936, 0.5734828959291469, -0.2868726806987655, -1.0419644909317187, -0.8707919327825324, 0.9635263685522242], 2, 1.448960776298601e-09, 6.791307300956297e-22

30, 13, 15, [-2.6135716645878384, 0.743503338167173, 1.4309991992841549, 0.7790128768557096, -0.21130813510780358, -0.8990860557093456, -1.0014115461098028, -0.5522275128719966, 0.17981515339402954, 0.8117718771542639, 0.9952339927726808, 0.5734741190455737, -0.2868790795445799, -1.041959432853972, -0.8707759381079496, 0.963516368623061], 3, 1.447522622792507e-09, 6.785837988014119e-22

30, 13, 15, [-2.613568969426437, 0.7434979640250075, 1.4309972008856324, 0.7790162103242704, -0.21130267344641052, -0.8990829258942683, -1.0014134841284326, -0.5522339303891358, 0.17980806663805005, 0.8117692974971036, 0.9952392583617068, 0.5734852874001386, -0.2868707744909453, -1.0419656390259138, -0.8707961965665566, 0.9635288692721885], 3, 1.4467637282034164e-09, 6.784256913105928e-22

30, 13, 15, [-2.6135677493973555, 0.7434954244281737, 1.4309963557677055, 0.7790179068852077, -0.21130005540886443, -0.8990815557313329, -1.001414629853313, -0.5522372010063913, 0.17980462991006077, 0.8117682628928491, 0.995242190142651, 0.5734910446549476, -0.28686674274303975, -1.041969191152673, -0.8708067844532326, 0.963535656773558], 2, 1.449464664088936e-09, 6.7895193806517555e-22

30, 13, 15, [-2.613573297438127, 0.7435066930012431, 1.4310003534990372, 0.7790106822982952, -0.21131157808136453, -0.8990879049455784, -1.0014101180386383, -0.5522232826151376, 0.17981965697023816, 0.8117733075641073, 0.9952302806246982, 0.5734666914727399, -0.28688435979934046, -1.0419549585773533, -0.8707623184580051, 0.9635077121011497], 2, 1.4484428045828313e-09, 6.787823071949319e-22

30, 13, 15, [-2.6135761074667836, 0.7435122977909072, 1.431002436022888, 0.7790072037939241, -0.2113172746312362, -0.8990911670654725, -1.0014080928182802, -0.552216585666058, 0.17982704908599095, 0.81177599428343, 0.9952247809267534, 0.5734550353440554, -0.2868930227005753, -1.0419484742348755, -0.8707411719605928, 0.9634946582071544], 3, 1.446311448061325e-09, 6.781759860084844e-22

30, 13, 15, [-2.6135580937341496, 0.7434760834776429, 1.430989246216434, 0.7790300041597604, -0.21128036971562963, -0.8990703840566082, -1.0014217972812332, -0.5522604950364973, 0.17977905466979477, 0.8117591372704938, 0.9952615152450868, 0.5735316406625214, -0.28683676836904753, -1.0419920546666341, -0.8708805504057993, 0.9635813959113068], 3, 1.4484158724428147e-09, 6.788461583186623e-22

30, 13, 15, [-2.6135687446167317, 0.7434975215043246, 1.4309970299831816, 0.779016477342687, -0.21130222512233054, -0.8990826596173443, -1.0014136274770657, -0.552234443324579, 0.179807486622595, 0.8117690685811715, 0.9952396577260139, 0.5734861728781112, -0.2868700939630591, -1.0419660976908094, -0.8707977858919639, 0.9635298240737238], 4, 1.4432432007527563e-09, 6.7755500562412005e-22

30, 13, 15, [-2.6135681293789834, 0.7434962450881087, 1.4309966022901452, 0.7790173262174982, -0.21130091118575023, -0.8990819690852027, -1.0014141978163855, -0.5522360803722861, 0.17980576362475897, 0.8117685470446415, 0.9952411230367448, 0.5734890552689313, -0.28686807362955064, -1.0419678752813293, -0.8708030890275544, 0.9635332245844044], 3, 1.4449113075944442e-09, 6.777969131125997e-22

30, 13, 15, [-2.6135642098923486, 0.7434883137022733, 1.4309937617058615, 0.7790223784918996, -0.21129281101919056, -0.8990774709153071, -1.0014173115171154, -0.5522458126398692, 0.1797952106503075, 0.8117649468704146, 0.9952493862415799, 0.5735060670745251, -0.2868557029713954, -1.0419777265182315, -0.8708341134903521, 0.9635526570062618], 3, 1.447023199401203e-09, 6.783470059803872e-22

30, 13, 15, [-2.6135652647131247, 0.7434905099039554, 1.4309944908561159, 0.779020909625499, -0.21129507448876272, -0.8990786519780873, -1.0014163149039705, -0.5522429798639239, 0.1797981815836585, 0.8117658326127631, 0.995246836083972, 0.5735010758176973, -0.2868591870217491, -1.0419746283460751, -0.870824922740347, 0.9635467496927184], 2, 1.4482355627225562e-09, 6.78638968190398e-22

30, 13, 16, [-2.630833478983489, 0.7857058526710186, 1.4364144475700111, 0.7421840183954794, -0.25283356580250665, -0.9055196835311815, -0.9588502171215608, -0.483367079226279, 0.22501029596505204, 0.784201292702909, 0.8859952836181821, 0.4473201071393227, -0.29479813426153534, -0.8158731215544396, -0.5662714582238327, 0.3953403740076492, 0.20628344347852012], 3, 1.4481237955993252e-09, 6.820770467364617e-22

30, 13, 15, [-2.613573793863119, 0.7435076201620815, 1.4310007568602932, 0.7790101787085205, -0.211312498800067, -0.8990885097542133, -1.0014099199601787, -0.552222316023819, 0.1798208285277747, 0.8117738632260576, 0.9952296361431003, 0.5734650490363642, -0.28688573070588863, -1.0419542582395183, -0.8707594275003737, 0.9635060818968813], 3, 1.4465733244472268e-09, 6.783400487940894e-22

30, 13, 15, [-2.6135683336592175, 0.7434967385126967, 1.4309967045082126, 0.7790169212098392, -0.2113014417498788, -0.8990821652348712, -1.0014138296453434, -0.5522352959387143, 0.17980648347942313, 0.8117686267539113, 0.9952402688319968, 0.5734876326574913, -0.2868689192823715, -1.041966781726479, -0.8708003801375773, 0.96353133236097], 2, 1.447409814857288e-09, 6.784318832071978e-22

30, 13, 15, [-2.613576311163752, 0.7435127477547006, 1.4310025621709344, 0.7790068745142081, -0.2113177468181062, -0.8990913831522335, -1.0014078344116237, -0.5522159494900593, 0.17982767780842368, 0.8117761313729113, 0.9952241531145564, 0.5734538995579948, -0.28689376068830524, -1.0419476911771703, -0.8707390478140519, 0.9634932370935623], 2, 1.4487528894283457e-09, 6.784062161393029e-22

