20, 15, 15, [-5.671168546343343, 10.697103170321105, -4.365255374992462, -6.901889288932153, 1.2631767531106763, 6.740947036862604, 3.3736534064156007, -4.12087395088485, -6.854425884568441, -1.2080260975900037, 6.717645062067439, 6.277241816758664, -4.642259665038715, -9.681245802086503, 10.000258856887823, -2.6248667605769236], 3, 2.102243854197422e-10, 1.1092157882701978e-22

20, 15, 15, [-5.671157306499602, 10.697054340658507, -4.365203478751935, -6.901855991618803, 1.2631352098049111, 6.740887368531545, 3.3736542477923757, -4.120805021167917, -6.854363506938621, -1.2080506088300653, 6.71754532062439, 6.277188133141916, -4.642164820986573, -9.681125632202573, 10.00009329832019, -2.6248168204611178], 2, 2.1845225639538907e-10, 1.1472719591587495e-22

20, 15, 18, [-4.837662954983564, 6.8518693567137605, 0.1455594965932451, -4.433707526558897, -2.744185209294392, 1.6381531513820975, 4.088532335037316, 2.6656825168514127, -1.1714011965217692, -4.127565836348523, -3.6096018222401023, 0.2580640161399689, 4.372584606931513, 4.655113886720818, -0.3162322492651331, -6.163175502909353, -3.9264083358431345, 8.539523346200916, -2.8851275597857367], 3, 4.897079879885534e-10, 2.233325211914142e-22

20, 15, 16, [-5.363268998246324, 9.176541662828656, -2.3075947421803686, -6.214061653767056, -0.8131216851395019, 4.910014192791033, 4.6025302682104705, -0.8083866997213192, -5.480891887796334, -4.413030868107718, 1.7818228656055113, 6.674389115030143, 3.595294726987623, -5.725280236425122, -7.379788679179863, 9.480786861324221, -2.7159395558241695], 2, 5.42049323921485e-10, 2.4065567039654645e-22

20, 15, 18, [-4.837655615958557, 6.851843969205949, 0.1455730545571787, -4.433682982845845, -2.744183353326624, 1.6381292132858705, 4.088505575465962, 2.665678618011195, -1.1713754958629572, -4.127528943348115, -3.6095846636553817, 0.25804198855063537, 4.372535414507504, 4.655080061019769, -0.316208869697685, -6.16310509904378, -3.9263815212537945, 8.539420765115802, -2.8850875958871383], 2, 5.930027758035009e-10, 2.6781199108755727e-22

20, 15, 18, [-4.837662015429816, 6.85186575220637, 0.14556194952091053, -4.433703925252382, -2.7441856070415582, 1.6381488697980788, 4.088528324646326, 2.66568285396043, -1.1713960215209778, -4.127559581491808, -3.6095999242016807, 0.2580587525089952, 4.37257525930555, 4.655108658166839, -0.31622621099885817, -6.163161493366093, -3.926404429652054, 8.539501940250334, -2.8851186325674902], 2, 5.882358396626139e-10, 2.659694132853707e-22

20, 15, 15, [-5.671177610665518, 10.697142918456493, -4.365298324866821, -6.901916063170389, 1.2632117518444608, 6.740996029011063, 3.3736514713878214, -4.120931958021038, -6.854477036830288, -1.2080039322894591, 6.717729239302816, 6.27728547869844, -4.64234134139437, -9.681346690013203, 10.00040089797091, -2.6249100980238227], 3, 2.0930744644578287e-10, 1.1058251541811378e-22

20, 15, 18, [-4.83766140744579, 6.851863797728665, 0.1455627769739143, -4.433702087524702, -2.7441851990021076, 1.6381473881858675, 4.088526360727422, 2.6656822054492375, -1.1713946562011315, -4.127557163444254, -3.6095984101720684, 0.2580578948339161, 4.372572420650414, 4.6551062523976725, -0.31622545819990905, -6.163157657809891, -3.9264024388727514, 8.539496703947163, -2.885116803382952], 3, 4.97431547264828e-10, 2.1825435330165594e-22

20, 15, 15, [-5.671171008305566, 10.697113546279935, -4.365265821706344, -6.9018966088322315, 1.2631846271885643, 6.740959332284499, 3.373654174959831, -4.120887081260076, -6.854438756942483, -1.208022538899511, 6.717663911318143, 6.27725312430577, -4.642276473658979, -9.681268907312663, 10.000288640248243, -2.6248754282546214], 3, 2.1470128420785313e-10, 1.1311189873143428e-22

20, 15, 18, [-4.83766468144872, 6.851875343914403, 0.1455562695335486, -4.433713315618824, -2.744185601673434, 1.6381588469789772, 4.088538643920687, 2.665683362826614, -1.1714073602717738, -4.127574586151843, -3.609605799765076, 0.2580693834748724, 4.372596368995566, 4.65512185429209, -0.3162380101932923, -6.163192416718752, -3.9264146187331916, 8.539548123280415, -2.8851372878318418], 3, 5.572178110980782e-10, 2.535127583128369e-22

20, 15, 15, [-5.6711789240241135, 10.69714796790887, -4.365302528624605, -6.901919966878772, 1.2632141596157176, 6.741001392974289, 3.373653194989848, -4.120936098062378, -6.854482646648741, -1.2080045210312347, 6.7177349783624685, 6.277290696031212, -4.6423448025920955, -9.681354353299335, 10.000407828800078, -2.6249116461240147], 2, 2.2226734816216198e-10, 1.1685485281930844e-22

20, 15, 18, [-4.8376636901177825, 6.851871660659447, 0.14555861519513563, -4.433709671216947, -2.7441858067837432, 1.6381547406871289, 4.088534610188941, 2.665683436125102, -1.1714025367481435, -4.127568503963012, -3.609603696025375, 0.2580646555023865, 4.372587536448855, 4.655116640221382, -0.31623266918498366, -6.163179323714703, -3.9264106556745784, 8.539528336162594, -2.885129158936484], 2, 5.94777881066975e-10, 2.686512634632878e-22

20, 15, 15, [-5.671175238140837, 10.697132348128052, -4.365286605465283, -6.9019090658742535, 1.2632019575016198, 6.740982800290921, 3.3736524640588517, -4.1209157584552525, -6.854463230431564, -1.2080106561150694, 6.717705661788744, 6.277273802705536, -4.642317939125266, -9.681318622926458, 10.000360417699488, -2.6248976042381362], 3, 2.1928665038276466e-10, 1.1484547678507292e-22

20, 15, 15, [-5.671182719101119, 10.697164120218503, -4.3653190596130385, -6.901931276081713, 1.263226838889599, 6.741020747569406, 3.37365403487084, -4.120957194710954, -6.8545029352299025, -1.207998390047038, 6.717765293001588, 6.277308476370603, -4.642372178624267, -9.681391350641576, 10.000456094243434, -2.6249257697110613], 3, 2.0205492737668696e-10, 1.0752368051771175e-22

20, 15, 15, [-5.671173321131456, 10.697123483533638, -4.365276221543763, -6.901903413602942, 1.2631928440331626, 6.740971314851846, 3.3736541491137815, -4.120900751273006, -6.85445123737763, -1.2080177598024395, 6.717683719147394, 6.277263827347469, -4.642295336183177, -9.681292821503074, 10.000321701686174, -2.624885445893079], 3, 2.205624616500316e-10, 1.1584871977278243e-22

20, 15, 15, [-5.6712067641876445, 10.697268508799235, -4.365429973918144, -6.902002373051683, 1.2633156711573292, 6.741148154024819, 3.3736519899596495, -4.121104637526159, -6.854636002627431, -1.207945454111718, 6.71797880746856, 6.277422761905747, -4.642575981149771, -9.681648467457473, 10.000811892616479, -2.6250334005293388], 3, 2.211183899955711e-10, 1.1568685426710886e-22

20, 15, 18, [-4.837667086989557, 6.851883392409992, 0.14555237688189107, -4.433721006290921, -2.7441866969427955, 1.6381657578688356, 4.0885469634435285, 2.665685279955435, -1.1714143380199769, -4.127585500058057, -3.6096116477377134, 0.25807473276160636, 4.372610152513928, 4.655132246197103, -0.31624334608942595, -6.163211664571892, -3.9264230373073725, 8.539575415302243, -2.885147474509532], 3, 5.008762205295135e-10, 2.1799409709643456e-22

20, 15, 15, [-5.671190782077418, 10.697199436972609, -4.365357186852516, -6.901955041534544, 1.2632579063075022, 6.741064203400067, 3.3736522574021395, -4.121008707732325, -6.854548259238753, -1.2079785528422042, 6.717840104122569, 6.277347079527424, -4.6424450236590005, -9.681480978619033, 10.000582814492086, -2.6249645382851314], 3, 2.0010069881358772e-10, 1.0703318191891764e-22

20, 15, 15, [-5.671182565823326, 10.697163581506015, -4.365318753248802, -6.901930761335305, 1.2632268421938504, 6.741020216869457, 3.3736535042760094, -4.120957186526372, -6.854502325803087, -1.207997680765749, 6.717765412144481, 6.277307755825941, -4.642373105147549, -9.681391258927986, 10.000457519370556, -2.6249264632134897], 3, 2.047680087166865e-10, 1.0853838091740438e-22

20, 15, 18, [-4.83766510928089, 6.851876466028037, 0.145556197989873, -4.433714279540304, -2.7441863384462852, 1.6381590229033527, 4.088539604960924, 2.6656844073478463, -1.171406983640644, -4.127575193733144, -3.6096070654300205, 0.25806826264792326, 4.372596202044984, 4.655122895943333, -0.31623640087078797, -6.163191582655338, -3.926415666286752, 8.539545978627366, -2.885135899787094], 2, 5.992472303625967e-10, 2.6943608815142006e-22

20, 15, 18, [-4.837660484506952, 6.851860672457758, 0.1455643392068419, -4.433699084823218, -2.744184829755792, 1.6381446204575063, 4.0885230974476885, 2.6656815251942647, -1.1713918156270922, -4.127552820725123, -3.609596155759883, 0.25805566033302985, 4.372566867101606, 4.655102145718216, -0.3162232112028125, -6.163149875543432, -3.9263991180768287, 8.539485632184979, -2.8851126452474003], 2, 5.976562403517564e-10, 2.699684270402631e-22

20, 15, 15, [-5.671159950936511, 10.6970660563038, -4.365216352541861, -6.901863794140823, 1.2631458770794526, 6.7409019525595095, 3.3736533314137196, -4.120822677394908, -6.854378730029818, -1.2080434755395637, 6.717570993250894, 6.277201048813244, -4.642190110815204, -9.681156263324851, 10.00013712046841, -2.6248302937531007], 2, 2.254012759318897e-10, 1.190285390793665e-22

20, 15, 18, [-4.837657744503734, 6.851850897487422, 0.14557000402883352, -4.433689538621709, -2.744184674928992, 1.6381346599372268, 4.088512621494033, 2.6656807825659903, -1.1713806289536797, -4.127537762588106, -3.6095900166137826, 0.2580453610452401, 4.372545926335973, 4.655088775660841, -0.31621188503060343, -6.163119357121173, -3.926388727697533, 8.539440300128808, -2.8850944737671314], 2, 6.02281701097578e-10, 2.7160992296670646e-22

20, 15, 15, [-5.671167298930888, 10.697097259178342, -4.365248215075039, -6.901885611190402, 1.263170294954122, 6.740939212422832, 3.373654891275891, -4.120863342065743, -6.854417713156108, -1.208031456406527, 6.717629511783528, 6.277235091287207, -4.642243326972562, -9.681227640225359, 10.000231007821531, -2.624857933287354], 4, 1.4950904106737535e-10, 7.426101316112315e-23

20, 15, 15, [-5.671195622532241, 10.697220377488202, -4.36537928441545, -6.901969386423902, 1.2632754638735544, 6.741089687113226, 3.373652151501697, -4.121037858551365, -6.854574905956607, -1.2079684861287339, 6.7178822455918175, 6.277370076168064, -4.642484792530619, -9.681531858596202, 10.000652349933201, -2.6249854251518245], 2, 2.1915696717095043e-10, 1.1547892549857963e-22

20, 15, 15, [-5.6711579548598285, 10.697057652710868, -4.3652078739758275, -6.9018579059132845, 1.2631394469139097, 6.740892025343491, 3.3736528347576713, -4.120811940976713, -6.854368375383547, -1.2080466087868196, 6.717555519178138, 6.277192033689895, -4.642176005955822, -9.681137358716773, 10.00011215592822, -2.6248229125389835], 4, 1.669554274152405e-10, 7.772056253022141e-23

20, 15, 15, [-5.671180350273663, 10.69715335449359, -4.365306768334476, -6.90192427964903, 1.2632162943566991, 6.741007014593899, 3.37365556821353, -4.120939800975612, -6.854488591234799, -1.2080061289870132, 6.7177399257533645, 6.277296437573481, -4.642346527215747, -9.6813613477037, 10.000411964441708, -2.624912033644623], 3, 2.0703591308695587e-10, 1.0947411198318507e-22

20, 15, 18, [-4.837659902964122, 6.851858806004776, 0.14556511729470611, -4.433697326983955, -2.7441844169562937, 1.6381432264462321, 4.0885212134474305, 2.665680862612245, -1.1713905633620363, -4.1275505272932485, -3.6095946598755146, 0.25805494137662655, 4.372564237943475, 4.6550998255512255, -0.31622264652070736, -6.163146387308106, -3.926397174247276, 8.539480983722518, -2.8851110900615318], 2, 5.996223698669714e-10, 2.717653265643492e-22

20, 15, 15, [-5.671182109607192, 10.697161557739358, -4.365316511938766, -6.901929434364327, 1.2632249617078395, 6.741017705037675, 3.373653731697794, -4.120954069911437, -6.854499723440323, -1.2079990497540767, 6.717760852305979, 6.277305592561695, -4.642368462893349, -9.681385850394312, 10.000449477636302, -2.6249239349834377], 3, 2.0552299690762972e-10, 1.08812964493708e-22

20, 15, 15, [-5.671163853275718, 10.697082208094235, -4.365232032468947, -6.901875463306799, 1.2631571577916008, 6.740920747532477, 3.3736555652959264, -4.12084154802818, -6.85439846288197, -1.2080397740456263, 6.717597862735564, 6.277218690458817, -4.642212562554237, -9.681189691632758, 10.000177440260643, -2.6248415525525166], 3, 2.1384264894649114e-10, 1.1254355393192876e-22

