14, 18, 10, [-13.52263078461652, 79.72462613002799, -264.42712403103775, 521.4329590736148, -550.0239730273234, 49.764445051853514, 728.9391298183573, -1095.0867406031869, 801.760536699721, -310.6152212731083, 51.054412200927885], 13, 1.071773098441772e-06, 4.680210174225691e-19

14, 18, 10, [-13.522629676094649, 79.724613006703, -264.4270581916824, 521.4327822262355, -550.0237223002147, 49.764350702774514, 728.9388386318093, -1095.0861740055752, 801.7600593273295, -310.61501594072934, 51.0543754743907], 13, 1.1314226298367503e-06, 4.882813888696714e-19

14, 18, 14, [-12.371278916707608, 63.555383487411525, -167.59101738985635, 208.29707736916487, -4.5761183649061685, -263.40631261183256, 85.9793885721297, 352.82219919490603, -144.29537818428742, -513.1635199230383, 296.31461354274995, 719.2383888546437, -1099.973145467643, 599.2286536220794, -121.06022659142867], 5, 2.5489920127274646e-07, 1.127995579360984e-19

14, 18, 10, [-13.522630258044089, 79.72462005817785, -264.42709441087385, 521.4328819611243, -550.0238680405157, 49.76441094337104, 728.9390046475412, -1095.0865113677435, 801.760351183833, -310.61514443728737, 51.05439897579722], 15, 1.2015449395072117e-06, 5.120161631359502e-19

14, 18, 10, [-13.522629405800815, 79.72460959382309, -264.4270398821915, 521.4327293539036, -550.0236403533859, 49.76431067335464, 728.9387491951754, -1095.0859746312121, 801.7598771052915, -310.6149317455203, 51.05435935065299], 14, 1.0231846015973894e-06, 4.512460388805637e-19

14, 18, 10, [-13.522630210038985, 79.72461958147869, -264.42709252745726, 521.4328784716686, -550.0238660354115, 49.76441401861634, 728.9389999564739, -1095.0865127070165, 801.7603581050121, -310.615149740241, 51.05440034253358], 12, 1.241868011138849e-06, 5.255264526633572e-19

14, 18, 10, [-13.522630328933339, 79.72462082317138, -264.42709790684097, 521.4328904916248, -550.023878862837, 49.764413726378315, 728.9390178634897, -1095.0865342232826, 801.7603693725309, -310.6151520170883, 51.05440031730231], 14, 9.87924044468357e-07, 4.38492435064149e-19

14, 18, 10, [-13.522631032000499, 79.72462914522441, -264.4271397057081, 521.4330030646553, -550.0240392916937, 49.76447546094208, 728.9392032209636, -1095.086899150795, 801.760679596054, -310.61528671020966, 51.05442465850452], 12, 1.3893819831634553e-06, 5.749492580079197e-19

14, 18, 10, [-13.522628511420141, 79.72459902985945, -264.42698692686974, 521.4325869886153, -550.0234378180053, 49.76423304216086, 728.9385150697167, -1095.0855142431114, 801.7594857895268, -310.61476177061877, 51.05432860357126], 13, 1.371487960545893e-06, 5.6925507490993125e-19

14, 18, 10, [-13.522630297810498, 79.72462065896201, -264.42709812080767, 521.4328940080084, -550.0238889149109, 49.76442363342602, 728.93902594077, -1095.086565842923, 801.7604041831117, -310.61517005224397, 51.05440406012949], 14, 9.107396138287901e-07, 4.0985141951267415e-19

14, 18, 14, [-12.371276211967755, 63.55535401121642, -167.5908903708554, 208.29682687519195, -4.575990471669927, -263.40601105661085, 85.97908287373191, 352.82175212922607, -144.2948751391288, -513.1627648243418, 296.3137176124089, 719.2372603691285, -1099.970693603827, 599.2270835853407, -121.05986856907474], 6, 2.3582723996995993e-07, 1.0730457008018166e-19

14, 18, 10, [-13.522630150270146, 79.7246186884594, -264.4270870421118, 521.4328606899425, -550.023835189942, 49.76439513607331, 728.9389686160057, -1095.086431913076, 801.7602790930803, -310.61511135607265, 51.05439268297816], 14, 1.0155132347922231e-06, 4.48393332767924e-19

14, 18, 10, [-13.522631289261064, 79.72463248877227, -264.42715809789246, 521.4330573851234, -550.0241254315844, 49.764519708984075, 728.9392959367802, -1095.0871118984235, 801.7608768169911, -310.6153788203902, 51.05444245788888], 11, 1.4482892279940287e-06, 5.948060140547013e-19

14, 18, 10, [-13.52262990256348, 79.724615689272, -264.42707161325586, 521.4328180364395, -550.0237723997024, 49.76436844673488, 728.9388975936681, -1095.0862852803932, 801.7601508402236, -310.6150542880283, 51.05438213241696], 15, 8.955983315930668e-07, 4.0183396412514986e-19

14, 18, 10, [-13.522629295136179, 79.72460845151205, -264.42703498799443, 521.4327185306124, -550.0236289151054, 49.76431097735772, 728.9387332581531, -1095.0859553572548, 801.7598667003048, -310.61492937645625, 51.054359268114254], 13, 1.2421299876824972e-06, 5.259899916631883e-19

14, 18, 10, [-13.522629420753638, 79.7246100841999, -264.4270439950844, 521.4327452776628, -550.0236717018736, 49.764333525238214, 728.9387789027172, -1095.0860620437345, 801.7599667157276, -310.61497656890134, 51.05436847957281], 11, 1.4848540758035788e-06, 6.065287631473062e-19

14, 18, 14, [-12.371276238966677, 63.55535456718646, -167.5908939992805, 208.29683709219992, -4.576000213913287, -263.40602178740835, 85.97910478563024, 352.8217692079509, -144.29491429426716, -513.1627995772976, 296.3137891117476, 719.2373171849744, -1099.9708696667276, 599.227211485674, -121.05990045164643], 7, 2.3065581833509206e-07, 1.0642579282192331e-19

14, 18, 10, [-13.522631584795008, 79.72463593846436, -264.42717513595835, 521.4331023181771, -550.024187555091, 49.76454098166899, 728.9393694213747, -1095.0872490139648, 801.7609889612895, -310.6154256396468, 51.0544505652806], 14, 9.561215152321148e-07, 4.2724815319815486e-19

14, 18, 14, [-12.3712784120931, 63.55537771659445, -167.59099130143113, 208.29702303605393, -4.576086581204899, -263.4062484305324, 85.97931400343617, 352.8221027951131, -144.29525321948782, -513.1633519715565, 296.3143902375342, 719.2381337987804, -1099.9725511279032, 599.2282621151163, -121.06013546056177], 6, 2.235841601627557e-07, 1.0390222865590372e-19

14, 18, 10, [-13.522630654349463, 79.72462495578893, -264.4271200896696, 521.4329542729591, -550.0239767004155, 49.76445973052075, 728.9391259813154, -1095.0867689285942, 801.7605800188693, -310.61524761985004, 51.054418289502095], 14, 8.972030822719244e-07, 4.0301725867732383e-19

14, 18, 14, [-12.371276225767392, 63.55535516264212, -167.5908999566977, 208.2968570688268, -4.576022345756208, -263.4060418199218, 85.9791538847639, 352.8218020586667, -144.2950029085135, -513.1628703639666, 296.31395125985216, 719.2374354511381, -1099.9712625962557, 599.2275024314555, -121.05997390265217], 5, 2.5617135453758755e-07, 1.1324701183701504e-19

14, 18, 10, [-13.522629521116235, 79.72461154836041, -264.42705280585335, 521.4327732960903, -550.0237193109444, 49.76436144418758, 728.9388281028199, -1095.0861846952175, 801.7600846685759, -310.6150330920219, 51.054379620562976], 14, 1.1377742861153731e-06, 4.90236114708449e-19

14, 18, 14, [-12.3712769092664, 63.55536210922029, -167.59092757196743, 208.2969058565031, -4.576038946410556, -263.40610342796, 85.97919614484648, 352.82189130782837, -144.2950667750475, -513.1630104247936, 296.3140615632312, 719.2376359879421, -1099.9716000943063, 599.2276896993368, -121.0600113187718], 5, 2.497248185383693e-07, 1.1134041010838193e-19

14, 18, 10, [-13.52262883684905, 79.72460329902434, -264.4270106158819, 521.4326575403662, -550.0235507056941, 49.76429220045703, 728.938635863783, -1095.0857948435914, 801.7597474836565, -310.6148845470896, 51.05435241665768], 14, 1.0616266874311146e-06, 4.63780210123455e-19

14, 18, 14, [-12.371277727651655, 63.555370822063296, -167.59096414467652, 208.29697556933448, -4.5760709992807005, -263.40618853595333, 85.97927385710823, 352.82201649263055, -144.29519235707272, -513.1632172170116, 296.31428413947623, 719.2379412308997, -1099.9722244991715, 599.2280787352121, -121.06009816875046], 6, 2.2723702234629967e-07, 1.0540751766965068e-19

14, 18, 10, [-13.522629417786142, 79.72461019342096, -264.4270453409383, 521.432751350364, -550.0236849105727, 49.76434447882016, 728.9387905490826, -1095.0861010601434, 801.7600086493035, -310.61499825140334, 51.054373015032134], 9, 1.5521412214106946e-06, 6.287077758648198e-19

14, 18, 10, [-13.522629419218575, 79.72461015474337, -264.42704480331486, 521.4327487435664, -550.0236788541858, 49.76433892699184, 728.9387856180466, -1095.0860821518029, 801.7599872751668, -310.61498676775426, 51.054370532627246], 14, 9.236183304089998e-07, 4.1463294130154785e-19

14, 18, 10, [-13.522630168383632, 79.72461891846689, -264.4270882565489, 521.4328640709068, -550.0238400972736, 49.76439702292735, 728.9389743275826, -1095.0864429532107, 801.7602882221031, -310.6151151700485, 51.05439333851757], 15, 9.843650943052544e-07, 4.369494255993956e-19

14, 18, 10, [-13.52263150913671, 79.72463490725109, -264.42716915542354, 521.4330836028778, -550.0241557672854, 49.76452186251093, 728.939337058398, -1095.087165882897, 801.7609072817181, -310.6153856510715, 51.05444250913478], 13, 1.1449493150277254e-06, 4.925165332458729e-19

14, 18, 10, [-13.522630059545268, 79.72461765317156, -264.42708201034793, 521.432847529563, -550.023816948795, 49.764388550509274, 728.9389473645371, -1095.086390847429, 801.7602442852876, -310.61509616878664, 51.05438990675042], 14, 1.105730357433776e-06, 4.796288158986315e-19

