14, 18, 11, [-18.35414388553747, 155.9686927333828, -809.0400997911127, 2841.843229890709, -7084.225352027467, 12761.681416128517, -16575.835767006232, 15176.57943618598, -9301.171696774187, 3416.4784531291966, -558.712900129812, -6.3405066983271166], 13, 3.458793965111351e-06, 3.6478543933867255e-18

14, 18, 11, [-18.35414320616621, 155.96867654905517, -809.0399259032059, 2841.842117639384, -7084.220645941748, 12761.667585362062, -16575.80695571169, 15176.536891490821, -9301.128048727622, 3416.448819572976, -558.7009160861843, -6.342694024906818], 10, 3.3696159000109826e-06, 3.632790634633663e-18

14, 18, 11, [-18.354143177909744, 155.96867560534244, -809.0399128521532, 2841.84201550848, -7084.220134777808, 12761.66585048634, -16575.8028565256, 15176.530120997862, -9301.120365942961, 3416.443103005811, -558.6984017051071, -6.3431899366271445], 12, 3.3735401847058085e-06, 3.599849009813305e-18

14, 18, 11, [-18.354143665485264, 155.96868745345165, -809.0400427494965, 2841.8428636308126, -7084.223798937032, 12761.676849034866, -16575.826262142607, 15176.565434455286, -9301.157386371482, 3416.468786968228, -558.7090157299456, -6.341210393844566], 12, 3.421881084542935e-06, 3.61410303074328e-18

14, 18, 11, [-18.354143513719038, 155.9686838027537, -809.0400029159092, 2841.8426035150405, -7084.222670082744, 12761.673432530642, -16575.818908552817, 15176.554185032035, -9301.145406111318, 3416.460331904681, -558.7054581045705, -6.341886313691862], 11, 3.3824216796614425e-06, 3.620778485944616e-18

14, 18, 11, [-18.35414397598553, 155.96869482935793, -809.0401216466827, 2841.843365337266, -7084.225906731234, 12761.6829935799, -16575.83894804466, 15176.583988708164, -9301.176231864241, 3416.481450428468, -558.7140838873843, -6.340294899216643], 10, 3.393851439837612e-06, 3.61381113193835e-18

14, 18, 11, [-18.354143457337777, 155.9686823039978, -809.039985178705, 2841.8424798615824, -7084.222104829605, 12761.671650910144, -16575.814952906734, 15176.547992157972, -9301.138700305459, 3416.455545099898, -558.7034293686507, -6.34227329873425], 13, 3.348397731403098e-06, 3.601312241484076e-18

14, 18, 13, [-18.097091170099862, 149.41401645248274, -733.5849638388063, 2324.9591653174402, -4749.584883410315, 5502.339274557559, -918.5163889045882, -7499.826037711984, 10041.933752261384, -83.24996809134912, -13293.59414932446, 15900.930864637816, -8402.213320123705, 1778.7516665674516], 6, 1.4834321859866911e-06, 1.255273458962288e-18

14, 18, 11, [-18.35414298588498, 155.96867116548128, -809.0398666163227, 2841.8417292371087, -7084.218963791633, 12761.662527525175, -16575.796180522128, 15176.520624189736, -9301.110990460511, 3416.4369845751808, -558.6960257985356, -6.343605906499234], 11, 3.4523649488177185e-06, 3.618210679690793e-18

14, 18, 13, [-18.097088401052982, 149.4139493477783, -733.5842367599367, 2324.9545480027346, -4749.566049116287, 5502.289061214566, -918.4348807363046, -7499.874773724106, 10041.823780357723, -82.91459090368038, -13294.038094783391, 15901.270064923494, -8402.358634841963, 1778.778890516874], 9, 1.4057750195946898e-06, 1.229590771824817e-18

