14, 18, 6, [11.495196180441837, -218.5433311209009, 1215.6914137168023, -3382.860953569441, 5173.253610548784, -4172.406360205669, 1393.3190833963201], 6, 0.022859604133249948, 2.1172820770362587e-14

14, 18, 8, [107.66079631454798, -1369.4423946827803, 6499.336262783735, -13212.860885084918, 1002.8079890922572, 49183.00291047428, -99247.81122592562, 84823.25809575694, -28094.72519148509], 5, 0.004263376622462752, 4.2233504226494345e-15

14, 18, 8, [107.66080794318455, -1369.442535837549, 6499.336930873173, -13212.86225745303, 1002.8081268937394, 49183.00801667458, -99247.82170489337, 84823.26717346611, -28094.728236523606], 40, 0.004260435381142288, 4.222942067639839e-15

14, 18, 8, [107.66079808516382, -1369.4424159635132, 6499.336362439644, -13212.861087017873, 1002.808004621968, 49183.00366287951, -99247.81274814424, 84823.25940017725, -28094.725624636107], 50, 0.004230449576882952, 4.20730155972044e-15

14, 18, 8, [107.66080281060475, -1369.4424728257904, 6499.336629023392, -13212.861627902541, 1002.8080473521562, 49183.00567793407, -99247.81682986044, 84823.26290116413, -28094.726788256172], 50, 0.004242909220250821, 4.2140399731392555e-15

14, 18, 8, [107.66081027087918, -1369.4425640429095, 6499.337064135971, -13212.862530635317, 1002.8081534451429, 49183.00903329016, -99247.82378753553, 84823.26897557073, -28094.728840500793], 5, 0.00425947712844369, 4.2260298037594584e-15

14, 18, 6, [11.495195590291518, -218.5433238904377, 1215.6913768395657, -3382.8608533506713, 5173.253457488723, -4172.4062356472505, 1393.3190412001493], 1, 0.02284916835352876, 2.1292178057291868e-14

14, 18, 6, [11.495195449955247, -218.54332224576103, 1215.691368820867, -3382.8608325328405, 5173.253427136961, -4172.406212085391, 1393.319033591883], 0.8, 0.022772473641636204, 2.1275759454378323e-14

14, 18, 8, [107.66080524045279, -1369.4425030084608, 6499.336775320856, -13212.86193730436, 1002.8080934302002, 49183.00682581405, -99247.81925379472, 84823.2650445482, -28094.727520414555], 40, 0.0042576420074993925, 4.2217342747356205e-15

14, 18, 8, [107.66079917387644, -1369.4424289178044, 6499.336422409787, -13212.861206649168, 1002.8080104962876, 49183.00410935139, -99247.81363597748, 84823.26015078647, -28094.725870734434], 50, 0.004241337815323551, 4.213089634890028e-15

