
[0, 9, 10, 146, 147, 583, 584, 5000]

Minimum values at specified locations: [210.0, 959.8776802875282, 1036.7924815238125, 5696.981513552813, 5711.808714232062, 9997.804653243064, 10004.634986842146, 12601.493582654433]

Maximum values at specified locations: [210.0, 966.9879817143079, 1046.293115553243, 9989.980278468911, 10046.611280625873, 30233.97850331777, 30272.462579755716, 64249.394545970434]


[0, 9] -> [210.0, 966.9879817143079]
[10, 146] -> [1036.7924815238125, 9989.980278468911]
[147, 583] -> [5711.808714232062, 30233.97850331777]
[584, 5000] -> [10004.634986842146, 64249.394545970434]