14, 18, 7, [-13.625643263837814, 81.1985566517573, -276.3804109014007, 587.641278348671, -799.1501126768677, 678.7744244616307, -329.20004418561854, 69.79525339722724], 50, 6.688484139688251e-07, 7.488944098912336e-19

14, 18, 7, [-13.62564380727739, 81.19856307829686, -276.38044342452577, 587.6413696562311, -799.1502662628805, 678.7745792490618, -329.20013073120765, 69.79527410751393], 6, 6.800037556890067e-07, 7.6108219505886815e-19

14, 18, 7, [-13.625643908877946, 81.19856447361406, -276.3804514768551, 587.6413950715871, -799.1503137792591, 678.7746319783117, -329.20016293923925, 69.7952824710696], 7, 6.811286064295823e-07, 7.624881465964072e-19

14, 18, 7, [-13.625643661090745, 81.19856128476434, -276.3804340070138, 587.6413422220654, -799.1502183779472, 678.7745291699337, -329.2001016748762, 69.79526689235776], 50, 6.426944459976803e-07, 7.19845405780597e-19

14, 18, 7, [-13.625642810701029, 81.19855116042953, -276.38038243471436, 587.641196519639, -799.1499718100786, 678.7742792379598, -329.19996116845755, 69.79523309729578], 40, 6.673444559250709e-07, 7.472138102420811e-19

14, 18, 7, [-13.625644100823825, 81.19856660956957, -276.3804615930776, 587.6414214826676, -799.1503547848371, 678.7746697851987, -329.20018206968297, 69.79528655873993], 50, 6.570648555611717e-07, 7.358205478939967e-19

14, 18, 7, [-13.625643111635863, 81.19855469749882, -276.3804002143501, 587.6412460649672, -799.1500544699587, 678.7743618011928, -329.200006881703, 69.79524392019364], 50, 6.400391349223193e-07, 7.168764784650735e-19

14, 18, 7, [-13.625642967888243, 81.19855299628541, -276.38039159995947, 587.6412218705393, -799.1500137631143, 678.7743207720305, -329.19998394249563, 69.7952384319815], 50, 6.427133366638691e-07, 7.198587205368044e-19

14, 18, 7, [-13.625643148436668, 81.19855520538715, -276.38040316551866, 587.6412554558872, -799.1500721867977, 678.7743816533803, -329.20001913198206, 69.79524713503585], 50, 6.628958132329986e-07, 7.422970813427797e-19

14, 18, 7, [-13.625643356719554, 81.19855766447327, -276.3804155751893, 587.6412901548761, -799.1501302452735, 678.7744397838844, -329.2000513801264, 69.79525478146014], 35, 6.757190443302039e-07, 7.564938428725893e-19

14, 18, 7, [-13.625642549545343, 81.19854800820423, -276.38036614163855, 587.6411497721455, -799.1498914015546, 678.7741963239308, -329.19991371100093, 69.79522146627554], 50, 6.587674620286808e-07, 7.377069651797144e-19

14, 18, 7, [-13.625643590373102, 81.1985606072392, -276.3804314102397, 587.6413373496761, -799.1502143905269, 678.7745295374355, -329.20010441505184, 69.79526817457389], 5, 6.779393335429543e-07, 7.5884872004305445e-19

14, 18, 7, [-13.6256430491544, 81.19855399529773, -276.3803968300667, 587.6412369920529, -799.1500398475603, 678.7743476241563, -329.1999992199623, 69.79524213850097], 30, 6.81422004571856e-07, 7.628115502647396e-19

14, 18, 7, [-13.625643326817809, 81.19855729391647, -276.3804136214028, 587.6412844674851, -799.1501203651478, 678.7744295332711, -329.2000454952572, 69.79525333843625], 50, 6.368439162016466e-07, 7.133129485931629e-19

14, 18, 7, [-13.62564426062516, 81.1985685438841, -276.3804716292234, 587.6414504167869, -799.1504048437391, 678.7747217579009, -329.2002120515291, 69.79529397203365], 50, 6.551689100509457e-07, 7.337200422724544e-19

14, 18, 7, [-13.625642759916419, 81.19855069457033, -276.3803807668083, 587.6411937928207, -799.1499705407928, 678.7742813247286, -329.1999642268429, 69.7952342833849], 50, 6.35808694744223e-07, 7.121647745897681e-19

14, 18, 7, [-13.625643412906461, 81.19855839325518, -276.3804195986337, 587.6413024166063, -799.1501525327224, 678.7744639537841, -329.20006586453826, 69.79525848268949], 4, 6.814144567683345e-07, 7.626007466482459e-19

14, 18, 7, [-13.62564424158604, 81.19856844133304, -276.38047172870273, 587.641452421708, -799.1504110920166, 678.7747309173108, -329.2002187477906, 69.79529594401589], 35, 6.81112462521311e-07, 7.624879458041728e-19

14, 18, 7, [-13.625642669276338, 81.19854943938992, -276.38037346623685, 587.6411705781828, -799.1499268299075, 678.7742324883958, -329.19993420236165, 69.79522643818207], 50, 6.452158154841615e-07, 7.22648403480487e-19

14, 18, 7, [-13.625642902901268, 81.1985522682007, -276.38038812561757, 587.6412127240566, -799.1499994306436, 678.7743074204036, -329.1999771068994, 69.79523695141917], 13, 6.816214711180785e-07, 7.629689709350859e-19

14, 18, 7, [-13.625643520536066, 81.19855966377268, -276.38042601634675, 587.6413203991353, -799.1501827208853, 678.7744943181568, -329.20008280955017, 69.79526253033752], 50, 6.560154471825498e-07, 7.346436602029444e-19

14, 18, 7, [-13.625642538700705, 81.19854804318085, -276.38036717495174, 587.6411551623088, -799.1499047981036, 678.7742143323032, -329.199926379256, 69.79522513849638], 50, 6.521408953325523e-07, 7.303500284337818e-19

14, 18, 7, [-13.625642708890824, 81.19854987335512, -276.38037548298246, 587.6411757240103, -799.1499345987945, 678.7742394077496, -329.1999375541367, 69.7952271149198], 50, 6.389230837443432e-07, 7.156385967561691e-19

14, 18, 7, [-13.625643709955197, 81.19856191912605, -276.38043749783265, 587.6413527955484, -799.150237441544, 678.7745496500843, -329.20011382364873, 69.79526996408346], 40, 6.697405143104271e-07, 7.49883925441979e-19

14, 18, 7, [-13.62564340109908, 81.1985581777922, -276.38041811180216, 587.6412970935532, -799.1501415858248, 678.7744508511742, -329.20005734686293, 69.79525615111743], 40, 6.696958488918312e-07, 7.498398516506499e-19

14, 18, 7, [-13.625643364183903, 81.19855788696216, -276.38041742342597, 587.6412974922467, -799.1501464037225, 678.7744601179785, -329.20006512597234, 69.79525866614], 50, 6.428476476309097e-07, 7.200147594294888e-19

14, 18, 7, [-13.625643853166189, 81.19856373622797, -276.38044734432265, 587.6413823365882, -799.1502904413938, 678.7746065178846, -329.2001476157678, 69.79527854344117], 40, 6.647703471518992e-07, 7.443617303542002e-19

14, 18, 7, [-13.625643775915442, 81.1985627885171, -276.38044237661774, 587.6413679117339, -799.150265378979, 678.7745804599613, -329.20013260225466, 69.7952748452835], 50, 6.347546158273636e-07, 7.10969461670983e-19

14, 18, 7, [-13.625643915428252, 81.19856428028949, -276.3804491051736, 587.6413844385456, -799.1502891048967, 678.7746001680493, -329.2001412168037, 69.79527631835518], 30, 6.800353966152634e-07, 7.612820756893501e-19

14, 18, 7, [-13.625643643106045, 81.19856110854519, -276.3804333062946, 587.6413408112935, -799.1502169770346, 678.7745287762244, -329.2001020464789, 69.79526712843415], 30, 6.813771850509554e-07, 7.627854380669712e-19

