14, 18, 4, [-8.355173235853101, 27.92326845889938, -46.65891419305383, 38.98172938779017, -13.026740468066695], 0.4, 1000.0, 2.3618907286327412e+75

14, 18, 17, [8.928194142628991e+44, -2.209118777651218e+45, -2.1167428535722683e+45, 1.6515957481587706e+45, 7.654307786832702e+45, 1.1543045985790233e+46, 6.11643257909448e+45, -1.594399303512997e+46, -5.466964669343375e+46, -9.010595822442587e+46, -6.935418700451199e+46, 8.801856930645672e+46, 4.2490586566257024e+47, 7.651878577582888e+47, 4.300336269662308e+47, -1.7067609488308462e+48, -4.8108186255022575e+48, 5.5179845386311277e+48], 0.4, 1000.0, 2.493969145909805e+75

9, 18, 18, [-3.426045372796652e+45, 7.625204465586727e+45, 8.798302151289777e+45, -2.8278506997896256e+45, -2.4802426038423216e+46, -4.524136818358109e+46, -4.0527237100721606e+46, 2.0417385533742662e+46, 1.5790546410139207e+47, 3.4211479498061535e+47, 4.350686962528855e+47, 1.4783664139831451e+47, -8.850342422648092e+47, -2.7100462616835914e+48, -4.0980507444033743e+48, -1.2390778596442909e+48, 1.1369484464135414e+49, 2.7160737740101993e+49, -3.412572901481404e+49], 0.4, 1000.0, 2.5843297297438903e+75

12, 18, 18, [-9.053521554192725e+45, 2.0256200327587473e+46, 2.3241344120946986e+46, -7.799859793276811e+45, -6.620775047251286e+46, -1.2016594691513414e+47, -1.0666088083977418e+47, 5.694293169610444e+46, 4.240371034834928e+47, 9.135153099232604e+47, 1.1550969121877929e+48, 3.762507170788071e+47, -2.396004977381425e+48, -7.27350811251667e+48, -1.0945795914900306e+49, -3.1979339782394457e+48, 3.066815953134586e+49, 7.287964815051517e+49, -9.201025411657099e+49], 0.4, 1000.0, 2.4307225305506198e+75

2, 18, 17, [-1.3830001294500894e+46, 3.395109237909517e+46, 3.287619906204032e+46, -2.465681065624247e+46, -1.1695201493842045e+47, -1.77860698619441e+47, -9.729144301448794e+46, 2.3753859759163834e+47, 8.296882643804626e+47, 1.3788714999370448e+48, 1.0822920476758877e+48, -1.2880040038389955e+48, -6.403833061757983e+48, -1.1629471452812564e+49, -6.699406490305418e+48, 2.5516124549877875e+49, 7.267521734722747e+49, -8.269263996143994e+49], 0.4, 1000.0, 2.4499254162336872e+75

0.9, 18, 18, [-3.7558941195660654e+45, 8.383437599050902e+45, 9.643605743645758e+45, -3.173953810537028e+45, -2.7341288983906987e+46, -4.973726623939747e+46, -4.433423503717397e+46, 2.305381544765339e+46, 1.7463330706181852e+47, 3.771960314959327e+47, 4.782066674147465e+47, 1.5888368150459965e+47, -9.830611349410085e+47, -2.996164518113533e+48, -4.518975690047264e+48, -1.341723762125605e+48, 1.2603453803220096e+49, 3.002388194467566e+49, -3.781978004948555e+49], 0.4, 1000.0, 2.646660770362554e+75

0.6, 18, 17, [4.204453371109346e+45, -1.0312637675539528e+46, -9.997707492194809e+45, 7.465186324089199e+45, 3.550148649458531e+46, 5.404148815117525e+46, 2.9664459459395433e+46, -7.189845906365036e+46, -2.516648475856023e+47, -4.186408113464933e+47, -3.2932272147835873e+47, 3.890068772112405e+47, 1.9408552647662735e+48, 3.5280652615067013e+48, 2.0382105170973625e+48, -7.725824756031524e+48, -2.203189046505489e+49, 2.5044626084544316e+49], 0.4, 1000.0, 2.7359443121967523e+75

12, 18, 18, [4.7274683422143504e+45, -1.0510297263470456e+46, -1.2142364181321687e+46, 3.8647599596098864e+45, 3.41511278136522e+46, 6.236592430553758e+46, 5.59879171527217e+46, -2.7812388922819485e+46, -2.171091871106831e+47, -4.710356418848268e+47, -5.998754240260252e+47, -2.059803476410513e+47, 1.2141661704584073e+48, 3.72624898415277e+48, 5.641908444476985e+48, 1.721501176814783e+48, -1.5609946037359402e+49, -3.7344672107465174e+49, 4.685548338118161e+49], 0.4, 1000.0, 2.4587817051099585e+75

6, 18, 17, [1.4625660190011308e+46, -3.60836096375072e+46, -3.4709081326256693e+46, 2.669412059364238e+46, 1.2475776924356578e+47, 1.887206233474307e+47, 1.0118358084889996e+47, -2.575108198940198e+47, -8.888745813148075e+47, -1.4694518016137656e+48, -1.1391579246958645e+48, 1.4125961470654983e+48, 6.89128749903046e+48, 1.2447695341707544e+49, 7.058710793319403e+48, -2.760159769566615e+49, -7.809065621703064e+49, 8.93142673710381e+49], 0.4, 1000.0, 2.321360622685041e+75

0.7, 18, 17, [-1.3678977579542128e+46, 3.375545378982535e+46, 3.24612049943504e+46, -2.4989741908661173e+46, -1.1672685924458683e+47, -1.7653911575568054e+47, -9.458754608447202e+46, 2.4106231862149094e+47, 8.317758982505184e+47, 1.374836242804342e+48, 1.0654319227109657e+48, -1.3226718503352949e+48, -6.449260493702833e+48, -1.1647630217390807e+49, -6.602584968479905e+48, 2.5833309350569995e+49, 7.307671600876775e+49, -8.358721693904132e+49], 0.4, 1000.0, 2.4323016162614542e+75

10, 18, 18, [2.1164144291322125e+44, -5.175844751452609e+44, -5.389146505757535e+44, 3.197370163276412e+44, 1.824936137466161e+45, 3.0593513965990655e+45, 2.2975352082837438e+45, -2.6028666826934407e+45, -1.2759408541161035e+46, -2.5292485738998535e+46, -2.914319627983281e+46, -2.4584203145352435e+45, 8.049611971031823e+46, 2.174802769867652e+47, 3.044233567670538e+47, 4.013932961100007e+46, -9.849258264841169e+47, -2.1742601561155483e+48, 2.9405635422522615e+48], 0.4, 1000.0, 2.470136351438208e+75

0.9, 18, 17, [-3.742301167647407e+45, 9.197577556560053e+45, 8.889922778631516e+45, -6.713758639714114e+45, -3.1711337957145715e+46, -4.814756908567684e+46, -2.61708973484496e+46, 6.474625616080018e+46, 2.2527810087859567e+47, 3.7371319792165126e+47, 2.920190822950026e+47, -3.5284053889666304e+47, -1.7419579524619307e+48, -3.156965574739072e+48, -1.8071389821086317e+48, 6.957606152140196e+48, 1.9762466884797017e+49, -2.2539017287530384e+49], 0.4, 1000.0, 2.289711085189137e+75

13, 18, 17, [1.3442216974053883e+46, -3.308834531907085e+46, -3.1925117635973353e+46, 2.427363676242324e+46, 1.1420896383985137e+47, 1.731849557187467e+47, 9.371219613056606e+46, -2.3402123043537107e+47, -8.121284138099048e+47, -1.3458045606682248e+48, -1.0492310214977072e+48, 1.2770837766638191e+48, 6.283614498370551e+48, 1.1377679041503051e+49, 6.49833483710217e+48, -2.5108833076842264e+49, -7.125294825277636e+49, 8.130451803491486e+49], 0.4, 1000.0, 2.3865557800222884e+75

13, 18, 18, [-1.119168368763402e+46, 2.499408757787723e+46, 2.8734728606912355e+46, -9.498672721276289e+45, -8.155463328960298e+46, -1.4828365536747515e+47, -1.3205360184149064e+47, 6.906685720501757e+46, 5.212137482335295e+47, 1.1251495131751614e+48, 1.425647795300296e+48, 4.716846192404963e+47, -2.9363863142123004e+48, -8.941852296281325e+48, -1.348018728234602e+49, -3.9889827705530714e+48, 3.763229114107368e+49, 8.960160106679716e+49, -1.1291928906018245e+50], 0.4, 1000.0, 2.394448702733466e+75

0.4, 18, 18, [2.027155788168066e+46, -4.5198099143004886e+46, -5.205397106562632e+46, 1.697634553077004e+46, 1.472566716843574e+47, 2.681637102340772e+47, 2.3950285897019816e+47, -1.2300015975550213e+47, -9.393456601030237e+47, -2.0314044405383054e+48, -2.5786012682554278e+48, -8.64648303096715e+47, 5.278353350552356e+48, 1.611782073160772e+49, 2.4335609103442804e+49, 7.280540998460366e+48, -6.772317510591376e+49, -1.615184078208442e+50, 2.03236151890164e+50], 0.4, 1000.0, 2.3659607769824273e+75

3, 18, 17, [2.9069214616692975e+46, -7.157344310496131e+46, -6.903443574026054e+46, 5.255471986563574e+46, 2.470932824458604e+47, 3.745939715894062e+47, 2.0250721008242e+47, -5.066871454841484e+47, -1.7574068016163337e+48, -2.9115678176555443e+48, -2.268725929197157e+48, 2.766290911321271e+48, 1.3599859509494324e+49, 2.4619567181268646e+49, 1.4052475966110244e+49, -5.435416616009801e+49, -1.5420298267459419e+50, 1.759896959339575e+50], 0.4, 1000.0, 2.337707831345274e+75

0.9, 18, 18, [1.2234263156849117e+46, -2.732314269223273e+46, -3.141016947836921e+46, 1.0388446424998957e+46, 8.915780437998568e+46, 1.6209442921590793e+47, 1.443267624004906e+47, -7.557273109721384e+46, -5.698801466284571e+47, -1.2300499393536483e+48, -1.5583283015479284e+48, -5.149505492468712e+47, 3.2115019354767656e+48, 9.777153715644428e+48, 1.4737123041533648e+49, 4.35539568976443e+48, -4.115705264441835e+49, -9.797497708004458e+49, 1.2349864509491549e+50], 0.4, 1000.0, 2.6307174114935436e+75

9, 18, 18, [1.2587038857693032e+46, -2.804432937226294e+46, -3.232397858426006e+46, 1.0477036050026319e+46, 9.130751982323986e+46, 1.6639705075682056e+47, 1.4881262782635356e+47, -7.577045578027578e+46, -5.819305503065673e+47, -1.259533047864462e+48, -1.600198013504083e+48, -5.400160587216975e+47, 3.265753735023371e+48, 9.985556973187017e+48, 1.5088140389827908e+49, 4.538406831062819e+48, -4.1922058836237906e+49, -1.0006719674759243e+50, 1.2581278842966605e+50], 0.4, 1000.0, 2.593016406994127e+75

11, 18, 17, [1.3172644523740157e+46, -3.247921612577887e+46, -3.126863515093419e+46, 2.3971849724108473e+46, 1.122451532292967e+47, 1.6991231003130149e+47, 9.134593405373297e+46, -2.3118860228817658e+47, -7.992679063179388e+47, -1.322269851175619e+48, -1.0268444665994382e+48, 1.2660572880968502e+48, 6.1925761183301e+48, 1.1194081974306944e+49, 6.362404898316553e+48, -2.4783486348466425e+49, -7.018534971995706e+49, 8.02105521448184e+49], 0.4, 1000.0, 2.4486873939946834e+75

9, 18, 18, [1.9676872195315833e+46, -4.3935623288707913e+46, -5.052168940476221e+46, 1.6673925965835776e+46, 1.433347991446985e+47, 2.6066298229204562e+47, 2.322160248222749e+47, -1.2118011044201848e+47, -9.15833288780525e+47, -1.9774635393545743e+48, -2.5061762290413106e+48, -8.30640894568444e+47, 5.157775347981764e+48, 1.5712020883682894e+49, 2.3691301693949444e+49, 7.021051974280432e+48, -6.610988689364097e+49, -1.5744186295960384e+50, 1.983708005487101e+50], 0.4, 1000.0, 2.279776896708715e+75

0.6, 18, 18, [-4.178745294471885e+45, 9.384315937883588e+45, 1.0723558430877625e+46, -3.709335562971714e+45, -3.077849498751423e+46, -5.566063629667954e+46, -4.907083535956467e+46, 2.7298367147529024e+46, 1.9798376724618513e+47, 4.247630568170181e+47, 5.348131822971739e+47, 1.685464836427338e+47, -1.1254877717165912e+48, -3.394992770080841e+48, -5.090648029599614e+48, -1.447855799059442e+48, 1.436986621196601e+49, 3.401408329192236e+49, -4.310135067200464e+49], 0.4, 1000.0, 2.3805094494916956e+75

12, 18, 17, [-2.214809312401513e+45, 5.5452377442070805e+45, 5.230388912931874e+45, -4.320555422031904e+45, -1.9378976007381498e+46, -2.8866911406244334e+46, -1.456719091246256e+46, 4.1818620700650444e+46, 1.3975555538905656e+47, 2.2762846887986303e+47, 1.7021536325116732e+47, -2.3635505779283643e+47, -1.0967765148197289e+48, -1.9520559315744808e+48, -1.0583293437600219e+48, 4.454083098664311e+48, 1.2376487314930646e+49, -1.435233018466452e+49], 0.4, 1000.0, 2.3544772428417126e+75

8, 18, 18, [-5.908841968103496e+45, 1.3189996819467712e+46, 1.517100750094374e+46, -4.997316218863931e+45, -4.302068423138186e+46, -7.825143337130176e+46, -6.973549579374383e+46, 3.6313334357249564e+46, 2.7482216503546668e+47, 5.935105986043807e+47, 7.523276441082694e+47, 2.4964682972566583e+47, -1.5474808448470906e+48, -4.715178162510834e+48, -7.110594601759696e+48, -2.10871559877638e+48, 1.98384398731307e+49, 4.72505146677895e+49, -5.95306059689793e+49], 0.4, 1000.0, 2.462605427797668e+75

1, 18, 17, [7.976532465994418e+45, -1.960847666162776e+46, -1.8953159048534695e+46, 1.4313293783419926e+46, 6.761478484251535e+46, 1.0267947168041368e+47, 5.586547531597679e+46, -1.3793567114719305e+47, -4.802370693827091e+47, -7.969768340340551e+47, -6.234891775711061e+47, 7.502523601132138e+47, 3.711034883212654e+48, 6.729616128560726e+48, 3.8606491955049136e+48, -1.4806885333136898e+49, -4.209784106387553e+49, 4.796570980813159e+49], 0.4, 1000.0, 2.3738657404225066e+75

0.4, 18, 18, [6.94962296213725e+45, -1.5568115219180477e+46, -1.7838540387233775e+46, 6.046924815786468e+45, 5.094252078423495e+46, 9.235020324626388e+46, 8.179019800780839e+46, -4.4261406323397434e+46, -3.267327452784702e+47, -7.029394855640436e+47, -8.876068539983618e+47, -2.8608178511919786e+47, 1.8498123497720808e+48, 5.6038304789854734e+48, 8.42325996084566e+48, 2.4399234990557556e+48, -2.3657285080417967e+49, -5.614740471536098e+49, 7.096983689809018e+49], 0.4, 1000.0, 2.3726911469280347e+75

0.9, 18, 17, [-8.988132935377546e+45, 2.2053961705535376e+46, 2.136940173506615e+46, -1.5987699885436059e+46, -7.594189183113899e+46, -1.1555078861416303e+47, -6.332447616755367e+46, 1.540089225179836e+47, 5.385334141350261e+47, 8.954332369091722e+47, 7.036215660837696e+47, -8.342284770913234e+47, -4.154964756212221e+48, -7.549134208061243e+48, -4.3548081176483137e+48, 1.6548249864787283e+49, 4.716069307957071e+49, -5.363780392250726e+49], 0.4, 1000.0, 2.294963254655114e+75

0.7, 18, 17, [1.407490560050542e+46, -3.472931887517656e+46, -3.3399648058093805e+46, 2.570619536027427e+46, 1.2008714395852816e+47, 1.8162356432712433e+47, 9.731149530538245e+46, -2.4800546478206777e+47, -8.557210780392376e+47, -1.4143744813212684e+48, -1.0959406775709846e+48, 1.3611342018419053e+48, 6.635493663427502e+48, 1.1983131500503757e+49, 6.790773342592908e+48, -2.65835364079396e+49, -7.518937392865534e+49, 8.601633252678848e+49], 0.4, 1000.0, 2.5977216300105892e+75

14, 18, 18, [5.810264976770238e+45, -1.286300411965249e+46, -1.4930581158785511e+46, 4.5762434934646434e+45, 4.162785827299085e+46, 7.634878105285475e+46, 6.908616567690899e+46, -3.2541734455825457e+46, -2.6322496056364364e+47, -5.740156196351727e+47, -7.348254093340951e+47, -2.6173767131104757e+47, 1.4604261314826024e+48, 4.518962036499736e+48, 6.873509408096002e+48, 2.1646060953878374e+48, -1.883439161745731e+49, -4.5291134898734764e+49, 5.654821816012287e+49], 0.4, 1000.0, 2.4266138744281e+75

7, 18, 18, [-2.50284668305217e+44, 4.890557442254636e+44, 6.496069516245483e+44, 5.632858406649002e+42, -1.3839697612184525e+45, -2.919128300656362e+45, -3.264251634642625e+45, -4.740074198544719e+44, 7.137860533056188e+45, 1.8913015505417278e+46, 2.8484462209117803e+46, 2.0604994598231546e+46, -2.680900147521933e+46, -1.2466326425477298e+47, -2.2440028785613325e+47, -1.4409221716585585e+47, 4.163646173995964e+47, 1.2570608933400138e+48, -1.2725986613511304e+48], 0.4, 1000.0, 2.4254308320921402e+75

10, 18, 17, [7.9309381635644e+44, -1.8798820877897265e+45, -1.9083295037015048e+45, 1.180354733029819e+45, 6.303272745104145e+45, 9.972289465725611e+45, 6.240046683327779e+45, -1.1222462751963565e+46, -4.325690491291159e+46, -7.489305011550501e+46, -6.430729133724975e+46, 5.441339235251246e+46, 3.218331418593314e+47, 6.105794107201952e+47, 3.957335974366305e+47, -1.2252103143645255e+48, -3.695755014929933e+48, 4.022268716073704e+48], 0.4, 1000.0, 2.7041644867642563e+75

