15, 17, 14, [0.3140432968042769, -7.148769946775415, 0.10004616877118651, 8.983770942951157, 10.352060914448092, 1.445833643812864, -13.033812643084232, -22.444849166017885, -15.33855283843909, 11.723448860866238, 44.096073528415246, 45.3798738132069, -22.30013754924471, -119.00809976015162, 76.01223430680477], 2, 1.1659621016124347e-06, 2.98294890384234e-19

15, 17, 14, [0.31402831573967405, -7.148732241902771, 0.10005483586837818, 8.983734325146502, 10.352010544100677, 1.4458187541810699, -13.033761240150753, -22.444749149175625, -15.338477179326873, 11.723406352636365, 44.09588114582088, 45.37966541485404, -22.300048135001653, -119.00756708911771, 76.01189826938568], 5, 1.161963631482549e-06, 2.9827940921047554e-19

15, 17, 14, [0.3140383812565751, -7.148757657095609, 0.10004908474635839, 8.983759118751166, 10.35204450115683, 1.4458286013680892, -13.033796230321158, -22.444816849923694, -15.338528086147857, 11.723435692535862, 44.096011897599574, 45.379806435067756, -22.300109740884658, -119.00792921778432, 76.01212745054117], 3, 1.1667078001417098e-06, 2.98395031453901e-19

15, 17, 14, [0.3140340736053017, -7.1487468975233375, 0.10005165081418989, 8.983748782060866, 10.352030129790048, 1.4458241558238003, -13.033781913009372, -22.444788596012323, -15.338506391400449, 11.723424281963464, 44.09595811216842, 45.37974751752905, -22.30008564161448, -119.00778042907072, 76.01203438392999], 6, 1.164551918312048e-06, 2.996817961990805e-19

15, 17, 14, [0.314039450068329, -7.148760232804649, 0.10004836709388024, 8.983761466236878, 10.352047933931102, 1.4458298769261633, -13.033799272266604, -22.444823288953238, -15.338533372703658, 11.723437662951776, 44.09602356904913, 45.37981990961534, -22.300114046524307, -119.00796141515448, 76.01214679200798], 5, 1.1623391731369288e-06, 2.9824875887037107e-19

15, 17, 14, [0.3140441475129982, -7.1487720714975245, 0.1000456627198015, 8.983772984651871, 10.352063751323637, 1.4458345184991606, -13.03381547427301, -22.444854746493377, -15.338557116600146, 11.723451128570249, 44.09608416600499, 45.37988544872758, -22.300142343927906, -119.00812920165176, 76.01225275215724], 4, 1.1665397911715295e-06, 2.9841174679768616e-19

15, 17, 14, [0.3140395027135627, -7.14876044863921, 0.1000484097153325, 8.983761788638306, 10.352048227313722, 1.4458297708890684, -13.033799912448181, -22.44482414944905, -15.338533714525642, 11.723438599716737, 44.096025757426695, 45.379821658919276, -22.30011590446791, -119.00796757356444, 76.01215141106299], 4, 1.1662044142464852e-06, 2.9839350526281863e-19

15, 17, 14, [0.3140381722859253, -7.148757187634562, 0.10004925748946561, 8.983758741144142, 10.352043874444943, 1.4458282766181607, -13.033795837148828, -22.444815803986142, -15.338527064991029, 11.723435676785831, 44.09601028963681, 45.37980422161333, -22.300109647267142, -119.00792487485973, 76.01212529666637], 2, 1.1666481714150787e-06, 2.9846667648934467e-19

15, 17, 14, [0.3140428672871108, -7.1487688923639965, 0.10004644218523226, 8.983769956252562, 10.352059505454228, 1.4458331597239675, -13.03381132455764, -22.444846463989197, -15.338550681903042, 11.723447923072609, 44.096068530097355, 45.37986816632791, -22.300135550901558, -119.00808598022022, 76.01222590700787], 5, 1.1642651559771151e-06, 2.9829480168433013e-19

15, 17, 14, [0.3140287035268331, -7.148733244041831, 0.10005463482942291, 8.983735334103622, 10.352011884000484, 1.4458190883555748, -13.033762716946294, -22.44475189864427, -15.338479159048386, 11.723407706791818, 44.09588660829685, 45.37967112955799, -22.30005094989965, -119.00758225044595, 76.01190807668523], 3, 1.1656934480992486e-06, 2.9830307215226547e-19

15, 17, 14, [0.31403242979687007, -7.148742645741345, 0.10005249957630194, 8.983744496347901, 10.352024445093846, 1.4458227471615406, -13.033775631506852, -22.444776918451907, -15.338497998227734, 11.7234185021409, 44.09593488506677, 45.379723249153976, -22.300073626991587, -119.00771594975629, 76.01199263126023], 7, 1.161263009647476e-06, 2.980988216872329e-19

15, 17, 14, [0.314038826519868, -7.148758717915006, 0.10004877493865758, 8.98376006821153, 10.352045914340835, 1.4458291564932475, -13.03379742956131, -22.444819457551656, -15.338530278268719, 11.723436395704374, 44.0960165355223, 45.37981189914592, -22.300111302814745, -119.00794199330107, 76.01213499380948], 5, 1.1655965837122102e-06, 2.9840660744310195e-19

15, 17, 14, [0.31403634743993675, -7.148752538684496, 0.10005026214411204, 8.983754148760552, 10.352037662875047, 1.4458265774276984, -13.033789256272266, -22.444803274760236, -15.338517811793645, 11.723429933376513, 44.095985796151716, 45.37977814835368, -22.30009762926563, -119.0078569562496, 76.01208188414604], 6, 1.1628639991980114e-06, 2.990386135676805e-19

15, 17, 14, [0.31404052192939486, -7.148762970874714, 0.10004778124082196, 8.983764179065394, 10.352051595625575, 1.4458308702910145, -13.033803166531888, -22.444830689328434, -15.338538830975615, 11.72344106463191, 44.09603804141292, 45.37983531010373, -22.300121140322148, -119.00800151496513, 76.01217240312819], 5, 1.1621346466737035e-06, 2.9829537272328424e-19

15, 17, 14, [0.3140400305548927, -7.148761901647831, 0.10004821447688768, 8.98376336905813, 10.352050174758634, 1.4458300549554473, -13.033802415268175, -22.444828435802002, -15.338536486926024, 11.72344129143653, 44.09603481598951, 45.37983052318429, -22.300121404231213, -119.00799281957832, 76.01216846907754], 2, 1.166082150363284e-06, 2.9846055258413165e-19

15, 17, 14, [0.31404448932421947, -7.148773067758411, 0.10004558538680981, 8.983774137172398, 10.352065088947851, 1.4458345948730225, -13.03381740321459, -22.444857861147575, -15.338558957888846, 11.723453405481111, 44.09609104884691, 45.37989186489361, -22.30014695807833, -119.00814844265209, 76.01226613382987], 5, 1.1619358735473381e-06, 2.982460436714454e-19

15, 17, 14, [0.3140388666477533, -7.148758811032194, 0.1000487460596934, 8.983760148991639, 10.35204603666794, 1.4458292061270317, -13.033797530462254, -22.444819679613147, -15.338530464523005, 11.723436458459297, 44.096016935022064, 45.37981236359606, -22.300111453754198, -119.00794311236679, 76.01213567746237], 3, 1.166095702733578e-06, 2.983219494431687e-19

15, 17, 14, [0.3140394686864126, -7.148760404836527, 0.10004846654476886, 8.983761803090875, 10.352048170744348, 1.4458296556527903, -13.033800028838215, -22.4448241786457, -15.338533577398463, 11.723438907040997, 44.096026089657016, 45.37982169693924, -22.300116497566144, -119.00796855156418, 76.01215241400806], 6, 1.16173632464464e-06, 2.9872783973020685e-19

15, 17, 13, [1.9980197316532011, -12.845694819778934, 1.583291930358486, 16.607953921698112, 14.88747162143181, -5.047300428284599, -28.80605716323635, -33.329810228994056, -2.5308763035219877, 51.537172285565944, 74.30441183921583, -8.130723203914007, -164.0050941935426, 92.89336059341261], 5, 1.1294528985496305e-06, 2.85875016812885e-19

15, 17, 14, [0.31404344825970554, -7.148770409474445, 0.10004615543476764, 8.983771504930477, 10.35206153397709, 1.4458336277473776, -13.033813627254865, -22.444850680367985, -15.338553657245887, 11.723450112802105, 44.096077013519796, 45.379876920848524, -22.30014009024098, -119.00810955533919, 76.01224130732307], 6, 1.163541897262256e-06, 2.994311080710936e-19

15, 17, 14, [0.3140494471789298, -7.148785523236099, 0.10004269828685354, 8.983786203778646, 10.352081725675214, 1.4458395611204509, -13.033834295381098, -22.444890824642343, -15.338583968450626, 11.723467278741976, 44.096154328235734, 45.37996055871179, -22.300176176940862, -119.00832364234594, 76.0123764981296], 3, 1.166816987528385e-06, 2.984952507147704e-19

15, 17, 14, [0.3140328955604723, -7.148743850502832, 0.10005226019103339, 8.983745711656281, 10.352026054535688, 1.445823141760653, -13.03377741728817, -22.44478022951015, -15.338500368665525, 11.723420160043101, 44.09594149032045, 45.37973012829592, -22.300077080466885, -119.00773430456474, 76.01200455494335], 5, 1.1644190787764406e-06, 2.983136898795095e-19

15, 17, 14, [0.31404327317722286, -7.148769817879668, 0.10004612274490099, 8.983770724771018, 10.35206073653976, 1.445833747292809, -13.033812185508266, -22.444848586397942, -15.338552647104068, 11.72344816000486, 44.09607199091098, 45.37987263965187, -22.300136176487797, -119.00809544144491, 76.01223101528007], 4, 1.1660344806619006e-06, 2.9838479338856073e-19

15, 17, 14, [0.3140366867878276, -7.148753383015699, 0.10005005873518642, 8.98375495673646, 10.352038788345904, 1.4458269270672486, -13.033790374712124, -22.44480548339872, -15.338519505744483, 11.72343083175924, 44.09599000906539, 45.37978275255979, -22.300099542218845, -119.00786863615016, 76.01208922282804], 4, 1.1672223956848342e-06, 2.9849748935229255e-19

15, 17, 14, [0.3140329983141907, -7.148744034585807, 0.10005213429148305, 8.983745788647976, 10.352026297282782, 1.4458233900403084, -13.033777353004476, -22.444780458083283, -15.338500827366248, 11.723419727453269, 44.09594143371177, 45.379730645339905, -22.300076264943208, -119.00773404124308, 76.0120036939064], 5, 1.1657675065328532e-06, 2.98408668566454e-19

15, 17, 14, [0.31405044999645043, -7.148788048655357, 0.10004211902024665, 8.983788658069333, 10.352085100005198, 1.4458405566735855, -13.033837742287606, -22.44489752798338, -15.338589037252682, 11.723470130821129, 44.09616722439852, 45.37997452590401, -22.300182171761136, -119.00835934437616, 76.01239901947127], 5, 1.1626517785130026e-06, 2.982935930267348e-19

15, 17, 14, [0.3140356334321695, -7.1487506901374385, 0.10005062953500085, 8.983752283351759, 10.352035190870039, 1.4458259677734107, -13.033786519552066, -22.44479819213722, -15.338514162316933, 11.72342741155092, 44.0959756812612, 45.37976758565109, -22.300092391897575, -119.00782888117524, 76.01206370252062], 6, 1.1655032961054948e-06, 3.0001479308656476e-19

15, 17, 14, [0.31403577395882043, -7.148751089799621, 0.10005058961566227, 8.983752734603959, 10.352035726269058, 1.4458260156904292, -13.033787260946651, -22.444799413293186, -15.33851490649039, 11.723428264029442, 44.09597834311449, 45.37977010432446, -22.3000941289724, -119.00783632334544, 76.01206883962458], 5, 1.1629438926667738e-06, 2.9821092177871016e-19

15, 17, 14, [0.3140366986565427, -7.148753362919512, 0.10005000718434418, 8.983754868887079, 10.35203875957838, 1.4458270374460798, -13.033790135259931, -22.444805255832073, -15.33851952654901, 11.723430377109802, 44.09598923580873, 45.37978230620907, -22.300098647598908, -119.00786642020675, 76.01208735212771], 5, 1.1659552932812506e-06, 2.984599398117579e-19

15, 17, 14, [0.31403222750352616, -7.148742063734096, 0.10005255229537878, 8.983743832163961, 10.352023663710742, 1.4458226863240453, -13.033774533354567, -22.444775122076873, -15.338496913319009, 11.72341723178394, 44.09593095580541, 45.37971954519456, -22.300071050257447, -119.00770497588739, 76.01198505033283], 2, 1.1666628347607928e-06, 2.984411782189527e-19

