14, 18, 15, [-10.170953430010362, 41.99945790337388, -84.88457176528198, 68.11808528265058, 34.28678567678288, -77.55926433931153, -30.72393167823512, 80.73253844171131, 48.012314160058395, -81.78060156015067, -71.52385729937083, 92.23045633143526, 82.11170662881088, -164.8835084305491, 90.47440063247124, -17.439048229430867], 5, 2.3471337387557004e-07, 5.739317242136818e-20

14, 18, 15, [-10.170956444248255, 41.99948429739909, -84.88465988645251, 68.11820664297858, 34.28678396887364, -77.55940947050527, -30.723918614639743, 80.73271973140666, 48.01233906412032, -81.78082526719504, -71.52395075998035, 92.23073582762876, 82.11184168045472, -164.88396662897114, 90.47469626558, -17.43911208152155], 5, 2.2769822345280552e-07, 5.499276760213061e-20

14, 18, 15, [-10.170953343050957, 41.999457161920375, -84.88456940557816, 68.11808233975441, 34.286785248106476, -77.5592608115134, -30.72393120779218, 80.7325343834368, 48.01231252025134, -81.78059726862931, -71.52385412184422, 92.23045176847324, 82.1117027250829, -164.88350101866268, 90.47439699796429, -17.439047642966642], 5, 1.9859360603201688e-07, 5.1949775253171586e-20

14, 18, 15, [-10.17095785786328, 41.99949615997799, -84.88469758731262, 68.11825494292633, 34.28678763181528, -77.55946687105066, -30.7239197554734, 80.73278842312962, 48.012356148866765, -81.78090520962633, -71.52399306877693, 92.23083138350518, 82.11189794184223, -164.8841242382847, 90.47479216880832, -17.439131887558826], 3, 3.995078926316032e-07, 7.977769655292878e-20

14, 18, 15, [-10.170950239139199, 41.99943087801026, -84.88448496028141, 68.1179723430341, 34.28677921761369, -77.55912987731669, -30.72393195495171, 80.73237607365726, 48.01227733218066, -81.78041039251208, -71.52376031655197, 92.23022598197676, 82.11157571716127, -164.88312932475378, 90.47416759687015, -17.438999750041088], 4, 3.579467097747116e-07, 7.408473465347995e-20

14, 18, 15, [-10.170952416693078, 41.999448858468774, -84.88454091398229, 68.11804150608462, 34.28678790232351, -77.55921189431278, -30.723938810731305, 80.73247181112698, 48.01230803751705, -81.78051741293771, -71.52382579563611, 92.23034931663973, 82.11165919765659, -164.88333315971747, 90.47428488520146, -17.43902278603341], 6, 1.9771080058671416e-07, 5.196673618357132e-20

14, 18, 15, [-10.17095564870393, 41.99947710207042, -84.8846350154231, 68.1181707742352, 34.28678641587647, -77.55936641671734, -30.723925314946005, 80.7326646035796, 48.01233492061227, -81.78075507723705, -71.52392543432448, 92.23064618965707, 82.111802897436, -164.8838201040272, 90.4745991259506, -17.439090693100113], 5, 2.189232075934719e-07, 5.376265298170648e-20

14, 18, 15, [-10.170951264016907, 41.99943948854113, -84.88451233590524, 68.1180073723229, 34.286782009198085, -77.55917153863788, -30.723933062462727, 80.73242582766426, 48.01229017293413, -81.78046797923959, -71.52379149742949, 92.2302943552649, 82.11161696397522, -164.88324194860232, 90.4742353489515, -17.439013587596648], 5, 3.7582921878373975e-07, 7.243116418994049e-20

14, 18, 18, [-10.351643623180781, 43.31657360461798, -87.96179729004855, 69.02477487142502, 38.807938416864545, -75.78441793886725, -42.303028849611934, 70.38464338757078, 69.54488555084383, -47.349931340914345, -100.33164004729589, 4.04355993311659, 118.69157670493145, 45.268842832621125, -132.5742753352292, -70.72910719472787, 204.09188917339344, -120.88764061137375, 24.09880834814449], 4, 1.3750912350969423e-07, 2.633462893640692e-20

14, 18, 15, [-10.17095479292279, 41.9994699007128, -84.88461205108445, 68.11814120001901, 34.28678436702388, -77.55933124967576, -30.723924893621906, 80.73262238175384, 48.01232475940536, -81.78070572608748, -71.52389972019122, 92.23058701657507, 82.11176851516716, -164.88372257970897, 90.4745395533879, -17.439078355812935], 3, 4.0127477997874103e-07, 7.992282056944315e-20

14, 18, 15, [-10.17095581743294, 41.99947820444498, -84.88463732016312, 68.11817135025204, 34.28678950491858, -77.55936684356922, -30.72392975858023, 80.73266299824253, 48.01234012118748, -81.78074968736802, -71.52392949149863, 92.23063640673006, 82.11180531355211, -164.88380474972615, 90.47458511448421, -17.439087020527243], 4, 3.6717532747808104e-07, 7.534920454458538e-20

14, 18, 15, [-10.170954489664599, 41.99946732130844, -84.88460372066744, 68.1181302610179, 34.286783885917096, -77.55931822532011, -30.723925150578598, 80.73260655389306, 48.01232148747289, -81.78068688608722, -71.52389058606265, 92.23056407757953, 82.11175602035006, -164.88368480845375, 90.4745159635462, -17.4390733793082], 3, 4.005701928129962e-07, 7.982625332983279e-20

14, 18, 15, [-10.170950186508115, 41.999429515319335, -84.88447706922689, 68.1179550885195, 34.28678717321773, -77.55910864325469, -30.72394513563536, 80.73234420802358, 48.01228672598094, -81.78036238022672, -71.52375643153425, 92.23015803545852, 82.11156136091806, -164.8830194228769, 90.47408584866862, -17.438980361860207], 5, 1.9998901396694007e-07, 5.194446925979787e-20

14, 18, 15, [-10.170947204898216, 41.99940406232322, -84.88439450964373, 68.11784598400959, 34.286783208906435, -77.55897863453494, -30.723948865826017, 80.73218562281114, 48.012255301617515, -81.78017276493276, -71.5236660195525, 92.22992653404121, 82.11143686995035, -164.88263863397924, 90.47384733827548, -17.43892996356609], 5, 1.9813222504300652e-07, 5.2082212883475344e-20

14, 18, 15, [-10.170952204165848, 41.99944766250297, -84.88453941614792, 68.11804427969506, 34.286781940180454, -77.55921563055014, -30.723929732807516, 80.73248059489173, 48.01229845205626, -81.78053508829855, -71.52382039400143, 92.23037780302082, 82.11165823520508, -164.88337888106685, 90.47432318809082, -17.439032483652742], 4, 3.96712786890193e-07, 7.927780744765874e-20

14, 18, 15, [-10.170951778962323, 41.99944361983193, -84.88452469588167, 68.11802158448677, 34.28678528775028, -77.55918830484134, -30.72393672454918, 80.73244434459055, 48.01229914421731, -81.78048674445763, -71.5238069921451, 92.23031392511405, 82.11163527650228, -164.883274549807, 90.4742510409841, -17.439016107863182], 3, 4.0027955451899096e-07, 7.99907094253805e-20

14, 18, 15, [-10.170951500615486, 41.99944122800383, -84.88451686067908, 68.11801103477808, 34.286785211852354, -77.55917574704455, -30.72393760332375, 80.73242880977374, 48.012296811578416, -81.78046768331157, -71.52379891780153, 92.2302900528829, 82.11162375784063, -164.88323517817156, 90.47422542574759, -17.439010516531233], 5, 2.470964837950177e-07, 5.708538498261657e-20

14, 18, 15, [-10.170951984188973, 41.99944536762873, -84.88453041844905, 68.11802939442171, 34.2867850946616, -77.55919757336099, -30.72393559602393, 80.73245601764361, 48.01230018242582, -81.78050156133818, -71.52381232072264, 92.23033306382179, 82.11164333359925, -164.8833061891452, 90.47427242198418, -17.439020907993335], 5, 2.462472184520736e-07, 5.675998612770495e-20

14, 18, 15, [-10.170951809399297, 41.99944397690771, -84.88452621667955, 68.11802428788504, 34.286784543887066, -77.55919161228832, -30.723935430552256, 80.73244896497005, 48.01229861391325, -81.78049317455057, -71.52380837144437, 92.23032254749354, 82.11163802311319, -164.88328845018265, 90.47426073656271, -17.439018304663993], 6, 2.7303312641162833e-07, 6.126097608616768e-20

14, 18, 15, [-10.170953882928993, 41.99946192717656, -84.88458539652733, 68.11810439507224, 34.2867850437023, -77.5592872468752, -30.723929132718784, 80.73256730122279, 48.0123175955858, -81.78063749242096, -71.52387175427249, 92.23050143660694, 82.11172785912012, -164.88358220762888, 90.47444846605859, -17.439058586220224], 5, 2.371613425960302e-07, 5.615814443726913e-20

14, 18, 15, [-10.170953285500037, 41.99945653028445, -84.88456677798588, 68.11807763207922, 34.28678674761665, -77.55925512806238, -30.723933937155017, 80.73252626883873, 48.012314269105815, -81.78058541086881, -71.52385268436122, 92.23043506996648, 82.11169883848896, -164.88347369640124, 90.4743766957521, -17.439042806835925], 3, 3.9916843706755547e-07, 7.97106665762884e-20

14, 18, 15, [-10.170952111242732, 41.99944678451346, -84.88453623072742, 68.11803937331983, 34.28678267780218, -77.5592097319926, -30.72393128416318, 80.73247275691588, 48.01229867780002, -81.78052458231193, -71.52381759198613, 92.23036384008748, 82.11165336560276, -164.88335603301485, 90.47430725664616, -17.439028842290284], 3, 4.0012080689719754e-07, 7.970604712776114e-20

14, 18, 15, [-10.170952611424113, 41.999450956120455, -84.88454936648598, 68.11805590522518, 34.28678438320859, -77.55922937912716, -30.723932406496704, 80.73249594630896, 48.012305469712366, -81.78055090344205, -71.52383289734091, 92.23039453098922, 82.11167319575581, -164.88340661442513, 90.47433685534341, -17.43903473895972], 3, 4.008911380739226e-07, 8.001182110578928e-20

14, 18, 15, [-10.17095157620065, 41.99944197319844, -84.88451972921276, 68.11801587362685, 34.286783865275076, -77.55918152399028, -30.723934993373618, 80.73243694132978, 48.012295084505894, -81.78047957299606, -71.52380024066481, 92.23030699434189, 82.11162744128156, -164.8832631637902, 90.47424658922223, -17.439015637591464], 3, 4.0052287428841036e-07, 7.97358758226259e-20

14, 18, 15, [-10.17095275314728, 41.99945228072508, -84.88455412736405, 68.1180631700564, 34.28678335193954, -77.55923810390894, -30.723930187021022, 80.73250750357614, 48.012305211472594, -81.78056635397611, -71.52383709327492, 92.23041503891626, 82.11168042850055, -164.88344018569887, 90.47436021203751, -17.4390400678773], 4, 3.8368192066729847e-07, 7.761762773589399e-20

14, 18, 15, [-10.170954325568504, 41.99946540338521, -84.88459554537225, 68.1181156358681, 34.28678813257362, -77.55930041019874, -30.723932633884754, 80.73258150698447, 48.01232520236969, -81.78065147053799, -71.52388416508681, 92.23051573686469, 82.11174219806395, -164.88360638144306, 90.47445980902455, -17.439060368085297], 5, 2.3882350827212377e-07, 5.799075760658503e-20

14, 18, 15, [-10.170956685087374, 41.999486528471415, -84.88466777654696, 68.11821832994787, 34.2867828387689, -77.55942353268007, -30.723915963293816, 80.73273795956014, 48.01233990411912, -81.78084880202218, -71.5239586654255, 92.23076615169424, 82.11185416003316, -164.88401611686137, 90.47472943356128, -17.439119439315576], 5, 2.3111865020833548e-07, 5.523150063017258e-20

14, 18, 15, [-10.170948640505777, 41.99941642225965, -84.8844349829936, 68.11790018757296, 34.28678432354748, -77.55904331616118, -30.723945807525784, 80.73226511038513, 48.01226961708532, -81.78026869749256, -71.52371009796028, 92.2300444053885, 82.11149839827496, -164.8828322242504, 90.4739695638373, -17.438955936470755], 2, 4.00192018199124e-07, 7.979238092649856e-20

14, 18, 15, [-10.170954942894873, 41.99947090076611, -84.88461426348687, 68.1181421614182, 34.28678679540898, -77.55933217589042, -30.723928301656336, 80.73262186563801, 48.01232886575761, -81.78070247785828, -71.52390318402861, 92.23058067290143, 82.11177086771097, -164.88371277170725, 90.47453016397132, -17.439075851106466], 4, 4.00197059082823e-07, 7.978055062970244e-20

14, 18, 15, [-10.170950979385214, 41.99943688399403, -84.88450326474077, 68.11799424588817, 34.28678285935176, -77.55915574195893, -30.723935353676705, 80.73240565451599, 48.01228833801787, -81.7804425265293, -71.52378183821858, 92.23026220045104, 82.11160240503847, -164.88318954572753, 90.47420114520887, -17.439006157268278], 4, 3.7403519023438307e-07, 7.633617704571641e-20

