9, 15, 15, [231.17548407575256, -999.4749358612726, 1043.7682819619072, 676.340964852759, -813.8431469515963, -1173.7753324104297, 4.5527712376271365, 1314.6523453593509, 1185.4293254279382, -450.04965585350806, -1838.773114830985, -981.7622064743217, 1704.4571137224427, 2135.444087995284, -2905.2878808080973, 866.1460056883012], 3, 0.00018558907606936186, 8.153855375711515e-16

14, 15, 15, [231.1754785482915, -999.4749114439747, 1043.7682550838103, 676.3409489963582, -813.8431247502639, -1173.7753029117112, 4.552768729847427, 1314.6523096239935, 1185.429295721867, -450.0496407967212, -1838.7730644373185, -981.7621824826182, 1704.4570641995783, 2135.444030410119, -2905.287797389166, 866.145980029054], 2, 0.00018536016412128088, 8.155952336339729e-16

15, 15, 14, [350.3793862951758, -1639.5092502560983, 2073.5482034634642, 715.7814493286909, -1920.3308768442778, -1606.5929539005713, 1112.5631057321098, 2606.5032178414185, 666.3127178824066, -2629.8616679412803, -2631.3726655636924, 1975.8836120680724, 4198.746106152598, -4494.474594796399, 1221.4243113591417], 7, 0.00017264445851157778, 7.581423069809532e-16

14, 15, 15, [231.17549848084096, -999.4749982849708, 1043.768348471194, 676.3410063873499, -813.8432000942803, -1173.775406512663, 4.552773943560358, 1314.6524310973575, 1185.4294002216186, -450.04968800923797, -1838.773235149509, -981.7622678532048, 1704.4572279728168, 2135.4442267873924, -2905.288074503475, 866.1460641763706], 2, 0.00018550329717877625, 8.151159551017338e-16

11, 15, 14, [350.37939092914075, -1639.509272996429, 2073.548234632544, 715.7814574504804, -1920.330907434882, -1606.5929760033528, 1112.563126756197, 2606.5032587582887, 666.312723953576, -2629.861713975137, -2631.372706052032, 1975.883650340126, 4198.746176103084, -4494.474676218056, 1221.4243345772202], 3, 0.00017717449797086397, 7.606530324137517e-16

14, 15, 15, [231.17549377509704, -999.4749778741935, 1043.7683266687245, 676.3409928521662, -813.8431826125909, -1173.7753822770994, 4.552772906314825, 1314.652402889744, 1185.429375789487, -450.04967721478636, -1838.7731955166078, -981.7622478766302, 1704.4571900757344, 2135.4441811319857, -2905.288010282124, 866.1460446959339], 5, 0.0001844300243177898, 8.137899953330514e-16

12, 15, 15, [231.17549082533844, -999.4749643579041, 1043.768310900316, 676.340984484354, -813.8431688607146, -1173.7753654316336, 4.552770000358983, 1314.6523808340232, 1185.429358911785, -450.04966626934254, -1838.7731641622975, -981.7622346719187, 1704.4571575653094, 2135.444145844383, -2905.2879559984817, 866.1460275175695], 5, 0.00018433207372652756, 8.137633029509859e-16

15, 15, 15, [231.17547157711783, -999.4748809022957, 1043.7682219372816, 676.3409289391761, -813.8430977637128, -1173.775266284392, 4.552766415375998, 1314.6522661488245, 1185.4292587924003, -450.04962337549773, -1838.7730032694428, -981.7621524324597, 1704.4570050014079, 2135.443960223476, -2905.287697400352, 866.1459495242322], 2, 0.00018549221914331137, 8.151317737605662e-16

15, 15, 15, [231.17548376257454, -999.4749344407159, 1043.7682803342443, 676.3409639551032, -813.8431455576268, -1173.7753306501136, 4.552770996416252, 1314.6523431227433, 1185.4293236535134, -450.04965481992156, -1838.773111666799, -981.7622050563384, 1704.4571105345062, 2135.4440844108017, -2905.2878754804924, 866.1460040332585], 5, 0.00018428533843950558, 8.136657732641043e-16

13, 15, 15, [231.1754762756513, -999.4749018925261, 1043.7682454474595, 676.3409424081146, -813.8431174969377, -1173.7752919100085, 4.55276919070144, 1314.6522978648823, 1185.4292845895525, -450.04963736150063, -1838.7730480707173, -981.7621731329731, 1704.4570496163594, 2135.444011204262, -2905.287772322051, 866.1459727208744], 5, 0.00018550033373105506, 8.153735691008173e-16

